{"O_T_EE": [-0.0130643,-0.00852284,-0.999869,0,-0.85851,-0.512542,0.0155862,0,-0.512617,0.858617,-0.00062094,0,-0.467914,0.513439,-0.206399,1], "O_T_EE_d": [-0.0131051,-0.00838196,-0.999869,0,-0.858513,-0.512537,0.015549,0,-0.51261,0.858621,-0.000479182,0,-0.467911,0.513442,-0.206361,1], "F_T_NE": [0.7071,-0.7071,0,0,0.7071,0.7071,0,0,0,0,1,0,0,0,0.1034,1], "NE_T_EE": [1,0,0,0,0,1,0,0,0,0,1,0,0,0,0,1], "F_T_EE": [0.7071,-0.7071,0,0,0.7071,0.7071,0,0,0,0,1,0,0,0,0.1034,1], "EE_T_K": [1,0,0,0,0,1,0,0,0,0,1,0,0,0,0,1], "m_ee": 0.73, "F_x_Cee": [-0.01,0,0.03], "I_ee": [0.001,0,0,0,0.0025,0,0,0,0.0017], "m_load": 0, "F_x_Cload": [0,0,0], "I_load": [0,0,0,0,0,0,0,0,0], "m_total": 0.73, "F_x_Ctotal": [-0.01,0,0.03], "I_total": [0.001,0,0,0,0.0025,0,0,0,0.0017], "elbow": [-0.137957,-1], "elbow_d": [-0.13797,-1], "elbow_c": [-0.13797,-1], "delbow_c": [0,0], "ddelbow_c": [0,0], "tau_J": [0.449471,-43.4719,-4.30418,10.1318,-0.0618247,-2.78902,0.0926712], "tau_J_d": [0,0,0,0,0,0,0], "dtau_J": [55.2195,-124.538,-152.941,1.49336,-21.9961,-6.09698,70.811], "q": [2.51636,1.64306,-0.137957,-1.24005,-2.70912,1.86233,0.819677], "dq": [-0.00010765,0.000228776,0.00203211,0.00219734,0.000176226,6.98129e-05,-0.00083463], "q_d": [2.51639,1.643,-0.13797,-1.24016,-2.7091,1.86215,0.819664], "dq_d": [0,0,0,0,0,0,0], "ddq_d": [0,0,0,0,0,0,0], "joint_contact": [0,0,0,0,0,0,0], "cartesian_contact": [0,0,0,0,0,0], "joint_collision": [0,0,0,0,0,0,0], "cartesian_collision": [0,0,0,0,0,0], "tau_ext_hat_filtered": [0.461429,0.0113574,0.214689,-1.11625,0.152662,-1.1402,0.0832266], "O_F_ext_hat_K": [6.32724,-7.61817,6.75253,2.34278,2.23211,0.479045], "K_F_ext_hat_K": [-6.76951,-1.42215,-9.78873,-0.172137,-0.57614,0.0951076], "O_dP_EE_d": [0,0,0,0,0,0], "O_ddP_O": [0,0,-9.81], "O_T_EE_c": [-0.0131051,-0.00838196,-0.999869,0,-0.858513,-0.512537,0.015549,0,-0.51261,0.858621,-0.000479182,0,-0.467911,0.513442,-0.206361,1], "O_dP_EE_c": [0,0,0,0,0,0], "O_ddP_EE_c": [0,0,0,0,0,0], "theta": [2.51639,1.64,-0.13826,-1.23934,-2.70913,1.86202,0.819687], "dtheta": [0,0,0,0,0,0,0], "current_errors": [], "last_motion_errors": [], "control_command_success_rate": 0, "robot_mode": "User stopped", "time": 4632483}