{"O_T_EE": [-0.0128925,-0.0238519,-0.999623,0,-0.895514,-0.444459,0.022155,0,-0.444829,0.895479,-0.0156298,0,-0.428734,0.545124,-0.206462,1], "O_T_EE_d": [-0.0129329,-0.0236599,-0.999627,0,-0.895532,-0.444426,0.0221051,0,-0.444791,0.895501,-0.0154408,0,-0.428708,0.545158,-0.20641,1], "F_T_NE": [0.7071,-0.7071,0,0,0.7071,0.7071,0,0,0,0,1,0,0,0,0.1034,1], "NE_T_EE": [1,0,0,0,0,1,0,0,0,0,1,0,0,0,0,1], "F_T_EE": [0.7071,-0.7071,0,0,0.7071,0.7071,0,0,0,0,1,0,0,0,0.1034,1], "EE_T_K": [1,0,0,0,0,1,0,0,0,0,1,0,0,0,0,1], "m_ee": 0.73, "F_x_Cee": [-0.01,0,0.03], "I_ee": [0.001,0,0,0,0.0025,0,0,0,0.0017], "m_load": 0, "F_x_Cload": [0,0,0], "I_load": [0,0,0,0,0,0,0,0,0], "m_total": 0.73, "F_x_Ctotal": [-0.01,0,0.03], "I_total": [0.001,0,0,0,0.0025,0,0,0,0.0017], "elbow": [-0.141774,-1], "elbow_d": [-0.141812,-1], "elbow_c": [-0.141812,-1], "delbow_c": [0,0], "ddelbow_c": [0,0], "tau_J": [0.227303,-43.583,-4.37956,9.86205,0.112125,-2.71852,-0.0400803], "tau_J_d": [0,0,0,0,0,0,0], "dtau_J": [-17.9766,-24.0042,-18.5306,11.4359,7.21058,44.3741,-15.2367], "q": [2.44927,1.63261,-0.141774,-1.25278,-2.70049,1.8771,0.828239], "dq": [0.000581232,0.000456799,-0.00319,0.000205703,-8.9541e-05,0.00501726,-0.000164873], "q_d": [2.44926,1.63256,-0.141812,-1.25288,-2.70046,1.87689,0.828233], "dq_d": [0,0,0,0,0,0,0], "ddq_d": [0,0,0,0,0,0,0], "joint_contact": [0,0,0,0,0,0,0], "cartesian_contact": [0,0,0,0,0,0], "joint_collision": [0,0,0,0,0,0,0], "cartesian_collision": [0,0,0,0,0,0], "tau_ext_hat_filtered": [0.289081,-0.185632,0.217527,-1.19374,0.317196,-1.1302,-0.016803], "O_F_ext_hat_K": [5.89253,-8.422,7.49409,2.77315,2.22231,0.334183], "K_F_ext_hat_K": [-7.36649,-1.3676,-10.28,0.0535142,-0.483984,0.0134851], "O_dP_EE_d": [0,0,0,0,0,0], "O_ddP_O": [0,0,-9.81], "O_T_EE_c": [-0.0129329,-0.0236599,-0.999627,0,-0.895532,-0.444426,0.0221051,0,-0.444791,0.895501,-0.0154408,0,-0.428708,0.545158,-0.20641,1], "O_dP_EE_c": [0,0,0,0,0,0], "O_ddP_EE_c": [0,0,0,0,0,0], "theta": [2.44929,1.62955,-0.142082,-1.25209,-2.70047,1.8768,0.828235], "dtheta": [0,0,0,0,0,0,0], "current_errors": [], "last_motion_errors": [], "control_command_success_rate": 0, "robot_mode": "User stopped", "time": 4511996}