{"O_T_EE": [-0.0108247,-0.00213686,-0.99993,0,-0.946628,-0.322114,0.0109361,0,-0.322121,0.946698,0.00146402,0,-0.344718,0.598831,-0.206123,1], "O_T_EE_d": [-0.0108301,-0.00197809,-0.99993,0,-0.94665,-0.32205,0.0108902,0,-0.322055,0.946719,0.00161532,0,-0.34468,0.598874,-0.206067,1], "F_T_NE": [0.7071,-0.7071,0,0,0.7071,0.7071,0,0,0,0,1,0,0,0,0.1034,1], "NE_T_EE": [1,0,0,0,0,1,0,0,0,0,1,0,0,0,0,1], "F_T_EE": [0.7071,-0.7071,0,0,0.7071,0.7071,0,0,0,0,1,0,0,0,0.1034,1], "EE_T_K": [1,0,0,0,0,1,0,0,0,0,1,0,0,0,0,1], "m_ee": 0.73, "F_x_Cee": [-0.01,0,0.03], "I_ee": [0.001,0,0,0,0.0025,0,0,0,0.0017], "m_load": 0, "F_x_Cload": [0,0,0], "I_load": [0,0,0,0,0,0,0,0,0], "m_total": 0.73, "F_x_Ctotal": [-0.01,0,0.03], "I_total": [0.001,0,0,0,0.0025,0,0,0,0.0017], "elbow": [-0.285664,-1], "elbow_d": [-0.285709,-1], "elbow_c": [-0.285709,-1], "delbow_c": [0,0], "ddelbow_c": [0,0], "tau_J": [-0.149589,-42.1151,-8.05326,8.40606,0.25861,-2.61873,0.0111892], "tau_J_d": [0,0,0,0,0,0,0], "dtau_J": [-51.5643,5.25651,20.5471,-133.342,24.6117,0.786963,5.5502], "q": [2.44168,1.66956,-0.285664,-1.24591,-2.55789,1.90902,0.914127], "dq": [0.000599033,0.000508411,-0.000118052,0.00159565,-0.000188814,-4.53301e-05,-0.000410041], "q_d": [2.44166,1.66948,-0.285709,-1.246,-2.55785,1.90888,0.914118], "dq_d": [0,0,0,0,0,0,0], "ddq_d": [0,0,0,0,0,0,0], "joint_contact": [0,0,0,0,0,0,0], "cartesian_contact": [0,0,0,0,0,0], "joint_collision": [0,0,0,0,0,0,0], "cartesian_collision": [0,0,0,0,0,0], "tau_ext_hat_filtered": [-0.161856,0.216992,0.18265,-1.43949,0.423739,-0.98256,0.0261933], "O_F_ext_hat_K": [4.85694,-8.31961,6.47369,2.56234,1.46612,-0.0552862], "K_F_ext_hat_K": [-6.50815,-1.84709,-9.43119,0.00985241,-0.455221,0.0940379], "O_dP_EE_d": [0,0,0,0,0,0], "O_ddP_O": [0,0,-9.81], "O_T_EE_c": [-0.0108301,-0.00197809,-0.99993,0,-0.94665,-0.32205,0.0108902,0,-0.322055,0.946719,0.00161532,0,-0.34468,0.598874,-0.206067,1], "O_dP_EE_c": [0,0,0,0,0,0], "O_ddP_EE_c": [0,0,0,0,0,0], "theta": [2.44167,1.6666,-0.286228,-1.24532,-2.55786,1.90872,0.914128], "dtheta": [0,0,0,0,0,0,0], "current_errors": [], "last_motion_errors": [], "control_command_success_rate": 0, "robot_mode": "User stopped", "time": 4853341}