{"O_T_EE": [-0.0119697,-0.0134611,-0.999828,0,-0.918634,-0.394749,0.0163123,0,-0.394908,0.918689,-0.00764092,0,-0.387376,0.5731,-0.206473,1], "O_T_EE_d": [-0.0119507,-0.0133799,-0.999829,0,-0.918683,-0.394635,0.0162618,0,-0.394793,0.918739,-0.00757586,0,-0.387297,0.573108,-0.206472,1], "F_T_NE": [0.7071,-0.7071,0,0,0.7071,0.7071,0,0,0,0,1,0,0,0,0.1034,1], "NE_T_EE": [1,0,0,0,0,1,0,0,0,0,1,0,0,0,0,1], "F_T_EE": [0.7071,-0.7071,0,0,0.7071,0.7071,0,0,0,0,1,0,0,0,0.1034,1], "EE_T_K": [1,0,0,0,0,1,0,0,0,0,1,0,0,0,0,1], "m_ee": 0.73, "F_x_Cee": [-0.01,0,0.03], "I_ee": [0.001,0,0,0,0.0025,0,0,0,0.0017], "m_load": 0, "F_x_Cload": [0,0,0], "I_load": [0,0,0,0,0,0,0,0,0], "m_total": 0.73, "F_x_Ctotal": [-0.01,0,0.03], "I_total": [0.001,0,0,0,0.0025,0,0,0,0.0017], "elbow": [-0.163441,-1], "elbow_d": [-0.163455,-1], "elbow_c": [-0.163455,-1], "delbow_c": [0,0], "ddelbow_c": [0,0], "tau_J": [-0.149589,-42.8292,-4.86754,9.32647,0.322697,-2.6288,0.0111892], "tau_J_d": [0,0,0,0,0,0,0], "dtau_J": [19.5919,-20.2838,0.0955745,4.46923,2.76754,2.17583,-42.5118], "q": [2.39498,1.63655,-0.163441,-1.25988,-2.69934,1.86793,0.846334], "dq": [0.000237782,0.000305386,1.91678e-05,0.000275829,-0.000356378,3.10784e-05,0.000349459], "q_d": [2.39494,1.63652,-0.163455,-1.26003,-2.69926,1.86776,0.846328], "dq_d": [0,0,0,0,0,0,0], "ddq_d": [0,0,0,0,0,0,0], "joint_contact": [0,0,0,0,0,0,0], "cartesian_contact": [0,0,0,0,0,0], "joint_collision": [0,0,0,0,0,0,0], "cartesian_collision": [0,0,0,0,0,0], "tau_ext_hat_filtered": [-0.0743665,0.310029,0.312448,-1.47468,0.492396,-1.00062,0.0406541], "O_F_ext_hat_K": [5.41915,-8.55081,6.6193,2.45677,1.72682,0.000721504], "K_F_ext_hat_K": [-6.56805,-1.49485,-10.0462,0.19696,-0.508352,0.0909273], "O_dP_EE_d": [0,0,0,0,0,0], "O_ddP_O": [0,0,-9.81], "O_T_EE_c": [-0.0119507,-0.0133799,-0.999829,0,-0.918683,-0.394635,0.0162618,0,-0.394793,0.918739,-0.00757586,0,-0.387297,0.573108,-0.206472,1], "O_dP_EE_c": [0,0,0,0,0,0], "O_ddP_EE_c": [0,0,0,0,0,0], "theta": [2.39497,1.63354,-0.163781,-1.25923,-2.6993,1.86764,0.846336], "dtheta": [0,0,0,0,0,0,0], "current_errors": [], "last_motion_errors": [], "control_command_success_rate": 0, "robot_mode": "User stopped", "time": 4489078}