{"O_T_EE": [-0.0142421,0.0149306,-0.999777,0,-0.999452,-0.0297738,0.0137929,0,-0.0295618,0.999445,0.0153468,0,-0.156132,0.667536,-0.205449,1], "O_T_EE_d": [-0.014194,0.0150567,-0.999776,0,-0.999455,-0.0296999,0.0137422,0,-0.0294869,0.999445,0.0154703,0,-0.156077,0.667541,-0.205425,1], "F_T_NE": [0.7071,-0.7071,0,0,0.7071,0.7071,0,0,0,0,1,0,0,0,0.1034,1], "NE_T_EE": [1,0,0,0,0,1,0,0,0,0,1,0,0,0,0,1], "F_T_EE": [0.7071,-0.7071,0,0,0.7071,0.7071,0,0,0,0,1,0,0,0,0.1034,1], "EE_T_K": [1,0,0,0,0,1,0,0,0,0,1,0,0,0,0,1], "m_ee": 0.73, "F_x_Cee": [-0.01,0,0.03], "I_ee": [0.001,0,0,0,0.0025,0,0,0,0.0017], "m_load": 0, "F_x_Cload": [0,0,0], "I_load": [0,0,0,0,0,0,0,0,0], "m_total": 0.73, "F_x_Ctotal": [-0.01,0,0.03], "I_total": [0.001,0,0,0,0.0025,0,0,0,0.0017], "elbow": [-0.071427,-1], "elbow_d": [-0.0714698,-1], "elbow_c": [-0.0714698,-1], "delbow_c": [0,0], "ddelbow_c": [0,0], "tau_J": [-0.558219,-42.7538,-2.99101,9.78668,0.331852,-2.63887,0.0816849], "tau_J_d": [0,0,0,0,0,0,0], "dtau_J": [-2.88897,-44.0633,151.171,92.931,3.70428,-15.9691,24.2885], "q": [1.94976,1.62506,-0.071427,-1.28766,-2.77869,1.79448,0.785523], "dq": [-0.000422269,0.000806057,0.0054258,0.00384046,-6.7266e-05,0.000397846,-0.0001788], "q_d": [1.94974,1.62504,-0.0714698,-1.28773,-2.77864,1.79431,0.785521], "dq_d": [0,0,0,0,0,0,0], "ddq_d": [0,0,0,0,0,0,0], "joint_contact": [0,0,0,0,0,0,0], "cartesian_contact": [0,0,0,0,0,0], "joint_collision": [0,0,0,0,0,0,0], "cartesian_collision": [0,0,0,0,0,0], "tau_ext_hat_filtered": [-0.47767,0.297552,-0.219552,-1.04992,0.516724,-0.964331,0.085976], "O_F_ext_hat_K": [2.17683,-7.22409,4.68042,2.22114,0.387999,-0.479499], "K_F_ext_hat_K": [-4.81833,-1.89603,-7.2126,0.147535,-0.585873,0.0848597], "O_dP_EE_d": [0,0,0,0,0,0], "O_ddP_O": [0,0,-9.81], "O_T_EE_c": [-0.014194,0.0150567,-0.999776,0,-0.999455,-0.0296999,0.0137422,0,-0.0294869,0.999445,0.0154703,0,-0.156077,0.667541,-0.205425,1], "O_dP_EE_c": [0,0,0,0,0,0], "O_ddP_EE_c": [0,0,0,0,0,0], "theta": [1.94972,1.62206,-0.0716369,-1.28697,-2.77865,1.79418,0.785532], "dtheta": [0,0,0.0250006,0,0,0,0], "current_errors": [], "last_motion_errors": [], "control_command_success_rate": 0, "robot_mode": "User stopped", "time": 5139442}