{"O_T_EE": [-0.014708,-0.0123367,-0.999806,0,-0.965677,-0.259126,0.0174033,0,-0.259295,0.965764,-0.00810223,0,-0.299735,0.621245,-0.205932,1], "O_T_EE_d": [-0.0146854,-0.0122969,-0.999807,0,-0.965692,-0.259071,0.0173707,0,-0.259239,0.965779,-0.0080706,0,-0.299695,0.621234,-0.205932,1], "F_T_NE": [0.7071,-0.7071,0,0,0.7071,0.7071,0,0,0,0,1,0,0,0,0.1034,1], "NE_T_EE": [1,0,0,0,0,1,0,0,0,0,1,0,0,0,0,1], "F_T_EE": [0.7071,-0.7071,0,0,0.7071,0.7071,0,0,0,0,1,0,0,0,0.1034,1], "EE_T_K": [1,0,0,0,0,1,0,0,0,0,1,0,0,0,0,1], "m_ee": 0.73, "F_x_Cee": [-0.01,0,0.03], "I_ee": [0.001,0,0,0,0.0025,0,0,0,0.0017], "m_load": 0, "F_x_Cload": [0,0,0], "I_load": [0,0,0,0,0,0,0,0,0], "m_total": 0.73, "F_x_Ctotal": [-0.01,0,0.03], "I_total": [0.001,0,0,0,0.0025,0,0,0,0.0017], "elbow": [-0.329342,-1], "elbow_d": [-0.329331,-1], "elbow_c": [-0.329331,-1], "delbow_c": [0,0], "ddelbow_c": [0,0], "tau_J": [0.0765462,-41.8136,-9.06492,8.33068,0.0938149,-2.43837,0.0514724], "tau_J_d": [0,0,0,0,0,0,0], "dtau_J": [-77.3561,-32.0104,53.9699,-61.6399,-10.0831,15.7169,10.6835], "q": [2.40971,1.67437,-0.329342,-1.2553,-2.52383,1.93466,0.953378], "dq": [0.000862845,0.000233697,-0.00104098,0.0032716,0.000453,-0.000122795,-0.000261072], "q_d": [2.40971,1.67434,-0.329331,-1.25541,-2.52379,1.93455,0.953374], "dq_d": [0,0,0,0,0,0,0], "ddq_d": [0,0,0,0,0,0,0], "joint_contact": [0,0,0,0,0,0,0], "cartesian_contact": [0,0,0,0,0,0], "joint_collision": [0,0,0,0,0,0,0], "cartesian_collision": [0,0,0,0,0,0], "tau_ext_hat_filtered": [0.0711174,0.197295,0.248814,-1.07079,0.283008,-0.825229,0.0551122], "O_F_ext_hat_K": [3.17963,-6.87966,4.78333,2.00723,1.01034,0.150766], "K_F_ext_hat_K": [-4.74439,-1.20458,-7.50735,-0.0735362,-0.495651,0.105668], "O_dP_EE_d": [0,0,0,0,0,0], "O_ddP_O": [0,0,-9.81], "O_T_EE_c": [-0.0146854,-0.0122969,-0.999807,0,-0.965692,-0.259071,0.0173707,0,-0.259239,0.965779,-0.0080706,0,-0.299695,0.621234,-0.205932,1], "O_dP_EE_c": [0,0,0,0,0,0], "O_ddP_EE_c": [0,0,0,0,0,0], "theta": [2.40972,1.67143,-0.329978,-1.25471,-2.52382,1.93439,0.953383], "dtheta": [0,0,0,0,0,0,0], "current_errors": [], "last_motion_errors": [], "control_command_success_rate": 0, "robot_mode": "User stopped", "time": 4873326}