{"O_T_EE": [-0.0131466,-0.0242183,-0.999611,0,-0.983008,-0.182688,0.0173544,0,-0.18304,0.982872,-0.0214055,0,-0.25337,0.640199,-0.205678,1], "O_T_EE_d": [-0.0130949,-0.0241876,-0.999612,0,-0.983033,-0.182559,0.0172951,0,-0.18291,0.982897,-0.021387,0,-0.253284,0.640189,-0.205679,1], "F_T_NE": [0.7071,-0.7071,0,0,0.7071,0.7071,0,0,0,0,1,0,0,0,0.1034,1], "NE_T_EE": [1,0,0,0,0,1,0,0,0,0,1,0,0,0,0,1], "F_T_EE": [0.7071,-0.7071,0,0,0.7071,0.7071,0,0,0,0,1,0,0,0,0.1034,1], "EE_T_K": [1,0,0,0,0,1,0,0,0,0,1,0,0,0,0,1], "m_ee": 0.73, "F_x_Cee": [-0.01,0,0.03], "I_ee": [0.001,0,0,0,0.0025,0,0,0,0.0017], "m_load": 0, "F_x_Cload": [0,0,0], "I_load": [0,0,0,0,0,0,0,0,0], "m_total": 0.73, "F_x_Ctotal": [-0.01,0,0.03], "I_total": [0.001,0,0,0,0.0025,0,0,0,0.0017], "elbow": [-0.347495,-1], "elbow_d": [-0.347507,-1], "elbow_c": [-0.347507,-1], "delbow_c": [0,0], "ddelbow_c": [0,0], "tau_J": [-0.221,-41.4367,-9.33073,8.13629,0.304386,-2.44844,0.112813], "tau_J_d": [0,0,0,0,0,0,0], "dtau_J": [-148.973,26.731,38.9502,-29.0846,-12.5932,28.4833,-27.6071], "q": [2.3573,1.67011,-0.347495,-1.26634,-2.50177,1.95655,0.964353], "dq": [0.000773993,-0.000613045,-0.00145942,-0.000570021,-8.43451e-06,-0.00033776,0.000380195], "q_d": [2.35728,1.67007,-0.347507,-1.26652,-2.5017,1.95644,0.964354], "dq_d": [0,0,0,0,0,0,0], "ddq_d": [0,0,0,0,0,0,0], "joint_contact": [0,0,0,0,0,0,0], "cartesian_contact": [0,0,0,0,0,0], "joint_collision": [0,0,0,0,0,0,0], "cartesian_collision": [0,0,0,0,0,0], "tau_ext_hat_filtered": [-0.172216,0.312493,0.448236,-0.957939,0.476483,-0.878314,0.144567], "O_F_ext_hat_K": [2.31808,-6.29503,3.38667,1.62022,0.740741,-0.0529846], "K_F_ext_hat_K": [-3.26343,-1.06992,-6.684,0.14532,-0.802639,0.220092], "O_dP_EE_d": [0,0,0,0,0,0], "O_ddP_O": [0,0,-9.81], "O_T_EE_c": [-0.0130949,-0.0241876,-0.999612,0,-0.983033,-0.182559,0.0172951,0,-0.18291,0.982897,-0.021387,0,-0.253284,0.640189,-0.205679,1], "O_dP_EE_c": [0,0,0,0,0,0], "O_ddP_EE_c": [0,0,0,0,0,0], "theta": [2.35728,1.6672,-0.34815,-1.26577,-2.50174,1.95628,0.964366], "dtheta": [0,0,0,0,0,0,0], "current_errors": [], "last_motion_errors": [], "control_command_success_rate": 0, "robot_mode": "User stopped", "time": 4896816}