{"O_T_EE": [-0.01499,-0.0083602,-0.999843,0,-0.992261,0.123319,0.0138452,0,0.123187,0.992332,-0.0101442,0,-0.0572344,0.679322,-0.205353,1], "O_T_EE_d": [-0.0148681,-0.00841442,-0.999844,0,-0.992247,0.123443,0.0137163,0,0.12331,0.992316,-0.0101847,0,-0.0571332,0.679259,-0.205386,1], "F_T_NE": [0.7071,-0.7071,0,0,0.7071,0.7071,0,0,0,0,1,0,0,0,0.1034,1], "NE_T_EE": [1,0,0,0,0,1,0,0,0,0,1,0,0,0,0,1], "F_T_EE": [0.7071,-0.7071,0,0,0.7071,0.7071,0,0,0,0,1,0,0,0,0.1034,1], "EE_T_K": [1,0,0,0,0,1,0,0,0,0,1,0,0,0,0,1], "m_ee": 0.73, "F_x_Cee": [-0.01,0,0.03], "I_ee": [0.001,0,0,0,0.0025,0,0,0,0.0017], "m_load": 0, "F_x_Cload": [0,0,0], "I_load": [0,0,0,0,0,0,0,0,0], "m_total": 0.73, "F_x_Ctotal": [-0.01,0,0.03], "I_total": [0.001,0,0,0,0.0025,0,0,0,0.0017], "elbow": [-0.349423,-1], "elbow_d": [-0.349442,-1], "elbow_c": [-0.349442,-1], "delbow_c": [0,0], "ddelbow_c": [0,0], "tau_J": [-0.296379,-40.794,-9.59257,7.41027,0.322697,-2.37794,0.0514724], "tau_J_d": [0,0,0,0,0,0,0], "dtau_J": [-61.2171,100.643,-8.424,69.687,-4.26397,35.583,50.5354], "q": [2.08234,1.6678,-0.349423,-1.29014,-2.4712,1.93484,0.963885], "dq": [0.000149295,-0.000359686,4.78125e-05,-0.000240892,0.000354279,-0.000334837,-0.00153707], "q_d": [2.08232,1.6678,-0.349442,-1.29035,-2.47115,1.93475,0.963875], "dq_d": [0,0,0,0,0,0,0], "ddq_d": [0,0,0,0,0,0,0], "joint_contact": [0,0,0,0,0,0,0], "cartesian_contact": [0,0,0,0,0,0], "joint_collision": [0,0,0,0,0,0,0], "cartesian_collision": [0,0,0,0,0,0], "tau_ext_hat_filtered": [-0.284547,0.588407,0.391819,-1.33834,0.487644,-0.78509,0.0256425], "O_F_ext_hat_K": [0.616325,-7.26402,3.77899,1.74376,0.107861,-0.160487], "K_F_ext_hat_K": [-3.72698,-1.45506,-7.17073,0.147346,-0.663057,0.101921], "O_dP_EE_d": [0,0,0,0,0,0], "O_ddP_O": [0,0,-9.81], "O_T_EE_c": [-0.0148681,-0.00841442,-0.999844,0,-0.992247,0.123443,0.0137163,0,0.12331,0.992316,-0.0101847,0,-0.0571332,0.679259,-0.205386,1], "O_dP_EE_c": [0,0,0,0,0,0], "O_ddP_EE_c": [0,0,0,0,0,0], "theta": [2.08232,1.66493,-0.350096,-1.28962,-2.47116,1.93458,0.963891], "dtheta": [0,0,0,0,0,0,0], "current_errors": [], "last_motion_errors": [], "control_command_success_rate": 0, "robot_mode": "User stopped", "time": 5467818}