{"O_T_EE": [0.00573787,0.0180426,-0.999811,0,-0.96262,0.27082,-0.00063721,0,0.270762,0.96246,0.0189225,0,0.0426885,0.676243,-0.205702,1], "O_T_EE_d": [0.00578973,0.0181008,-0.99981,0,-0.962595,0.270909,-0.000669631,0,0.270851,0.962434,0.0189926,0,0.0427476,0.676231,-0.205688,1], "F_T_NE": [0.7071,-0.7071,0,0,0.7071,0.7071,0,0,0,0,1,0,0,0,0.1034,1], "NE_T_EE": [1,0,0,0,0,1,0,0,0,0,1,0,0,0,0,1], "F_T_EE": [0.7071,-0.7071,0,0,0.7071,0.7071,0,0,0,0,1,0,0,0,0.1034,1], "EE_T_K": [1,0,0,0,0,1,0,0,0,0,1,0,0,0,0,1], "m_ee": 0.73, "F_x_Cee": [-0.01,0,0.03], "I_ee": [0.001,0,0,0,0.0025,0,0,0,0.0017], "m_load": 0, "F_x_Cload": [0,0,0], "I_load": [0,0,0,0,0,0,0,0,0], "m_total": 0.73, "F_x_Ctotal": [-0.01,0,0.03], "I_total": [0.001,0,0,0,0.0025,0,0,0,0.0017], "elbow": [-0.196344,-1], "elbow_d": [-0.196372,-1], "elbow_c": [-0.196372,-1], "delbow_c": [0,0], "ddelbow_c": [0,0], "tau_J": [-0.221,-41.7382,-6.06566,8.98132,0.377628,-2.48872,0.0514724], "tau_J_d": [0,0,0,0,0,0,0], "dtau_J": [-101.464,30.8314,-38.7194,-49.6239,-12.17,-14.3844,19.7962], "q": [1.79356,1.63597,-0.196344,-1.30791,-2.62076,1.81862,0.858434], "dq": [0.000292011,-0.0001207,0.000490612,0.000135634,0.000434065,6.87909e-05,-0.00131815], "q_d": [1.79352,1.63596,-0.196372,-1.30797,-2.62071,1.81853,0.858435], "dq_d": [0,0,0,0,0,0,0], "ddq_d": [0,0,0,0,0,0,0], "joint_contact": [0,0,0,0,0,0,0], "cartesian_contact": [0,0,0,0,0,0], "joint_collision": [0,0,0,0,0,0,0], "cartesian_collision": [0,0,0,0,0,0], "tau_ext_hat_filtered": [-0.266396,0.506829,0.0729077,-0.879195,0.521952,-0.79749,0.0401495], "O_F_ext_hat_K": [-0.330233,-5.49073,2.55189,1.32247,-0.186261,-0.247297], "K_F_ext_hat_K": [-2.65242,-1.17076,-5.32573,0.237716,-0.738252,0.0523618], "O_dP_EE_d": [0,0,0,0,0,0], "O_ddP_O": [0,0,-9.81], "O_T_EE_c": [0.00578973,0.0181008,-0.99981,0,-0.962595,0.270909,-0.000669631,0,0.270851,0.962434,0.0189926,0,0.0427476,0.676231,-0.205688,1], "O_dP_EE_c": [0,0,0,0,0,0], "O_ddP_EE_c": [0,0,0,0,0,0], "theta": [1.79355,1.63304,-0.196768,-1.30728,-2.62072,1.81835,0.85844], "dtheta": [0,0,0,0,0,0,0], "current_errors": [], "last_motion_errors": [], "control_command_success_rate": 0, "robot_mode": "User stopped", "time": 782796}