{"O_T_EE": [-0.0297449,0.00970796,-0.999501,0,-0.701681,0.711935,0.0277968,0,0.711863,0.702171,-0.0143648,0,0.366387,0.564706,-0.196453,1], "O_T_EE_d": [-0.029609,0.00982847,-0.999504,0,-0.701674,0.711943,0.0277869,0,0.711876,0.702162,-0.0141838,0,0.366417,0.564707,-0.196397,1], "F_T_NE": [0.7071,-0.7071,0,0,0.7071,0.7071,0,0,0,0,1,0,0,0,0.1034,1], "NE_T_EE": [1,0,0,0,0,1,0,0,0,0,1,0,0,0,0,1], "F_T_EE": [0.7071,-0.7071,0,0,0.7071,0.7071,0,0,0,0,1,0,0,0,0.1034,1], "EE_T_K": [1,0,0,0,0,1,0,0,0,0,1,0,0,0,0,1], "m_ee": 0.73, "F_x_Cee": [-0.01,0,0.03], "I_ee": [0.001,0,0,0,0.0025,0,0,0,0.0017], "m_load": 0, "F_x_Cload": [0,0,0], "I_load": [0,0,0,0,0,0,0,0,0], "m_total": 0.73, "F_x_Ctotal": [-0.01,0,0.03], "I_total": [0.001,0,0,0,0.0025,0,0,0,0.0017], "elbow": [2.67459,-1], "elbow_d": [2.67455,-1], "elbow_c": [2.67455,-1], "delbow_c": [0,0], "ddelbow_c": [0,0], "tau_J": [0.0368734,39.3967,-12.818,5.64483,0.286076,-2.60866,0.071614], "tau_J_d": [0,0,0,0,0,0,0], "dtau_J": [54.6072,41.3468,-26.146,-37.0456,10.9339,5.44979,23.4601], "q": [-1.58078,-1.67713,2.67459,-1.35262,-2.33782,1.99282,1.06273], "dq": [-0.000543139,-0.000309045,0.000740096,0.0018107,5.52069e-05,5.01644e-05,0.00091258], "q_d": [-1.58077,-1.67709,2.67455,-1.35269,-2.33778,1.99266,1.06275], "dq_d": [0,0,0,0,0,0,0], "ddq_d": [0,0,0,0,0,0,0], "joint_contact": [0,0,0,0,0,0,0], "cartesian_contact": [0,0,0,0,0,0], "joint_collision": [0,0,0,0,0,0,0], "cartesian_collision": [0,0,0,0,0,0], "tau_ext_hat_filtered": [-0.0615159,-0.380215,0.285947,-0.978632,0.468983,-1.04223,0.0727537], "O_F_ext_hat_K": [-3.45448,-5.23511,2.60891,1.30994,-0.963922,0.0426162], "K_F_ext_hat_K": [-2.55573,-1.23062,-6.17254,-0.0423365,-1.09565,0.133531], "O_dP_EE_d": [0,0,0,0,0,0], "O_ddP_O": [0,0,-9.81], "O_T_EE_c": [-0.029609,0.00982847,-0.999504,0,-0.701674,0.711943,0.0277869,0,0.711876,0.702162,-0.0141838,0,0.366417,0.564707,-0.196397,1], "O_dP_EE_c": [0,0,0,0,0,0], "O_ddP_EE_c": [0,0,0,0,0,0], "theta": [-1.58077,-1.67437,2.67369,-1.35222,-2.33779,1.99253,1.06274], "dtheta": [0,0,0,0,0,0,0], "current_errors": [], "last_motion_errors": [], "control_command_success_rate": 0, "robot_mode": "User stopped", "time": 8964372}