{"O_T_EE": [-0.0514519,-0.0312173,-0.998178,0,-0.807665,0.589169,0.0232059,0,0.587382,0.807403,-0.055528,0,0.279085,0.616872,-0.19627,1], "O_T_EE_d": [-0.0513764,-0.031246,-0.998181,0,-0.807676,0.589157,0.0231288,0,0.587374,0.80741,-0.0555065,0,0.279085,0.61684,-0.196284,1], "F_T_NE": [0.7071,-0.7071,0,0,0.7071,0.7071,0,0,0,0,1,0,0,0,0.1034,1], "NE_T_EE": [1,0,0,0,0,1,0,0,0,0,1,0,0,0,0,1], "F_T_EE": [0.7071,-0.7071,0,0,0.7071,0.7071,0,0,0,0,1,0,0,0,0.1034,1], "EE_T_K": [1,0,0,0,0,1,0,0,0,0,1,0,0,0,0,1], "m_ee": 0.73, "F_x_Cee": [-0.01,0,0.03], "I_ee": [0.001,0,0,0,0.0025,0,0,0,0.0017], "m_load": 0, "F_x_Cload": [0,0,0], "I_load": [0,0,0,0,0,0,0,0,0], "m_total": 0.73, "F_x_Ctotal": [-0.01,0,0.03], "I_total": [0.001,0,0,0,0.0025,0,0,0,0.0017], "elbow": [2.6596,-1], "elbow_d": [2.65961,-1], "elbow_c": [2.65961,-1], "delbow_c": [0,0], "ddelbow_c": [0,0], "tau_J": [0.263009,38.9802,-12.7029,5.98998,-0.40881,-2.2278,0.0926712], "tau_J_d": [0,0,0,0,0,0,0], "dtau_J": [-213.159,-39.4519,59.0798,-16.9978,9.97491,15.021,-60.3119], "q": [-1.42848,-1.66388,2.6596,-1.35663,-2.36673,2.04665,1.0743], "dq": [0.00142562,-0.000447188,-0.000329061,0.000956174,0.00960724,-0.000302063,0.00016469], "q_d": [-1.42845,-1.6639,2.65961,-1.3567,-2.36673,2.04655,1.07428], "dq_d": [0,0,0,0,0,0,0], "ddq_d": [0,0,0,0,0,0,0], "joint_contact": [0,0,0,0,0,0,0], "cartesian_contact": [0,0,0,0,0,0], "joint_collision": [0,0,0,0,0,0,0], "cartesian_collision": [0,0,0,0,0,0], "tau_ext_hat_filtered": [0.344385,-0.92828,0.73077,-0.622378,-0.191634,-0.782817,0.138926], "O_F_ext_hat_K": [-1.6874,-4.06351,0.147546,0.264566,-0.0896679,0.493271], "K_F_ext_hat_K": [0.0663958,-1.02783,-4.28023,-0.62349,-0.994411,0.231289], "O_dP_EE_d": [0,0,0,0,0,0], "O_ddP_O": [0,0,-9.81], "O_T_EE_c": [-0.0513764,-0.031246,-0.998181,0,-0.807676,0.589157,0.0231288,0,0.587374,0.80741,-0.0555065,0,0.279085,0.61684,-0.196284,1], "O_dP_EE_c": [0,0,0,0,0,0], "O_ddP_EE_c": [0,0,0,0,0,0], "theta": [-1.42846,-1.66114,2.65871,-1.35621,-2.36677,2.0464,1.07431], "dtheta": [0,0,0,0,0.0371368,0,0], "current_errors": [], "last_motion_errors": [], "control_command_success_rate": 0, "robot_mode": "User stopped", "time": 6595471}