{"O_T_EE": [-0.0428035,0.00265454,-0.99907,0,-0.749952,0.660609,0.0338857,0,0.660098,0.75072,-0.0262861,0,0.323984,0.592105,-0.196162,1], "O_T_EE_d": [-0.0427089,0.00277191,-0.999074,0,-0.749943,0.66062,0.0338918,0,0.660115,0.75071,-0.0261361,0,0.324016,0.592127,-0.196098,1], "F_T_NE": [0.7071,-0.7071,0,0,0.7071,0.7071,0,0,0,0,1,0,0,0,0.1034,1], "NE_T_EE": [1,0,0,0,0,1,0,0,0,0,1,0,0,0,0,1], "F_T_EE": [0.7071,-0.7071,0,0,0.7071,0.7071,0,0,0,0,1,0,0,0,0.1034,1], "EE_T_K": [1,0,0,0,0,1,0,0,0,0,1,0,0,0,0,1], "m_ee": 0.73, "F_x_Cee": [-0.01,0,0.03], "I_ee": [0.001,0,0,0,0.0025,0,0,0,0.0017], "m_load": 0, "F_x_Cload": [0,0,0], "I_load": [0,0,0,0,0,0,0,0,0], "m_total": 0.73, "F_x_Ctotal": [-0.01,0,0.03], "I_total": [0.001,0,0,0,0.0025,0,0,0,0.0017], "elbow": [2.68571,-1], "elbow_d": [2.68567,-1], "elbow_c": [2.68567,-1], "delbow_c": [0,0], "ddelbow_c": [0,0], "tau_J": [0.0368734,39.8093,-12.5165,6.02966,0.341007,-2.58852,0.0514724], "tau_J_d": [0,0,0,0,0,0,0], "dtau_J": [-135.842,-130.899,41.3341,93.3077,-13.2017,-0.393825,-20.2428], "q": [-1.52013,-1.66544,2.68571,-1.3522,-2.35288,2.00254,1.05847], "dq": [0.000906151,0.000190566,0.000718717,-0.00171506,5.4348e-05,-6.93888e-06,0.00112527], "q_d": [-1.52013,-1.66537,2.68567,-1.35225,-2.35286,2.00244,1.05848], "dq_d": [0,0,0,0,0,0,0], "ddq_d": [0,0,0,0,0,0,0], "joint_contact": [0,0,0,0,0,0,0], "cartesian_contact": [0,0,0,0,0,0], "joint_collision": [0,0,0,0,0,0,0], "cartesian_collision": [0,0,0,0,0,0], "tau_ext_hat_filtered": [0.0657892,-0.230822,0.332977,-0.922139,0.525666,-1.03991,0.0907078], "O_F_ext_hat_K": [-3.42526,-5.56797,2.9563,1.56634,-0.897777,0.152257], "K_F_ext_hat_K": [-2.82177,-1.00932,-6.5187,0.0313459,-1.08771,0.141986], "O_dP_EE_d": [0,0,0,0,0,0], "O_ddP_O": [0,0,-9.81], "O_T_EE_c": [-0.0427089,0.00277191,-0.999074,0,-0.749943,0.66062,0.0338918,0,0.660115,0.75071,-0.0261361,0,0.324016,0.592127,-0.196098,1], "O_dP_EE_c": [0,0,0,0,0,0], "O_ddP_EE_c": [0,0,0,0,0,0], "theta": [-1.52012,-1.66264,2.68483,-1.35178,-2.35284,2.00226,1.05848], "dtheta": [0,0,0,0,0,0,0], "current_errors": [], "last_motion_errors": [], "control_command_success_rate": 0, "robot_mode": "User stopped", "time": 6539030}