{"O_T_EE": [-0.027168,-0.0260799,-0.999281,0,-0.881714,0.47162,0.011663,0,0.470986,0.881414,-0.0358086,0,0.190294,0.646345,-0.204729,1], "O_T_EE_d": [-0.0271198,-0.0260409,-0.999283,0,-0.881684,0.471676,0.0116366,0,0.471044,0.881385,-0.0357523,0,0.190337,0.646326,-0.204713,1], "F_T_NE": [0.7071,-0.7071,0,0,0.7071,0.7071,0,0,0,0,1,0,0,0,0.1034,1], "NE_T_EE": [1,0,0,0,0,1,0,0,0,0,1,0,0,0,0,1], "F_T_EE": [0.7071,-0.7071,0,0,0.7071,0.7071,0,0,0,0,1,0,0,0,0.1034,1], "EE_T_K": [1,0,0,0,0,1,0,0,0,0,1,0,0,0,0,1], "m_ee": 0.73, "F_x_Cee": [-0.01,0,0.03], "I_ee": [0.001,0,0,0,0.0025,0,0,0,0.0017], "m_load": 0, "F_x_Cload": [0,0,0], "I_load": [0,0,0,0,0,0,0,0,0], "m_total": 0.73, "F_x_Ctotal": [-0.01,0,0.03], "I_total": [0.001,0,0,0,0.0025,0,0,0,0.0017], "elbow": [-0.309665,-1], "elbow_d": [-0.309684,-1], "elbow_c": [-0.309684,-1], "delbow_c": [0,0], "ddelbow_c": [0,0], "tau_J": [0.0765462,-41.2463,-8.76738,7.8308,0.221989,-2.26808,0.0615432], "tau_J_d": [0,0,0,0,0,0,0], "dtau_J": [-49.2752,-120.262,53.6997,-286.131,-9.89487,0.240283,10.5115], "q": [1.68548,1.62478,-0.309665,-1.34854,-2.52368,1.92025,0.954891], "dq": [0.000638323,0.00146603,0.000654276,0.00323122,0.000737234,0.000261956,-0.00188393], "q_d": [1.68545,1.62475,-0.309684,-1.34861,-2.52365,1.92017,0.954895], "dq_d": [0,0,0,0,0,0,0], "ddq_d": [0,0,0,0,0,0,0], "joint_contact": [0,0,0,0,0,0,0], "cartesian_contact": [0,0,0,0,0,0], "joint_collision": [0,0,0,0,0,0,0], "cartesian_collision": [0,0,0,0,0,0], "tau_ext_hat_filtered": [0.103193,0.285609,0.480883,-0.727557,0.357704,-0.727236,0.0468431], "O_F_ext_hat_K": [-1.98665,-4.75361,2.30127,1.22279,-0.299367,0.193423], "K_F_ext_hat_K": [-2.12171,-0.463409,-5.20799,0.173654,-0.753405,0.104022], "O_dP_EE_d": [0,0,0,0,0,0], "O_ddP_O": [0,0,-9.81], "O_T_EE_c": [-0.0271198,-0.0260409,-0.999283,0,-0.881684,0.471676,0.0116366,0,0.471044,0.881385,-0.0357523,0,0.190337,0.646326,-0.204713,1], "O_dP_EE_c": [0,0,0,0,0,0], "O_ddP_EE_c": [0,0,0,0,0,0], "theta": [1.68549,1.62188,-0.31028,-1.348,-2.52366,1.92,0.954898], "dtheta": [0,0,0,0,0,0,0], "current_errors": [], "last_motion_errors": [], "control_command_success_rate": 0, "robot_mode": "User stopped", "time": 6214685}