{"O_T_EE": [-0.0260146,-0.00258809,-0.999649,0,-0.655732,0.75483,0.0151103,0,0.75454,0.655907,-0.0213341,0,0.408529,0.525121,-0.204289,1], "O_T_EE_d": [-0.0259351,-0.00255902,-0.999651,0,-0.655714,0.754846,0.0150796,0,0.754558,0.655889,-0.0212554,0,0.408556,0.5251,-0.204268,1], "F_T_NE": [0.7071,-0.7071,0,0,0.7071,0.7071,0,0,0,0,1,0,0,0,0.1034,1], "NE_T_EE": [1,0,0,0,0,1,0,0,0,0,1,0,0,0,0,1], "F_T_EE": [0.7071,-0.7071,0,0,0.7071,0.7071,0,0,0,0,1,0,0,0,0.1034,1], "EE_T_K": [1,0,0,0,0,1,0,0,0,0,1,0,0,0,0,1], "m_ee": 0.73, "F_x_Cee": [-0.01,0,0.03], "I_ee": [0.001,0,0,0,0.0025,0,0,0,0.0017], "m_load": 0, "F_x_Cload": [0,0,0], "I_load": [0,0,0,0,0,0,0,0,0], "m_total": 0.73, "F_x_Ctotal": [-0.01,0,0.03], "I_total": [0.001,0,0,0,0.0025,0,0,0,0.0017], "elbow": [-0.478342,-1], "elbow_d": [-0.478371,-1], "elbow_c": [-0.478371,-1], "delbow_c": [0,0], "ddelbow_c": [0,0], "tau_J": [-0.0345378,-38.5683,-12.7783,5.29968,0.157902,-2.23787,0.174153], "tau_J_d": [0,0,0,0,0,0,0], "dtau_J": [18.4528,-59.0768,83.116,-5.66809,-10.3893,-5.38202,39.5636], "q": [1.49316,1.69685,-0.478342,-1.36105,-2.34475,1.9868,1.0802], "dq": [-6.89747e-05,0.000441634,-0.00152369,-0.000213194,0.00045673,0.000188896,-0.000642991], "q_d": [1.49316,1.69685,-0.478371,-1.3611,-2.34472,1.98672,1.0802], "dq_d": [0,0,0,0,0,0,0], "ddq_d": [0,0,0,0,0,0,0], "joint_contact": [0,0,0,0,0,0,0], "cartesian_contact": [0,0,0,0,0,0], "joint_collision": [0,0,0,0,0,0,0], "cartesian_collision": [0,0,0,0,0,0], "tau_ext_hat_filtered": [-0.005428,0.390891,0.588593,-0.619675,0.311241,-0.70474,0.15276], "O_F_ext_hat_K": [-2.78201,-3.2933,1.1992,0.678368,-0.409362,0.116069], "K_F_ext_hat_K": [-1.11791,-0.643521,-4.28482,-0.0181006,-0.841251,0.22439], "O_dP_EE_d": [0,0,0,0,0,0], "O_ddP_O": [0,0,-9.81], "O_T_EE_c": [-0.0259351,-0.00255902,-0.999651,0,-0.655714,0.754846,0.0150796,0,0.754558,0.655889,-0.0212554,0,0.408556,0.5251,-0.204268,1], "O_dP_EE_c": [0,0,0,0,0,0], "O_ddP_EE_c": [0,0,0,0,0,0], "theta": [1.49316,1.69415,-0.479238,-1.36068,-2.34473,1.98655,1.08021], "dtheta": [0,0,0,0,0,0,0], "current_errors": [], "last_motion_errors": [], "control_command_success_rate": 0, "robot_mode": "User stopped", "time": 8817909}