{"O_T_EE": [-0.0205648,0.000271089,-0.999779,0,-0.462753,0.886422,0.00975888,0,0.886246,0.462861,-0.018104,0,0.520284,0.40773,-0.204251,1], "O_T_EE_d": [-0.020431,0.000293492,-0.999782,0,-0.462746,0.886427,0.00971667,0,0.886253,0.462852,-0.0179752,0,0.52031,0.407717,-0.204212,1], "F_T_NE": [0.7071,-0.7071,0,0,0.7071,0.7071,0,0,0,0,1,0,0,0,0.1034,1], "NE_T_EE": [1,0,0,0,0,1,0,0,0,0,1,0,0,0,0,1], "F_T_EE": [0.7071,-0.7071,0,0,0.7071,0.7071,0,0,0,0,1,0,0,0,0.1034,1], "EE_T_K": [1,0,0,0,0,1,0,0,0,0,1,0,0,0,0,1], "m_ee": 0.73, "F_x_Cee": [-0.01,0,0.03], "I_ee": [0.001,0,0,0,0.0025,0,0,0,0.0017], "m_load": 0, "F_x_Cload": [0,0,0], "I_load": [0,0,0,0,0,0,0,0,0], "m_total": 0.73, "F_x_Ctotal": [-0.01,0,0.03], "I_total": [0.001,0,0,0,0.0025,0,0,0,0.0017], "elbow": [-0.427146,-1], "elbow_d": [-0.427179,-1], "elbow_c": [-0.427179,-1], "delbow_c": [0,0], "ddelbow_c": [0,0], "tau_J": [-0.0345378,-38.7588,-11.8023,5.64483,0.203678,-2.23787,0.112813], "tau_J_d": [0,0,0,0,0,0,0], "dtau_J": [39.5726,40.1641,-67.3527,-42.927,-16.9089,-0.42034,-28.5829], "q": [1.20441,1.66807,-0.427146,-1.38735,-2.40885,1.93572,1.05805], "dq": [-0.0012064,-0.00116993,0.000732889,0.000513414,2.94563e-05,0.000327797,0.000858585], "q_d": [1.20441,1.66804,-0.427179,-1.38741,-2.40883,1.9356,1.05805], "dq_d": [0,0,0,0,0,0,0], "ddq_d": [0,0,0,0,0,0,0], "joint_contact": [0,0,0,0,0,0,0], "cartesian_contact": [0,0,0,0,0,0], "joint_collision": [0,0,0,0,0,0,0], "cartesian_collision": [0,0,0,0,0,0], "tau_ext_hat_filtered": [-0.0625493,0.568018,0.584983,-0.710076,0.291262,-0.680877,0.13426], "O_F_ext_hat_K": [-3.42617,-2.59637,0.977651,0.449865,-0.473581,0.0584979], "K_F_ext_hat_K": [-0.907698,-0.706479,-4.25589,-0.0245392,-0.858226,0.207505], "O_dP_EE_d": [0,0,0,0,0,0], "O_ddP_O": [0,0,-9.81], "O_T_EE_c": [-0.020431,0.000293492,-0.999782,0,-0.462746,0.886427,0.00971667,0,0.886253,0.462852,-0.0179752,0,0.52031,0.407717,-0.204212,1], "O_dP_EE_c": [0,0,0,0,0,0], "O_ddP_EE_c": [0,0,0,0,0,0], "theta": [1.20441,1.66535,-0.427974,-1.38696,-2.40883,1.93548,1.05807], "dtheta": [0,0,0,0,0,0,0], "current_errors": [], "last_motion_errors": [], "control_command_success_rate": 0, "robot_mode": "User stopped", "time": 9394704}