{"O_T_EE": [-0.0127745,0.026281,-0.999563,0,-0.105257,0.994056,0.0274814,0,0.994363,0.105564,-0.0099325,0,0.636544,0.193756,-0.197084,1], "O_T_EE_d": [-0.0126366,0.0262861,-0.999565,0,-0.105234,0.994058,0.0274717,0,0.994367,0.105537,-0.00979546,0,0.636576,0.193726,-0.197037,1], "F_T_NE": [0.7071,-0.7071,0,0,0.7071,0.7071,0,0,0,0,1,0,0,0,0.1034,1], "NE_T_EE": [1,0,0,0,0,1,0,0,0,0,1,0,0,0,0,1], "F_T_EE": [0.7071,-0.7071,0,0,0.7071,0.7071,0,0,0,0,1,0,0,0,0.1034,1], "EE_T_K": [1,0,0,0,0,1,0,0,0,0,1,0,0,0,0,1], "m_ee": 0.73, "F_x_Cee": [-0.01,0,0.03], "I_ee": [0.001,0,0,0,0.0025,0,0,0,0.0017], "m_load": 0, "F_x_Cload": [0,0,0], "I_load": [0,0,0,0,0,0,0,0,0], "m_total": 0.73, "F_x_Ctotal": [-0.01,0,0.03], "I_total": [0.001,0,0,0,0.0025,0,0,0,0.0017], "elbow": [2.62122,-1], "elbow_d": [2.62118,-1], "elbow_c": [2.62118,-1], "delbow_c": [0,0], "ddelbow_c": [0,0], "tau_J": [0.0011678,37.8892,-14.2026,4.60937,-0.0252036,-2.45851,0.132954], "tau_J_d": [0,0,0,0,0,0,0], "dtau_J": [78.6358,165.139,-134.956,-126.904,-8.00896,34.6945,143.071], "q": [-2.21529,-1.70414,2.62122,-1.38073,-2.30529,2.00008,1.12452], "dq": [0.000748651,-0.00117093,0.00166149,6.30693e-05,0.00515519,-0.000510479,-0.00295964], "q_d": [-2.21531,-1.70411,2.62118,-1.38077,-2.30527,1.99997,1.12453], "dq_d": [0,0,0,0,0,0,0], "ddq_d": [0,0,0,0,0,0,0], "joint_contact": [0,0,0,0,0,0,0], "cartesian_contact": [0,0,0,0,0,0], "joint_collision": [0,0,0,0,0,0,0], "cartesian_collision": [0,0,0,0,0,0], "tau_ext_hat_filtered": [-0.103786,-0.509158,0.276113,-0.572221,0.12164,-0.924871,0.0577791], "O_F_ext_hat_K": [-3.50312,-1.44492,0.553616,0.0811409,-0.701821,0.045793], "K_F_ext_hat_K": [-0.546608,-1.05241,-3.6414,-0.317318,-1.053,0.144569], "O_dP_EE_d": [0,0,0,0,0,0], "O_ddP_O": [0,0,-9.81], "O_T_EE_c": [-0.0126366,0.0262861,-0.999565,0,-0.105234,0.994058,0.0274717,0,0.994367,0.105537,-0.00979546,0,0.636576,0.193726,-0.197037,1], "O_dP_EE_c": [0,0,0,0,0,0], "O_ddP_EE_c": [0,0,0,0,0,0], "theta": [-2.21529,-1.70149,2.62022,-1.38041,-2.3053,1.9998,1.12453], "dtheta": [0,0,0,0,0,0,0], "current_errors": [], "last_motion_errors": [], "control_command_success_rate": 0, "robot_mode": "User stopped", "time": 10267863}