{"O_T_EE": [0.00862899,0.00396263,-0.999945,0,-0.0358767,0.99934,0.00365064,0,0.999319,0.0358439,0.00876563,0,0.644913,0.136259,-0.204624,1], "O_T_EE_d": [0.00881359,0.00393447,-0.999944,0,-0.0358064,0.999343,0.0036165,0,0.99932,0.0357732,0.00894884,0,0.644969,0.136206,-0.204555,1], "F_T_NE": [0.7071,-0.7071,0,0,0.7071,0.7071,0,0,0,0,1,0,0,0,0.1034,1], "NE_T_EE": [1,0,0,0,0,1,0,0,0,0,1,0,0,0,0,1], "F_T_EE": [0.7071,-0.7071,0,0,0.7071,0.7071,0,0,0,0,1,0,0,0,0.1034,1], "EE_T_K": [1,0,0,0,0,1,0,0,0,0,1,0,0,0,0,1], "m_ee": 0.73, "F_x_Cee": [-0.01,0,0.03], "I_ee": [0.001,0,0,0,0.0025,0,0,0,0.0017], "m_load": 0, "F_x_Cload": [0,0,0], "I_load": [0,0,0,0,0,0,0,0,0], "m_total": 0.73, "F_x_Ctotal": [-0.01,0,0.03], "I_total": [0.001,0,0,0,0.0025,0,0,0,0.0017], "elbow": [-0.271777,-1], "elbow_d": [-0.271849,-1], "elbow_c": [-0.271849,-1], "delbow_c": [0,0], "ddelbow_c": [0,0], "tau_J": [0.151925,-40.9448,-8.05326,7.79113,0.304386,-2.53816,0.02126], "tau_J_d": [0,0,0,0,0,0,0], "dtau_J": [-59.2174,80.7176,111.595,-22.9737,-11.128,1.87145,19.8728], "q": [0.585544,1.61945,-0.271777,-1.40185,-2.58131,1.80665,0.956473], "dq": [0.000853437,-0.000407057,-0.00133185,-9.63074e-05,-0.00865334,-4.81301e-05,0.000276725], "q_d": [0.585496,1.6194,-0.271849,-1.40186,-2.58127,1.80655,0.956468], "dq_d": [0,0,0,0,0,0,0], "ddq_d": [0,0,0,0,0,0,0], "joint_contact": [0,0,0,0,0,0,0], "cartesian_contact": [0,0,0,0,0,0], "joint_collision": [0,0,0,0,0,0,0], "cartesian_collision": [0,0,0,0,0,0], "tau_ext_hat_filtered": [0.197084,-0.193591,0.350331,-0.300104,0.334435,-0.89199,-0.00111957], "O_F_ext_hat_K": [-4.25809,-0.117056,2.30801,0.372087,-1.40009,0.279723], "K_F_ext_hat_K": [-2.34514,0.0442143,-4.23915,0.222573,-0.786165,0.0514609], "O_dP_EE_d": [0,0,0,0,0,0], "O_ddP_O": [0,0,-9.81], "O_T_EE_c": [0.00881359,0.00393447,-0.999944,0,-0.0358064,0.999343,0.0036165,0,0.99932,0.0357732,0.00894884,0,0.644969,0.136206,-0.204555,1], "O_dP_EE_c": [0,0,0,0,0,0], "O_ddP_EE_c": [0,0,0,0,0,0], "theta": [0.585556,1.61658,-0.272342,-1.40131,-2.58128,1.80637,0.956475], "dtheta": [0,0,0,0,-0.0374578,0,0], "current_errors": [], "last_motion_errors": [], "control_command_success_rate": 0, "robot_mode": "User stopped", "time": 880477}