{"O_T_EE": [-0.0382711,0.00219982,-0.999255,0,-0.195343,0.980678,0.00964048,0,0.979988,0.19557,-0.0371027,0,0.617153,0.232533,-0.204215,1], "O_T_EE_d": [-0.038215,0.00219172,-0.999258,0,-0.195326,0.980681,0.00962088,0,0.979993,0.195552,-0.0370493,0,0.617137,0.232521,-0.204195,1], "F_T_NE": [0.7071,-0.7071,0,0,0.7071,0.7071,0,0,0,0,1,0,0,0,0.1034,1], "NE_T_EE": [1,0,0,0,0,1,0,0,0,0,1,0,0,0,0,1], "F_T_EE": [0.7071,-0.7071,0,0,0.7071,0.7071,0,0,0,0,1,0,0,0,0.1034,1], "EE_T_K": [1,0,0,0,0,1,0,0,0,0,1,0,0,0,0,1], "m_ee": 0.73, "F_x_Cee": [-0.01,0,0.03], "I_ee": [0.001,0,0,0,0.0025,0,0,0,0.0017], "m_load": 0, "F_x_Cload": [0,0,0], "I_load": [0,0,0,0,0,0,0,0,0], "m_total": 0.73, "F_x_Ctotal": [-0.01,0,0.03], "I_total": [0.001,0,0,0,0.0025,0,0,0,0.0017], "elbow": [-0.57699,-1], "elbow_d": [-0.576956,-1], "elbow_c": [-0.576956,-1], "delbow_c": [0,0], "ddelbow_c": [0,0], "tau_J": [-0.109916,-36.8743,-15.365,3.1137,0.0846596,-2.20766,0.143025], "tau_J_d": [0,0,0,0,0,0,0], "dtau_J": [-73.7355,76.0261,-25.965,80.7818,-16.0252,43.9099,108.513], "q": [1.05062,1.74309,-0.57699,-1.38689,-2.2814,2.04964,1.16773], "dq": [0.00120022,-0.000522682,0.000815366,-0.00480727,-0.00661871,-0.000711144,-0.00309516], "q_d": [1.05065,1.74303,-0.576956,-1.38702,-2.28139,2.04954,1.16773], "dq_d": [0,0,0,0,0,0,0], "ddq_d": [0,0,0,0,0,0,0], "joint_contact": [0,0,0,0,0,0,0], "cartesian_contact": [0,0,0,0,0,0], "joint_collision": [0,0,0,0,0,0,0], "cartesian_collision": [0,0,0,0,0,0], "tau_ext_hat_filtered": [-0.0360863,0.0919292,0.358674,-0.64438,0.27437,-0.783145,0.0945925], "O_F_ext_hat_K": [-4.17656,-1.5663,1.98092,0.47334,-1.09306,0.108718], "K_F_ext_hat_K": [-1.82309,-0.701087,-4.47279,-0.118428,-0.773422,0.180568], "O_dP_EE_d": [0,0,0,0,0,0], "O_ddP_O": [0,0,-9.81], "O_T_EE_c": [-0.038215,0.00219172,-0.999258,0,-0.195326,0.980681,0.00962088,0,0.979993,0.195552,-0.0370493,0,0.617137,0.232521,-0.204195,1], "O_dP_EE_c": [0,0,0,0,0,0], "O_ddP_EE_c": [0,0,0,0,0,0], "theta": [1.05061,1.74051,-0.578068,-1.38667,-2.28139,2.0494,1.16774], "dtheta": [0,0,0,0,-0.037561,0,0], "current_errors": [], "last_motion_errors": [], "control_command_success_rate": 0, "robot_mode": "User stopped", "time": 9750596}