{"O_T_EE": [-0.0357747,-0.00858946,-0.999313,0,-0.259201,0.965813,0.000977683,0,0.96516,0.259063,-0.0367788,0,0.598339,0.278824,-0.204334,1], "O_T_EE_d": [-0.0357393,-0.00856639,-0.999315,0,-0.259178,0.965819,0.000989928,0,0.965168,0.25904,-0.0367386,0,0.598325,0.278816,-0.204325,1], "F_T_NE": [0.7071,-0.7071,0,0,0.7071,0.7071,0,0,0,0,1,0,0,0,0.1034,1], "NE_T_EE": [1,0,0,0,0,1,0,0,0,0,1,0,0,0,0,1], "F_T_EE": [0.7071,-0.7071,0,0,0.7071,0.7071,0,0,0,0,1,0,0,0,0.1034,1], "EE_T_K": [1,0,0,0,0,1,0,0,0,0,1,0,0,0,0,1], "m_ee": 0.73, "F_x_Cee": [-0.01,0,0.03], "I_ee": [0.001,0,0,0,0.0025,0,0,0,0.0017], "m_load": 0, "F_x_Cload": [0,0,0], "I_load": [0,0,0,0,0,0,0,0,0], "m_total": 0.73, "F_x_Ctotal": [-0.01,0,0.03], "I_total": [0.001,0,0,0,0.0025,0,0,0,0.0017], "elbow": [-0.201537,-1], "elbow_d": [-0.20152,-1], "elbow_c": [-0.20152,-1], "delbow_c": [0,0], "ddelbow_c": [0,0], "tau_J": [-0.0742106,-41.3613,-6.3275,8.10058,0.295231,-2.3578,0.112813], "tau_J_d": [0,0,0,0,0,0,0], "dtau_J": [57.9795,-63.9755,-45.8084,-41.2499,13.9375,20.2657,49.1897], "q": [0.733526,1.5714,-0.201537,-1.42994,-2.67298,1.82356,0.903468], "dq": [0.000508427,0.000907721,0.000517959,0.00074481,-0.000686501,-0.000522109,-0.00191303], "q_d": [0.733535,1.57137,-0.20152,-1.43003,-2.67296,1.82347,0.903482], "dq_d": [0,0,0,0,0,0,0], "ddq_d": [0,0,0,0,0,0,0], "joint_contact": [0,0,0,0,0,0,0], "cartesian_contact": [0,0,0,0,0,0], "joint_collision": [0,0,0,0,0,0,0], "cartesian_collision": [0,0,0,0,0,0], "tau_ext_hat_filtered": [-0.0515814,0.281746,0.244921,-0.585366,0.338944,-0.820148,0.0911594], "O_F_ext_hat_K": [-4.14154,-1.67514,1.75313,0.500671,-1.03361,0.0096295], "K_F_ext_hat_K": [-1.58941,-0.54268,-4.49569,0.137193,-0.894433,0.131802], "O_dP_EE_d": [0,0,0,0,0,0], "O_ddP_O": [0,0,-9.81], "O_T_EE_c": [-0.0357393,-0.00856639,-0.999315,0,-0.259178,0.965819,0.000989928,0,0.965168,0.25904,-0.0367386,0,0.598325,0.278816,-0.204325,1], "O_dP_EE_c": [0,0,0,0,0,0], "O_ddP_EE_c": [0,0,0,0,0,0], "theta": [0.733521,1.5685,-0.201981,-1.42938,-2.67295,1.8233,0.903481], "dtheta": [0,0,0,0,0,0,0], "current_errors": [], "last_motion_errors": [], "control_command_success_rate": 0, "robot_mode": "User stopped", "time": 9545161}