{"O_T_EE": [0.00565519,-0.00392328,-0.999967,0,0.0416176,0.999117,-0.00368458,0,0.999118,-0.0415962,0.00581359,0,0.652978,0.0868439,-0.205026,1], "O_T_EE_d": [0.00580173,-0.00395358,-0.999966,0,0.0416226,0.999117,-0.00370874,0,0.999117,-0.0416005,0.00596128,0,0.652974,0.0868349,-0.204979,1], "F_T_NE": [0.7071,-0.7071,0,0,0.7071,0.7071,0,0,0,0,1,0,0,0,0.1034,1], "NE_T_EE": [1,0,0,0,0,1,0,0,0,0,1,0,0,0,0,1], "F_T_EE": [0.7071,-0.7071,0,0,0.7071,0.7071,0,0,0,0,1,0,0,0,0.1034,1], "EE_T_K": [1,0,0,0,0,1,0,0,0,0,1,0,0,0,0,1], "m_ee": 0.73, "F_x_Cee": [-0.01,0,0.03], "I_ee": [0.001,0,0,0,0.0025,0,0,0,0.0017], "m_load": 0, "F_x_Cload": [0,0,0], "I_load": [0,0,0,0,0,0,0,0,0], "m_total": 0.73, "F_x_Ctotal": [-0.01,0,0.03], "I_total": [0.001,0,0,0,0.0025,0,0,0,0.0017], "elbow": [-0.248172,-1], "elbow_d": [-0.248168,-1], "elbow_c": [-0.248168,-1], "delbow_c": [0,0], "ddelbow_c": [0,0], "tau_J": [0.413765,-40.7186,-7.4185,7.64037,0.185368,-2.41823,0.0111892], "tau_J_d": [0,0,0,0,0,0,0], "dtau_J": [41.5882,-46.0647,77.3374,-39.9486,-18.1317,26.9378,6.33355], "q": [0.484609,1.61114,-0.248172,-1.40592,-2.60654,1.79729,0.93265], "dq": [-0.000157356,-0.000354864,-1.85257e-05,0.00169266,0.000687187,-0.000313903,-4.14776e-05], "q_d": [0.484624,1.61106,-0.248168,-1.40607,-2.60653,1.79708,0.932652], "dq_d": [0,0,0,0,0,0,0], "ddq_d": [0,0,0,0,0,0,0], "joint_contact": [0,0,0,0,0,0,0], "cartesian_contact": [0,0,0,0,0,0], "joint_collision": [0,0,0,0,0,0,0], "cartesian_collision": [0,0,0,0,0,0], "tau_ext_hat_filtered": [0.418475,0.218906,0.397464,-0.56842,0.222258,-0.794776,0.0181585], "O_F_ext_hat_K": [-4.84764,0.0949015,2.25025,0.214946,-1.23151,0.438792], "K_F_ext_hat_K": [-2.27801,-0.115223,-4.83423,0.0471195,-0.755199,0.0312595], "O_dP_EE_d": [0,0,0,0,0,0], "O_ddP_O": [0,0,-9.81], "O_T_EE_c": [0.00580173,-0.00395358,-0.999966,0,0.0416226,0.999117,-0.00370874,0,0.999117,-0.0416005,0.00596128,0,0.652974,0.0868349,-0.204979,1], "O_dP_EE_c": [0,0,0,0,0,0], "O_ddP_EE_c": [0,0,0,0,0,0], "theta": [0.484639,1.60828,-0.248693,-1.40539,-2.60652,1.79702,0.932651], "dtheta": [0,0,0,0,0,0,0], "current_errors": [], "last_motion_errors": [], "control_command_success_rate": 0, "robot_mode": "User stopped", "time": 1102736}