{"O_T_EE": [-0.0119754,0.0315839,-0.99942,0,0.333575,0.942361,0.0257837,0,0.942646,-0.333079,-0.0218211,0,0.658449,-0.107629,-0.197094,1], "O_T_EE_d": [-0.0119074,0.0314977,-0.999423,0,0.33358,0.942361,0.0257249,0,0.942645,-0.333088,-0.0217285,0,0.658433,-0.107647,-0.19706,1], "F_T_NE": [0.7071,-0.7071,0,0,0.7071,0.7071,0,0,0,0,1,0,0,0,0.1034,1], "NE_T_EE": [1,0,0,0,0,1,0,0,0,0,1,0,0,0,0,1], "F_T_EE": [0.7071,-0.7071,0,0,0.7071,0.7071,0,0,0,0,1,0,0,0,0.1034,1], "EE_T_K": [1,0,0,0,0,1,0,0,0,0,1,0,0,0,0,1], "m_ee": 0.73, "F_x_Cee": [-0.01,0,0.03], "I_ee": [0.001,0,0,0,0.0025,0,0,0,0.0017], "m_load": 0, "F_x_Cload": [0,0,0], "I_load": [0,0,0,0,0,0,0,0,0], "m_total": 0.73, "F_x_Ctotal": [-0.01,0,0.03], "I_total": [0.001,0,0,0,0.0025,0,0,0,0.0017], "elbow": [2.68917,-1], "elbow_d": [2.68916,-1], "elbow_c": [2.68916,-1], "delbow_c": [0,0], "ddelbow_c": [0,0], "tau_J": [0.413765,39.3571,-12.6275,5.60912,0.0205727,-2.63887,0.112813], "tau_J_d": [0,0,0,0,0,0,0], "dtau_J": [-81.1918,-168.414,-14.989,-115.681,4.47116,-18.7915,42.0618], "q": [-2.74717,-1.66048,2.68917,-1.3915,-2.40394,1.96132,1.08885], "dq": [0.000338195,0.00110839,7.5442e-05,-0.000420663,-0.00633248,0.000407187,-0.000596452], "q_d": [-2.74713,-1.66042,2.68916,-1.39166,-2.40392,1.96118,1.08885], "dq_d": [0,0,0,0,0,0,0], "ddq_d": [0,0,0,0,0,0,0], "joint_contact": [0,0,0,0,0,0,0], "cartesian_contact": [0,0,0,0,0,0], "joint_collision": [0,0,0,0,0,0,0], "cartesian_collision": [0,0,0,0,0,0], "tau_ext_hat_filtered": [0.544821,0.099984,0.319294,-0.481819,0.12039,-1.12032,0.103988], "O_F_ext_hat_K": [-5.67082,1.42031,2.99564,-0.200486,-1.82645,0.648223], "K_F_ext_hat_K": [-2.88119,-0.475967,-5.88402,-0.351994,-0.960008,0.16764], "O_dP_EE_d": [0,0,0,0,0,0], "O_ddP_O": [0,0,-9.81], "O_T_EE_c": [-0.0119074,0.0314977,-0.999423,0,0.33358,0.942361,0.0257249,0,0.942645,-0.333088,-0.0217285,0,0.658433,-0.107647,-0.19706,1], "O_dP_EE_c": [0,0,0,0,0,0], "O_ddP_EE_c": [0,0,0,0,0,0], "theta": [-2.74714,-1.65772,2.68829,-1.39111,-2.40393,1.96102,1.08886], "dtheta": [0,0,0,0,-0.0374283,0,0], "current_errors": [], "last_motion_errors": [], "control_command_success_rate": 0, "robot_mode": "User stopped", "time": 11163519}