{"O_T_EE": [0.0188708,0.0131122,-0.999726,0,0.179586,0.983598,0.0162905,0,0.983561,-0.179848,0.0162068,0,0.65984,-0.01377,-0.204715,1], "O_T_EE_d": [0.0190838,0.0130576,-0.999723,0,0.179555,0.983604,0.0162746,0,0.983563,-0.179819,0.0164266,0,0.659892,-0.0137722,-0.20463,1], "F_T_NE": [0.7071,-0.7071,0,0,0.7071,0.7071,0,0,0,0,1,0,0,0,0.1034,1], "NE_T_EE": [1,0,0,0,0,1,0,0,0,0,1,0,0,0,0,1], "F_T_EE": [0.7071,-0.7071,0,0,0.7071,0.7071,0,0,0,0,1,0,0,0,0.1034,1], "EE_T_K": [1,0,0,0,0,1,0,0,0,0,1,0,0,0,0,1], "m_ee": 0.73, "F_x_Cee": [-0.01,0,0.03], "I_ee": [0.001,0,0,0,0.0025,0,0,0,0.0017], "m_load": 0, "F_x_Cload": [0,0,0], "I_load": [0,0,0,0,0,0,0,0,0], "m_total": 0.73, "F_x_Ctotal": [-0.01,0,0.03], "I_total": [0.001,0,0,0,0.0025,0,0,0,0.0017], "elbow": [-0.321996,-1], "elbow_d": [-0.322051,-1], "elbow_c": [-0.322051,-1], "delbow_c": [0,0], "ddelbow_c": [0,0], "tau_J": [0.374093,-40.6432,-9.33073,7.25555,0.0938149,-2.69838,0.163167], "tau_J_d": [0,0,0,0,0,0,0], "dtau_J": [85.9259,12.8846,159.877,64.9918,-25.5458,7.24548,68.0404], "q": [0.405898,1.64266,-0.321996,-1.39077,-2.53852,1.82345,1.0071], "dq": [-0.00131882,0.000265749,-0.00164211,-0.000489257,0.000343058,-7.06766e-05,-0.0012269], "q_d": [0.405917,1.64258,-0.322051,-1.39079,-2.5385,1.8233,1.0071], "dq_d": [0,0,0,0,0,0,0], "ddq_d": [0,0,0,0,0,0,0], "joint_contact": [0,0,0,0,0,0,0], "cartesian_contact": [0,0,0,0,0,0], "joint_collision": [0,0,0,0,0,0,0], "cartesian_collision": [0,0,0,0,0,0], "tau_ext_hat_filtered": [0.297539,-0.363556,0.329495,-0.321284,0.098689,-1.0632,0.126409], "O_F_ext_hat_K": [-5.05951,0.553226,3.25697,0.146505,-1.88265,0.4427], "K_F_ext_hat_K": [-3.34437,-0.311414,-5.02305,-0.155916,-0.740277,0.217566], "O_dP_EE_d": [0,0,0,0,0,0], "O_ddP_O": [0,0,-9.81], "O_T_EE_c": [0.0190838,0.0130576,-0.999723,0,0.179555,0.983604,0.0162746,0,0.983563,-0.179819,0.0164266,0,0.659892,-0.0137722,-0.20463,1], "O_dP_EE_c": [0,0,0,0,0,0], "O_ddP_EE_c": [0,0,0,0,0,0], "theta": [0.405923,1.6398,-0.322651,-1.39026,-2.53851,1.82315,1.00712], "dtheta": [0,0,0,0,0,0,0], "current_errors": [], "last_motion_errors": [], "control_command_success_rate": 0, "robot_mode": "User stopped", "time": 11003863}