{"O_T_EE": [-0.00882051,0.0307272,-0.999479,0,0.407745,0.912757,0.0244627,0,0.913051,-0.407325,-0.0205803,0,0.640241,-0.163194,-0.205389,1], "O_T_EE_d": [-0.00860714,0.0306094,-0.999485,0,0.407733,0.912764,0.0244423,0,0.913059,-0.40732,-0.0203371,0,0.640271,-0.163209,-0.205306,1], "F_T_NE": [0.7071,-0.7071,0,0,0.7071,0.7071,0,0,0,0,1,0,0,0,0.1034,1], "NE_T_EE": [1,0,0,0,0,1,0,0,0,0,1,0,0,0,0,1], "F_T_EE": [0.7071,-0.7071,0,0,0.7071,0.7071,0,0,0,0,1,0,0,0,0.1034,1], "EE_T_K": [1,0,0,0,0,1,0,0,0,0,1,0,0,0,0,1], "m_ee": 0.73, "F_x_Cee": [-0.01,0,0.03], "I_ee": [0.001,0,0,0,0.0025,0,0,0,0.0017], "m_load": 0, "F_x_Cload": [0,0,0], "I_load": [0,0,0,0,0,0,0,0,0], "m_total": 0.73, "F_x_Ctotal": [-0.01,0,0.03], "I_total": [0.001,0,0,0,0.0025,0,0,0,0.0017], "elbow": [-0.258016,-1], "elbow_d": [-0.258045,-1], "elbow_c": [-0.258045,-1], "delbow_c": [0,0], "ddelbow_c": [0,0], "tau_J": [0.263009,-41.6232,-7.97789,7.75543,0.0663491,-2.76887,0.102742], "tau_J_d": [0,0,0,0,0,0,0], "dtau_J": [95.075,53.0331,126.088,-52.8586,-18.0322,18.9232,33.8905], "q": [0.108163,1.60107,-0.258016,-1.40983,-2.61146,1.83378,0.967374], "dq": [-0.000448489,-4.03826e-05,-0.000845649,0.000625033,-3.52229e-05,-8.56164e-05,-0.00139589], "q_d": [0.108184,1.60098,-0.258045,-1.40993,-2.61143,1.83356,0.967372], "dq_d": [0,0,0,0,0,0,0], "ddq_d": [0,0,0,0,0,0,0], "joint_contact": [0,0,0,0,0,0,0], "cartesian_contact": [0,0,0,0,0,0], "joint_collision": [0,0,0,0,0,0,0], "cartesian_collision": [0,0,0,0,0,0], "tau_ext_hat_filtered": [0.249168,-0.537749,0.0609193,-0.518762,0.1058,-1.20169,0.0527595], "O_F_ext_hat_K": [-6.03635,1.79774,4.69811,-0.583322,-2.51596,0.369197], "K_F_ext_hat_K": [-4.58727,-0.705476,-6.34045,-0.224556,-0.753393,0.130734], "O_dP_EE_d": [0,0,0,0,0,0], "O_ddP_O": [0,0,-9.81], "O_T_EE_c": [-0.00860714,0.0306094,-0.999485,0,0.407733,0.912764,0.0244423,0,0.913059,-0.40732,-0.0203371,0,0.640271,-0.163209,-0.205306,1], "O_dP_EE_c": [0,0,0,0,0,0], "O_ddP_EE_c": [0,0,0,0,0,0], "theta": [0.108181,1.59815,-0.258575,-1.40929,-2.61145,1.83348,0.967386], "dtheta": [0,0,0,0,0,0,0], "current_errors": [], "last_motion_errors": [], "control_command_success_rate": 0, "robot_mode": "User stopped", "time": 11326488}