{"O_T_EE": [0.0215243,-0.0022704,-0.999756,0,0.589891,0.807398,0.0108665,0,0.807192,-0.589992,0.0187183,0,0.588942,-0.303915,-0.205783,1], "O_T_EE_d": [0.0217513,-0.0024616,-0.999751,0,0.58992,0.807377,0.0108468,0,0.807165,-0.59002,0.019014,0,0.588985,-0.303977,-0.205664,1], "F_T_NE": [0.7071,-0.7071,0,0,0.7071,0.7071,0,0,0,0,1,0,0,0,0.1034,1], "NE_T_EE": [1,0,0,0,0,1,0,0,0,0,1,0,0,0,0,1], "F_T_EE": [0.7071,-0.7071,0,0,0.7071,0.7071,0,0,0,0,1,0,0,0,0.1034,1], "EE_T_K": [1,0,0,0,0,1,0,0,0,0,1,0,0,0,0,1], "m_ee": 0.73, "F_x_Cee": [-0.01,0,0.03], "I_ee": [0.001,0,0,0,0.0025,0,0,0,0.0017], "m_load": 0, "F_x_Cload": [0,0,0], "I_load": [0,0,0,0,0,0,0,0,0], "m_total": 0.73, "F_x_Ctotal": [-0.01,0,0.03], "I_total": [0.001,0,0,0,0.0025,0,0,0,0.0017], "elbow": [-0.294252,-1], "elbow_d": [-0.294331,-1], "elbow_c": [-0.294331,-1], "delbow_c": [0,0], "ddelbow_c": [0,0], "tau_J": [0.18763,-41.5875,-9.1403,7.79113,0.460026,-2.92909,0.102742], "tau_J_d": [0,0,0,0,0,0,0], "dtau_J": [148.683,106.459,-124.876,76.43,-5.23973,0.974501,22.9678], "q": [-0.0856761,1.64051,-0.294252,-1.37772,-2.57775,1.81064,0.980509], "dq": [-0.00141414,-0.000245651,0.00122136,-0.000378702,-0.00206602,-0.000361418,-0.000669127], "q_d": [-0.0856764,1.64039,-0.294331,-1.37778,-2.57768,1.81044,0.980511], "dq_d": [0,0,0,0,0,0,0], "ddq_d": [0,0,0,0,0,0,0], "joint_contact": [0,0,0,0,0,0,0], "cartesian_contact": [0,0,0,0,0,0], "joint_collision": [0,0,0,0,0,0,0], "cartesian_collision": [0,0,0,0,0,0], "tau_ext_hat_filtered": [0.138695,-0.910984,-0.0732818,-0.283605,0.47868,-1.27804,0.0856514], "O_F_ext_hat_K": [-5.15964,3.16723,5.06228,-1.23811,-2.602,0.187678], "K_F_ext_hat_K": [-5.17939,-0.431409,-5.9387,0.103494,-0.7594,0.116921], "O_dP_EE_d": [0,0,0,0,0,0], "O_ddP_O": [0,0,-9.81], "O_T_EE_c": [0.0217513,-0.0024616,-0.999751,0,0.58992,0.807377,0.0108468,0,0.807165,-0.59002,0.019014,0,0.588985,-0.303977,-0.205664,1], "O_dP_EE_c": [0,0,0,0,0,0], "O_ddP_EE_c": [0,0,0,0,0,0], "theta": [-0.0856632,1.63759,-0.294892,-1.37717,-2.5777,1.81031,0.980521], "dtheta": [0,0,0,0,0,0,0], "current_errors": [], "last_motion_errors": [], "control_command_success_rate": 0, "robot_mode": "User stopped", "time": 988508}