{"O_T_EE": [0.00450868,0.00681967,-0.999957,0,0.531526,0.846991,0.00817304,0,0.847026,-0.531551,0.000193982,0,0.609408,-0.257997,-0.20586,1], "O_T_EE_d": [0.00472433,0.00666285,-0.999957,0,0.531519,0.846996,0.00815482,0,0.84703,-0.531545,0.000460068,0,0.60946,-0.258022,-0.205753,1], "F_T_NE": [0.7071,-0.7071,0,0,0.7071,0.7071,0,0,0,0,1,0,0,0,0.1034,1], "NE_T_EE": [1,0,0,0,0,1,0,0,0,0,1,0,0,0,0,1], "F_T_EE": [0.7071,-0.7071,0,0,0.7071,0.7071,0,0,0,0,1,0,0,0,0.1034,1], "EE_T_K": [1,0,0,0,0,1,0,0,0,0,1,0,0,0,0,1], "m_ee": 0.73, "F_x_Cee": [-0.01,0,0.03], "I_ee": [0.001,0,0,0,0.0025,0,0,0,0.0017], "m_load": 0, "F_x_Cload": [0,0,0], "I_load": [0,0,0,0,0,0,0,0,0], "m_total": 0.73, "F_x_Ctotal": [-0.01,0,0.03], "I_total": [0.001,0,0,0,0.0025,0,0,0,0.0017], "elbow": [-0.293982,-1], "elbow_d": [-0.294024,-1], "elbow_c": [-0.294024,-1], "delbow_c": [0,0], "ddelbow_c": [0,0], "tau_J": [0.263009,-41.5121,-8.87846,7.67608,0.395939,-2.84853,-0.0300095], "tau_J_d": [0,0,0,0,0,0,0], "dtau_J": [16.4342,-180.023,6.00953,29.3734,-11.7936,36.1544,-107.719], "q": [-0.00773026,1.62811,-0.293982,-1.3907,-2.57777,1.82944,0.977772], "dq": [-0.000108681,0.00131559,-0.000131315,-0.000545535,0.00232749,-0.000370395,0.0040578], "q_d": [-0.00771361,1.62799,-0.294024,-1.39077,-2.57774,1.82925,0.977755], "dq_d": [0,0,0,0,0,0,0], "ddq_d": [0,0,0,0,0,0,0], "joint_contact": [0,0,0,0,0,0,0], "cartesian_contact": [0,0,0,0,0,0], "joint_collision": [0,0,0,0,0,0,0], "cartesian_collision": [0,0,0,0,0,0], "tau_ext_hat_filtered": [0.240497,-0.717953,0.136923,-0.397724,0.436281,-1.24548,0.0555084], "O_F_ext_hat_K": [-5.51522,3.07848,4.77825,-0.94835,-2.53108,0.317848], "K_F_ext_hat_K": [-4.78201,-0.284993,-6.30698,0.128557,-0.82585,0.105172], "O_dP_EE_d": [0,0,0,0,0,0], "O_ddP_O": [0,0,-9.81], "O_T_EE_c": [0.00472433,0.00666285,-0.999957,0,0.531519,0.846996,0.00815482,0,0.84703,-0.531545,0.000460068,0,0.60946,-0.258022,-0.205753,1], "O_dP_EE_c": [0,0,0,0,0,0], "O_ddP_EE_c": [0,0,0,0,0,0], "theta": [-0.00771145,1.6252,-0.294604,-1.39016,-2.57772,1.82913,0.977769], "dtheta": [0,0,0,0,0,0,0], "current_errors": [], "last_motion_errors": [], "control_command_success_rate": 0, "robot_mode": "User stopped", "time": 1012373}