{"O_T_EE": [0.000266973,0.035239,-0.999369,0,0.642885,0.765469,0.0271631,0,0.765958,-0.642499,-0.0224507,0,0.565326,-0.348487,-0.205711,1], "O_T_EE_d": [0.000387607,0.0349757,-0.999378,0,0.642869,0.765486,0.0270394,0,0.765971,-0.642492,-0.0221885,0,0.565366,-0.348597,-0.205583,1], "F_T_NE": [0.7071,-0.7071,0,0,0.7071,0.7071,0,0,0,0,1,0,0,0,0.1034,1], "NE_T_EE": [1,0,0,0,0,1,0,0,0,0,1,0,0,0,0,1], "F_T_EE": [0.7071,-0.7071,0,0,0.7071,0.7071,0,0,0,0,1,0,0,0,0.1034,1], "EE_T_K": [1,0,0,0,0,1,0,0,0,0,1,0,0,0,0,1], "m_ee": 0.73, "F_x_Cee": [-0.01,0,0.03], "I_ee": [0.001,0,0,0,0.0025,0,0,0,0.0017], "m_load": 0, "F_x_Cload": [0,0,0], "I_load": [0,0,0,0,0,0,0,0,0], "m_total": 0.73, "F_x_Ctotal": [-0.01,0,0.03], "I_total": [0.001,0,0,0,0.0025,0,0,0,0.0017], "elbow": [-0.479027,-1], "elbow_d": [-0.47924,-1], "elbow_c": [-0.47924,-1], "delbow_c": [0,0], "ddelbow_c": [0,0], "tau_J": [0.298714,-39.3221,-13.5678,5.37902,0.121281,-2.43837,0.0313308], "tau_J_d": [0,0,0,0,0,0,0], "dtau_J": [114.716,-183.755,-86.6332,-14.8879,2.22217,40.485,-45.1626], "q": [0.0244364,1.69934,-0.479027,-1.37292,-2.40553,1.96194,1.12468], "dq": [-0.00138458,0.000993332,0.00102273,0.000561501,0.0001968,-0.000691063,0.00251932], "q_d": [0.0244276,1.69927,-0.47924,-1.37295,-2.40551,1.96185,1.12468], "dq_d": [0,0,0,0,0,0,0], "ddq_d": [0,0,0,0,0,0,0], "joint_contact": [0,0,0,0,0,0,0], "cartesian_contact": [0,0,0,0,0,0], "joint_collision": [0,0,0,0,0,0,0], "cartesian_collision": [0,0,0,0,0,0], "tau_ext_hat_filtered": [0.208886,-0.513097,-0.0644698,-0.365403,0.218481,-0.940079,0.085608], "O_F_ext_hat_K": [-3.91283,2.62946,3.55411,-0.981414,-1.76981,0.299569], "K_F_ext_hat_K": [-3.46032,-0.406198,-4.76628,-0.196542,-0.610486,0.142011], "O_dP_EE_d": [0,0,0,0,0,0], "O_ddP_O": [0,0,-9.81], "O_T_EE_c": [0.000387607,0.0349757,-0.999378,0,0.642869,0.765486,0.0270394,0,0.765971,-0.642492,-0.0221885,0,0.565366,-0.348597,-0.205583,1], "O_dP_EE_c": [0,0,0,0,0,0], "O_ddP_EE_c": [0,0,0,0,0,0], "theta": [0.0244574,1.69658,-0.479979,-1.37254,-2.40551,1.96167,1.12469], "dtheta": [0,0,0,0,0,0,0], "current_errors": [], "last_motion_errors": [], "control_command_success_rate": 0, "robot_mode": "User stopped", "time": 11950654}