{"O_T_EE": [-9.9465e-05,0.0387952,-0.999238,0,0.895049,0.445615,0.0172118,0,0.445951,-0.894382,-0.0347686,0,0.391654,-0.542002,-0.206932,1], "O_T_EE_d": [-7.36663e-05,0.0386466,-0.999243,0,0.89507,0.445574,0.017167,0,0.445909,-0.894408,-0.0346249,0,0.39163,-0.542037,-0.206867,1], "F_T_NE": [0.7071,-0.7071,0,0,0.7071,0.7071,0,0,0,0,1,0,0,0,0.1034,1], "NE_T_EE": [1,0,0,0,0,1,0,0,0,0,1,0,0,0,0,1], "F_T_EE": [0.7071,-0.7071,0,0,0.7071,0.7071,0,0,0,0,1,0,0,0,0.1034,1], "EE_T_K": [1,0,0,0,0,1,0,0,0,0,1,0,0,0,0,1], "m_ee": 0.73, "F_x_Cee": [-0.01,0,0.03], "I_ee": [0.001,0,0,0,0.0025,0,0,0,0.0017], "m_load": 0, "F_x_Cload": [0,0,0], "I_load": [0,0,0,0,0,0,0,0,0], "m_total": 0.73, "F_x_Ctotal": [-0.01,0,0.03], "I_total": [0.001,0,0,0,0.0025,0,0,0,0.0017], "elbow": [-0.255585,-1], "elbow_d": [-0.255627,-1], "elbow_c": [-0.255627,-1], "delbow_c": [0,0], "ddelbow_c": [0,0], "tau_J": [0.374093,-42.3769,-7.8668,8.21563,0.368473,-2.6288,0.0816849], "tau_J_d": [0,0,0,0,0,0,0], "dtau_J": [61.8626,88.2199,61.4043,221.668,15.3771,-31.3646,31.7832], "q": [-0.604092,1.60639,-0.255585,-1.37791,-2.63261,1.86616,0.950574], "dq": [-0.00121458,-0.00109802,-0.000217231,-0.00198079,-0.000217144,0.000228019,-0.00246117], "q_d": [-0.604092,1.60628,-0.255627,-1.37805,-2.63257,1.86601,0.950574], "dq_d": [0,0,0,0,0,0,0], "ddq_d": [0,0,0,0,0,0,0], "joint_contact": [0,0,0,0,0,0,0], "cartesian_contact": [0,0,0,0,0,0], "joint_collision": [0,0,0,0,0,0,0], "cartesian_collision": [0,0,0,0,0,0], "tau_ext_hat_filtered": [0.291149,-0.812614,-0.00621741,-0.682641,0.435279,-1.07031,0.0553118], "O_F_ext_hat_K": [-3.91164,6.3707,6.41049,-2.58202,-1.97344,0.29263], "K_F_ext_hat_K": [-6.15818,-0.5519,-7.66512,0.0717711,-0.503819,0.0564118], "O_dP_EE_d": [0,0,0,0,0,0], "O_ddP_O": [0,0,-9.81], "O_T_EE_c": [-7.36663e-05,0.0386466,-0.999243,0,0.89507,0.445574,0.017167,0,0.445909,-0.894408,-0.0346249,0,0.39163,-0.542037,-0.206867,1], "O_dP_EE_c": [0,0,0,0,0,0], "O_ddP_EE_c": [0,0,0,0,0,0], "theta": [-0.604066,1.60342,-0.256136,-1.37733,-2.63257,1.86587,0.950584], "dtheta": [0,0,0,0,0,0,0], "current_errors": [], "last_motion_errors": [], "control_command_success_rate": 0, "robot_mode": "User stopped", "time": 13018300}