{"O_T_EE": [0.00647288,0.0381261,-0.999242,0,0.919438,0.392653,0.0209376,0,0.393161,-0.918894,-0.0325136,0,0.350201,-0.570046,-0.207185,1], "O_T_EE_d": [0.00647901,0.0379466,-0.999249,0,0.919442,0.392646,0.0208724,0,0.393151,-0.918905,-0.0323464,0,0.350175,-0.57008,-0.207129,1], "F_T_NE": [0.7071,-0.7071,0,0,0.7071,0.7071,0,0,0,0,1,0,0,0,0.1034,1], "NE_T_EE": [1,0,0,0,0,1,0,0,0,0,1,0,0,0,0,1], "F_T_EE": [0.7071,-0.7071,0,0,0.7071,0.7071,0,0,0,0,1,0,0,0,0.1034,1], "EE_T_K": [1,0,0,0,0,1,0,0,0,0,1,0,0,0,0,1], "m_ee": 0.73, "F_x_Cee": [-0.01,0,0.03], "I_ee": [0.001,0,0,0,0.0025,0,0,0,0.0017], "m_load": 0, "F_x_Cload": [0,0,0], "I_load": [0,0,0,0,0,0,0,0,0], "m_total": 0.73, "F_x_Ctotal": [-0.01,0,0.03], "I_total": [0.001,0,0,0,0.0025,0,0,0,0.0017], "elbow": [-0.322669,-1], "elbow_d": [-0.322726,-1], "elbow_c": [-0.322726,-1], "delbow_c": [0,0], "ddelbow_c": [0,0], "tau_J": [0.263009,-41.0201,-9.21568,7.52532,0.286076,-2.61873,0.214436], "tau_J_d": [0,0,0,0,0,0,0], "dtau_J": [25.8517,107.071,-95.9001,-78.7436,1.00746,-30.0401,52.3892], "q": [-0.614056,1.63071,-0.322669,-1.37049,-2.58262,1.89143,1.00739], "dq": [0.0002291,-0.000767536,-0.000547473,-0.00598051,-8.86409e-05,0.000865884,-0.00177153], "q_d": [-0.614052,1.63066,-0.322726,-1.37059,-2.5826,1.89126,1.00739], "dq_d": [0,0,0,0,0,0,0], "ddq_d": [0,0,0,0,0,0,0], "joint_contact": [0,0,0,0,0,0,0], "cartesian_contact": [0,0,0,0,0,0], "joint_collision": [0,0,0,0,0,0,0], "cartesian_collision": [0,0,0,0,0,0], "tau_ext_hat_filtered": [0.270131,-0.0744151,0.445036,-0.629642,0.348439,-1.06902,0.186594], "O_F_ext_hat_K": [-2.93123,5.75449,3.58048,-1.62494,-1.23888,0.349571], "K_F_ext_hat_K": [-3.37741,-0.360604,-6.55663,-0.0328937,-0.946071,0.23894], "O_dP_EE_d": [0,0,0,0,0,0], "O_ddP_O": [0,0,-9.81], "O_T_EE_c": [0.00647901,0.0379466,-0.999249,0,0.919442,0.392646,0.0208724,0,0.393151,-0.918905,-0.0323464,0,0.350175,-0.57008,-0.207129,1], "O_dP_EE_c": [0,0,0,0,0,0], "O_ddP_EE_c": [0,0,0,0,0,0], "theta": [-0.614037,1.62783,-0.323315,-1.36996,-2.58259,1.89114,1.00741], "dtheta": [0,0,0,-0.0253737,0,0,0], "current_errors": [], "last_motion_errors": [], "control_command_success_rate": 0, "robot_mode": "User stopped", "time": 13057616}