{"O_T_EE": [0.0327722,0.017197,-0.999305,0,0.853912,0.519087,0.036937,0,0.519371,-0.854546,0.00232696,0,0.430122,-0.511035,-0.20641,1], "O_T_EE_d": [0.0329459,0.0168707,-0.999305,0,0.853953,0.51902,0.0369162,0,0.519292,-0.854592,0.00269282,0,0.430107,-0.511131,-0.206286,1], "F_T_NE": [0.7071,-0.7071,0,0,0.7071,0.7071,0,0,0,0,1,0,0,0,0.1034,1], "NE_T_EE": [1,0,0,0,0,1,0,0,0,0,1,0,0,0,0,1], "F_T_EE": [0.7071,-0.7071,0,0,0.7071,0.7071,0,0,0,0,1,0,0,0,0.1034,1], "EE_T_K": [1,0,0,0,0,1,0,0,0,0,1,0,0,0,0,1], "m_ee": 0.73, "F_x_Cee": [-0.01,0,0.03], "I_ee": [0.001,0,0,0,0.0025,0,0,0,0.0017], "m_load": 0, "F_x_Cload": [0,0,0], "I_load": [0,0,0,0,0,0,0,0,0], "m_total": 0.73, "F_x_Ctotal": [-0.01,0,0.03], "I_total": [0.001,0,0,0,0.0025,0,0,0,0.0017], "elbow": [-0.15348,-1], "elbow_d": [-0.153541,-1], "elbow_c": [-0.153541,-1], "delbow_c": [0,0], "ddelbow_c": [0,0], "tau_J": [-0.558219,-42.8292,-5.16508,9.01702,0.414249,-2.96938,0.102742], "tau_J_d": [0,0,0,0,0,0,0], "dtau_J": [-79.6043,-96.1132,151.916,52.4743,3.72392,3.57891,-123.09], "q": [-0.639449,1.60094,-0.15348,-1.37682,-2.74727,1.77785,0.901715], "dq": [0.000743445,0.00131211,-0.00126372,-0.000933452,-0.0009359,-0.00155729,0.00176285], "q_d": [-0.639504,1.60082,-0.153541,-1.37688,-2.74721,1.77755,0.901723], "dq_d": [0,0,0,0,0,0,0], "ddq_d": [0,0,0,0,0,0,0], "joint_contact": [0,0,0,0,0,0,0], "cartesian_contact": [0,0,0,0,0,0], "joint_collision": [0,0,0,0,0,0,0], "cartesian_collision": [0,0,0,0,0,0], "tau_ext_hat_filtered": [-0.534654,-0.710952,-0.072928,-0.500805,0.491617,-1.33218,0.16479], "O_F_ext_hat_K": [-4.65159,5.01986,5.37874,-2.25029,-1.97797,-0.402153], "K_F_ext_hat_K": [-5.44122,-1.16766,-6.69308,0.155677,-0.79017,0.254036], "O_dP_EE_d": [0,0,0,0,0,0], "O_ddP_O": [0,0,-9.81], "O_T_EE_c": [0.0329459,0.0168707,-0.999305,0,0.853953,0.51902,0.0369162,0,0.519292,-0.854592,0.00269282,0,0.430107,-0.511131,-0.206286,1], "O_dP_EE_c": [0,0,0,0,0,0], "O_ddP_EE_c": [0,0,0,0,0,0], "theta": [-0.639488,1.59793,-0.153842,-1.37618,-2.74722,1.77752,0.901727], "dtheta": [0,0,0,0,0,0,0], "current_errors": [], "last_motion_errors": [], "control_command_success_rate": 0, "robot_mode": "User stopped", "time": 12858072}