{"O_T_EE": [0.0152205,-0.012637,-0.999795,0,0.967257,0.253499,0.011521,0,0.253306,-0.967253,0.016082,0,0.261846,-0.617561,-0.207423,1], "O_T_EE_d": [0.0152912,-0.0128622,-0.999791,0,0.967267,0.253461,0.0115331,0,0.253264,-0.96726,0.0163172,0,0.261826,-0.617612,-0.207349,1], "F_T_NE": [0.7071,-0.7071,0,0,0.7071,0.7071,0,0,0,0,1,0,0,0,0.1034,1], "NE_T_EE": [1,0,0,0,0,1,0,0,0,0,1,0,0,0,0,1], "F_T_EE": [0.7071,-0.7071,0,0,0.7071,0.7071,0,0,0,0,1,0,0,0,0.1034,1], "EE_T_K": [1,0,0,0,0,1,0,0,0,0,1,0,0,0,0,1], "m_ee": 0.73, "F_x_Cee": [-0.01,0,0.03], "I_ee": [0.001,0,0,0,0.0025,0,0,0,0.0017], "m_load": 0, "F_x_Cload": [0,0,0], "I_load": [0,0,0,0,0,0,0,0,0], "m_total": 0.73, "F_x_Ctotal": [-0.01,0,0.03], "I_total": [0.001,0,0,0,0.0025,0,0,0,0.0017], "elbow": [-0.386226,-1], "elbow_d": [-0.386265,-1], "elbow_c": [-0.386265,-1], "delbow_c": [0,0], "ddelbow_c": [0,0], "tau_J": [-0.0742106,-40.1156,-10.9057,6.95007,0.377628,-2.73866,0.153096], "tau_J_d": [0,0,0,0,0,0,0], "dtau_J": [11.4583,-39.5072,-54.1085,145.633,27.8065,-32.6382,99.6247], "q": [-0.701603,1.68932,-0.386226,-1.32805,-2.4932,1.87945,1.03308], "dq": [-0.000211536,-0.000763647,0.00133992,-0.00221938,-0.000780721,0.000258761,-0.00279544], "q_d": [-0.701641,1.68928,-0.386265,-1.32807,-2.49315,1.87927,1.03309], "dq_d": [0,0,0,0,0,0,0], "ddq_d": [0,0,0,0,0,0,0], "joint_contact": [0,0,0,0,0,0,0], "cartesian_contact": [0,0,0,0,0,0], "joint_collision": [0,0,0,0,0,0,0], "cartesian_collision": [0,0,0,0,0,0], "tau_ext_hat_filtered": [-0.0512122,-0.0666847,0.249774,-0.566986,0.414258,-1.09641,0.105182], "O_F_ext_hat_K": [-2.05086,5.26931,3.04545,-1.65805,-0.785925,0.0670777], "K_F_ext_hat_K": [-3.14269,-0.612876,-5.56727,0.0380992,-0.947221,0.179142], "O_dP_EE_d": [0,0,0,0,0,0], "O_ddP_O": [0,0,-9.81], "O_T_EE_c": [0.0152912,-0.0128622,-0.999791,0,0.967267,0.253461,0.0115331,0,0.253264,-0.96726,0.0163172,0,0.261826,-0.617612,-0.207349,1], "O_dP_EE_c": [0,0,0,0,0,0], "O_ddP_EE_c": [0,0,0,0,0,0], "theta": [-0.701608,1.68651,-0.386991,-1.32756,-2.49316,1.87915,1.03309], "dtheta": [0,0,0,0,0,0,0], "current_errors": [], "last_motion_errors": [], "control_command_success_rate": 0, "robot_mode": "User stopped", "time": 13365120}