{"O_T_EE": [0.0291797,0.0272502,-0.999193,0,0.998069,-0.055459,0.0276344,0,-0.0546623,-0.998089,-0.0288164,0,0.0685009,-0.670892,-0.208186,1], "O_T_EE_d": [0.0291064,0.0272386,-0.999195,0,0.998068,-0.0555021,0.0275605,0,-0.0547078,-0.998087,-0.028802,0,0.0684413,-0.670884,-0.208186,1], "F_T_NE": [0.7071,-0.7071,0,0,0.7071,0.7071,0,0,0,0,1,0,0,0,0.1034,1], "NE_T_EE": [1,0,0,0,0,1,0,0,0,0,1,0,0,0,0,1], "F_T_EE": [0.7071,-0.7071,0,0,0.7071,0.7071,0,0,0,0,1,0,0,0,0.1034,1], "EE_T_K": [1,0,0,0,0,1,0,0,0,0,1,0,0,0,0,1], "m_ee": 0.73, "F_x_Cee": [-0.01,0,0.03], "I_ee": [0.001,0,0,0,0.0025,0,0,0,0.0017], "m_load": 0, "F_x_Cload": [0,0,0], "I_load": [0,0,0,0,0,0,0,0,0], "m_total": 0.73, "F_x_Ctotal": [-0.01,0,0.03], "I_total": [0.001,0,0,0,0.0025,0,0,0,0.0017], "elbow": [-0.271723,-1], "elbow_d": [-0.271776,-1], "elbow_c": [-0.271776,-1], "delbow_c": [0,0], "ddelbow_c": [0,0], "tau_J": [0.227303,-41.4367,-7.8311,8.33068,-0.179928,-2.24794,0.0926712], "tau_J_d": [0,0,0,0,0,0,0], "dtau_J": [-122.865,21.4561,-22.8507,88.6714,12.3587,5.85679,1.33789], "q": [-1.12142,1.62639,-0.271723,-1.34387,-2.62503,1.88031,0.966589], "dq": [0.00056668,-0.000256295,-0.000164273,-0.00571583,0.000171716,-0.000276686,0.00030645], "q_d": [-1.12144,1.6264,-0.271776,-1.34393,-2.62502,1.88027,0.966589], "dq_d": [0,0,0,0,0,0,0], "ddq_d": [0,0,0,0,0,0,0], "joint_contact": [0,0,0,0,0,0,0], "cartesian_contact": [0,0,0,0,0,0], "joint_collision": [0,0,0,0,0,0,0], "cartesian_collision": [0,0,0,0,0,0], "tau_ext_hat_filtered": [0.229735,0.256537,0.397137,-0.705292,-0.0906345,-0.703209,0.0971671], "O_F_ext_hat_K": [-0.413674,5.1717,2.76655,-1.33076,-0.267409,0.363317], "K_F_ext_hat_K": [-2.63551,-0.623252,-5.21893,-0.306924,-0.533296,0.185587], "O_dP_EE_d": [0,0,0,0,0,0], "O_ddP_O": [0,0,-9.81], "O_T_EE_c": [0.0291064,0.0272386,-0.999195,0,0.998068,-0.0555021,0.0275605,0,-0.0547078,-0.998087,-0.028802,0,0.0684413,-0.670884,-0.208186,1], "O_dP_EE_c": [0,0,0,0,0,0], "O_ddP_EE_c": [0,0,0,0,0,0], "theta": [-1.1214,1.62349,-0.272272,-1.34328,-2.62505,1.88006,0.9666], "dtheta": [0,0,0,0,0,0,0], "current_errors": [], "last_motion_errors": [], "control_command_success_rate": 0, "robot_mode": "User stopped", "time": 13986158}