{"O_T_EE": [0.00336872,0.0184761,-0.999814,0,0.999847,0.0165508,0.00367468,0,0.0166159,-0.999692,-0.0184178,0,0.118445,-0.662656,-0.208013,1], "O_T_EE_d": [0.0032689,0.0184033,-0.999816,0,0.999848,0.0164979,0.00357268,0,0.016561,-0.999695,-0.018347,0,0.118376,-0.662661,-0.207988,1], "F_T_NE": [0.7071,-0.7071,0,0,0.7071,0.7071,0,0,0,0,1,0,0,0,0.1034,1], "NE_T_EE": [1,0,0,0,0,1,0,0,0,0,1,0,0,0,0,1], "F_T_EE": [0.7071,-0.7071,0,0,0.7071,0.7071,0,0,0,0,1,0,0,0,0.1034,1], "EE_T_K": [1,0,0,0,0,1,0,0,0,0,1,0,0,0,0,1], "m_ee": 0.73, "F_x_Cee": [-0.01,0,0.03], "I_ee": [0.001,0,0,0,0.0025,0,0,0,0.0017], "m_load": 0, "F_x_Cload": [0,0,0], "I_load": [0,0,0,0,0,0,0,0,0], "m_total": 0.73, "F_x_Ctotal": [-0.01,0,0.03], "I_total": [0.001,0,0,0,0.0025,0,0,0,0.0017], "elbow": [-0.219913,-1], "elbow_d": [-0.219987,-1], "elbow_c": [-0.219987,-1], "delbow_c": [0,0], "ddelbow_c": [0,0], "tau_J": [-0.260673,-41.3613,-6.77977,8.29101,0.157902,-2.49879,-0.0300095], "tau_J_d": [0,0,0,0,0,0,0], "dtau_J": [49.1441,135.558,63.5708,50.3591,-20.0079,15.5079,-76.9544], "q": [-1.09648,1.61603,-0.219913,-1.34953,-2.6717,1.84394,0.906763], "dq": [-0.000586536,-0.00100428,-0.00033217,0.00418149,0.000301596,-0.000547534,0.00125655], "q_d": [-1.0965,1.616,-0.219987,-1.34963,-2.67167,1.84384,0.906751], "dq_d": [0,0,0,0,0,0,0], "ddq_d": [0,0,0,0,0,0,0], "joint_contact": [0,0,0,0,0,0,0], "cartesian_contact": [0,0,0,0,0,0], "joint_collision": [0,0,0,0,0,0,0], "cartesian_collision": [0,0,0,0,0,0], "tau_ext_hat_filtered": [-0.300418,0.649066,0.070242,-1.16327,0.261046,-0.912571,0.0151243], "O_F_ext_hat_K": [-1.53738,6.51332,3.17394,-1.5893,-0.161303,-0.187694], "K_F_ext_hat_K": [-3.05824,-1.4177,-6.59532,-0.064367,-0.842307,0.090057], "O_dP_EE_d": [0,0,0,0,0,0], "O_ddP_O": [0,0,-9.81], "O_T_EE_c": [0.0032689,0.0184033,-0.999816,0,0.999848,0.0164979,0.00357268,0,0.016561,-0.999695,-0.018347,0,0.118376,-0.662661,-0.207988,1], "O_dP_EE_c": [0,0,0,0,0,0], "O_ddP_EE_c": [0,0,0,0,0,0], "theta": [-1.0965,1.61313,-0.220388,-1.34894,-2.67168,1.84366,0.90676], "dtheta": [0,0,0,0,0,0,0], "current_errors": [], "last_motion_errors": [], "control_command_success_rate": 0, "robot_mode": "User stopped", "time": 13778048}