{"O_T_EE": [0.0269299,0.010874,-0.999569,0,0.994518,0.100685,0.0278891,0,0.100947,-0.994859,-0.00810311,0,0.166956,-0.651629,-0.207793,1], "O_T_EE_d": [0.0268886,0.0108587,-0.99957,0,0.994526,0.10062,0.027846,0,0.100881,-0.994866,-0.0080939,0,0.166914,-0.651613,-0.207795,1], "F_T_NE": [0.7071,-0.7071,0,0,0.7071,0.7071,0,0,0,0,1,0,0,0,0.1034,1], "NE_T_EE": [1,0,0,0,0,1,0,0,0,0,1,0,0,0,0,1], "F_T_EE": [0.7071,-0.7071,0,0,0.7071,0.7071,0,0,0,0,1,0,0,0,0.1034,1], "EE_T_K": [1,0,0,0,0,1,0,0,0,0,1,0,0,0,0,1], "m_ee": 0.73, "F_x_Cee": [-0.01,0,0.03], "I_ee": [0.001,0,0,0,0.0025,0,0,0,0.0017], "m_load": 0, "F_x_Cload": [0,0,0], "I_load": [0,0,0,0,0,0,0,0,0], "m_total": 0.73, "F_x_Ctotal": [-0.01,0,0.03], "I_total": [0.001,0,0,0,0.0025,0,0,0,0.0017], "elbow": [-0.442949,-1], "elbow_d": [-0.442945,-1], "elbow_c": [-0.442945,-1], "delbow_c": [0,0], "ddelbow_c": [0,0], "tau_J": [-0.149589,-39.0603,-11.7666,6.10504,0.212833,-2.27815,0.0926712], "tau_J_d": [0,0,0,0,0,0,0], "dtau_J": [-7.87116,-63.6005,-47.4939,-87.9949,48.6131,55.07,-12.7947], "q": [-0.79888,1.70401,-0.442949,-1.32314,-2.43749,1.94418,1.08155], "dq": [-1.72501e-05,-0.000169363,0.00122191,0.00357981,-0.000688238,-0.00080958,0.000815572], "q_d": [-0.798881,1.70399,-0.442945,-1.32324,-2.43745,1.94412,1.08154], "dq_d": [0,0,0,0,0,0,0], "ddq_d": [0,0,0,0,0,0,0], "joint_contact": [0,0,0,0,0,0,0], "cartesian_contact": [0,0,0,0,0,0], "joint_collision": [0,0,0,0,0,0,0], "cartesian_collision": [0,0,0,0,0,0], "tau_ext_hat_filtered": [-0.144524,0.711478,0.709348,-0.724163,0.301119,-0.716,0.125084], "O_F_ext_hat_K": [-1.04376,4.2859,0.659291,-0.471211,-0.204739,0.00164488], "K_F_ext_hat_K": [-0.640522,-0.588138,-4.37458,0.00525338,-0.95938,0.216124], "O_dP_EE_d": [0,0,0,0,0,0], "O_ddP_O": [0,0,-9.81], "O_T_EE_c": [0.0268886,0.0108587,-0.99957,0,0.994526,0.10062,0.027846,0,0.100881,-0.994866,-0.0080939,0,0.166914,-0.651613,-0.207795,1], "O_dP_EE_c": [0,0,0,0,0,0], "O_ddP_EE_c": [0,0,0,0,0,0], "theta": [-0.798891,1.70126,-0.443774,-1.32271,-2.43747,1.94393,1.08156], "dtheta": [0,0,0,0,0,0,0], "current_errors": [], "last_motion_errors": [], "control_command_success_rate": 0, "robot_mode": "User stopped", "time": 13628268}