{"O_T_EE": [0.024527,-0.000350452,-0.999689,0,0.983952,0.176749,0.024079,0,0.176689,-0.984256,0.00468005,0,0.21479,-0.6366,-0.207392,1], "O_T_EE_d": [0.0245645,-0.000525606,-0.999688,0,0.983944,0.17679,0.0240847,0,0.176726,-0.984248,0.00486004,0,0.214816,-0.636623,-0.207333,1], "F_T_NE": [0.7071,-0.7071,0,0,0.7071,0.7071,0,0,0,0,1,0,0,0,0.1034,1], "NE_T_EE": [1,0,0,0,0,1,0,0,0,0,1,0,0,0,0,1], "F_T_EE": [0.7071,-0.7071,0,0,0.7071,0.7071,0,0,0,0,1,0,0,0,0.1034,1], "EE_T_K": [1,0,0,0,0,1,0,0,0,0,1,0,0,0,0,1], "m_ee": 0.73, "F_x_Cee": [-0.01,0,0.03], "I_ee": [0.001,0,0,0,0.0025,0,0,0,0.0017], "m_load": 0, "F_x_Cload": [0,0,0], "I_load": [0,0,0,0,0,0,0,0,0], "m_total": 0.73, "F_x_Ctotal": [-0.01,0,0.03], "I_total": [0.001,0,0,0,0.0025,0,0,0,0.0017], "elbow": [-0.341962,-1], "elbow_d": [-0.341969,-1], "elbow_c": [-0.341969,-1], "delbow_c": [0,0], "ddelbow_c": [0,0], "tau_J": [0.112252,-41.0201,-10.1163,7.3706,0.423405,-2.76887,-0.0199387], "tau_J_d": [0,0,0,0,0,0,0], "dtau_J": [-116.331,84.6219,-31.9707,-61.7073,37.3238,-27.8514,-131.393], "q": [-0.823202,1.66514,-0.341962,-1.33477,-2.54541,1.87016,1.01547], "dq": [0.00115715,-0.000620816,0.000227631,0.00181739,-0.00056049,0.000389237,0.00286254], "q_d": [-0.823181,1.66508,-0.341969,-1.3348,-2.5454,1.87,1.01547], "dq_d": [0,0,0,0,0,0,0], "ddq_d": [0,0,0,0,0,0,0], "joint_contact": [0,0,0,0,0,0,0], "cartesian_contact": [0,0,0,0,0,0], "joint_collision": [0,0,0,0,0,0,0], "cartesian_collision": [0,0,0,0,0,0], "tau_ext_hat_filtered": [0.106886,-0.254084,-0.0718199,-0.734723,0.467547,-1.13839,0.0451502], "O_F_ext_hat_K": [-2.04633,6.61447,4.76753,-2.4377,-0.794708,0.122519], "K_F_ext_hat_K": [-4.81865,-0.729601,-6.84958,-0.023428,-0.796408,0.0551926], "O_dP_EE_d": [0,0,0,0,0,0], "O_ddP_O": [0,0,-9.81], "O_T_EE_c": [0.0245645,-0.000525606,-0.999688,0,0.983944,0.17679,0.0240847,0,0.176726,-0.984248,0.00486004,0,0.214816,-0.636623,-0.207333,1], "O_dP_EE_c": [0,0,0,0,0,0], "O_ddP_EE_c": [0,0,0,0,0,0], "theta": [-0.823195,1.66226,-0.342672,-1.33425,-2.54536,1.86985,1.01547], "dtheta": [0,0,0,0,0,0,0], "current_errors": [], "last_motion_errors": [], "control_command_success_rate": 0, "robot_mode": "User stopped", "time": 13505558}