{"O_T_EE": [0.00158483,-0.0164555,-0.999854,0,0.964045,-0.265638,0.00589992,0,-0.265701,-0.963932,0.0154432,0,-0.0815573,-0.672024,-0.20867,1], "O_T_EE_d": [0.00154751,-0.0164308,-0.999854,0,0.964031,-0.265688,0.00585818,0,-0.265751,-0.963918,0.0154289,0,-0.0816089,-0.671992,-0.208686,1], "F_T_NE": [0.7071,-0.7071,0,0,0.7071,0.7071,0,0,0,0,1,0,0,0,0.1034,1], "NE_T_EE": [1,0,0,0,0,1,0,0,0,0,1,0,0,0,0,1], "F_T_EE": [0.7071,-0.7071,0,0,0.7071,0.7071,0,0,0,0,1,0,0,0,0.1034,1], "EE_T_K": [1,0,0,0,0,1,0,0,0,0,1,0,0,0,0,1], "m_ee": 0.73, "F_x_Cee": [-0.01,0,0.03], "I_ee": [0.001,0,0,0,0.0025,0,0,0,0.0017], "m_load": 0, "F_x_Cload": [0,0,0], "I_load": [0,0,0,0,0,0,0,0,0], "m_total": 0.73, "F_x_Ctotal": [-0.01,0,0.03], "I_total": [0.001,0,0,0,0.0025,0,0,0,0.0017], "elbow": [-0.215501,-1], "elbow_d": [-0.215535,-1], "elbow_c": [-0.215535,-1], "delbow_c": [0,0], "ddelbow_c": [0,0], "tau_J": [-0.296379,-41.1709,-6.70439,8.75121,-0.0252036,-2.24794,0.174153], "tau_J_d": [0,0,0,0,0,0,0], "dtau_J": [182.615,-22.5418,-151.6,-43.8666,-10.7836,6.62001,87.1419], "q": [-1.40629,1.6434,-0.215501,-1.31322,-2.68539,1.81355,0.904579], "dq": [-0.00172101,0.000935349,0.0013508,0.000408465,9.85258e-05,4.77595e-05,-0.00334502], "q_d": [-1.40633,1.64341,-0.215535,-1.31328,-2.68538,1.81351,0.904596], "dq_d": [0,0,0,0,0,0,0], "ddq_d": [0,0,0,0,0,0,0], "joint_contact": [0,0,0,0,0,0,0], "cartesian_contact": [0,0,0,0,0,0], "joint_collision": [0,0,0,0,0,0,0], "cartesian_collision": [0,0,0,0,0,0], "tau_ext_hat_filtered": [-0.292326,0.87805,0.0806553,-0.851271,0.0704861,-0.57015,0.132184], "O_F_ext_hat_K": [-0.130781,4.228,1.06818,-0.525353,0.116073,-0.212338], "K_F_ext_hat_K": [-1.13783,-1.24292,-4.02426,-0.221474,-0.664106,0.18507], "O_dP_EE_d": [0,0,0,0,0,0], "O_ddP_O": [0,0,-9.81], "O_T_EE_c": [0.00154751,-0.0164308,-0.999854,0,0.964031,-0.265688,0.00585818,0,-0.265751,-0.963918,0.0154289,0,-0.0816089,-0.671992,-0.208686,1], "O_dP_EE_c": [0,0,0,0,0,0], "O_ddP_EE_c": [0,0,0,0,0,0], "theta": [-1.40632,1.64051,-0.215972,-1.3126,-2.6854,1.8133,0.904598], "dtheta": [0,0,0,0,0,0,0], "current_errors": [], "last_motion_errors": [], "control_command_success_rate": 0, "robot_mode": "User stopped", "time": 14439363}