{"O_T_EE": [0.00832297,-0.00122324,-0.999955,0,0.993221,-0.115855,0.00840865,0,-0.115862,-0.993265,0.000250695,0,0.0189207,-0.675257,-0.208128,1], "O_T_EE_d": [0.00828139,-0.00123333,-0.999955,0,0.993216,-0.115897,0.00836852,0,-0.115904,-0.99326,0.000265188,0,0.0188848,-0.675234,-0.208129,1], "F_T_NE": [0.7071,-0.7071,0,0,0.7071,0.7071,0,0,0,0,1,0,0,0,0.1034,1], "NE_T_EE": [1,0,0,0,0,1,0,0,0,0,1,0,0,0,0,1], "F_T_EE": [0.7071,-0.7071,0,0,0.7071,0.7071,0,0,0,0,1,0,0,0,0.1034,1], "EE_T_K": [1,0,0,0,0,1,0,0,0,0,1,0,0,0,0,1], "m_ee": 0.73, "F_x_Cee": [-0.01,0,0.03], "I_ee": [0.001,0,0,0,0.0025,0,0,0,0.0017], "m_load": 0, "F_x_Cload": [0,0,0], "I_load": [0,0,0,0,0,0,0,0,0], "m_total": 0.73, "F_x_Ctotal": [-0.01,0,0.03], "I_total": [0.001,0,0,0,0.0025,0,0,0,0.0017], "elbow": [-0.334557,-1], "elbow_d": [-0.334563,-1], "elbow_c": [-0.334563,-1], "delbow_c": [0,0], "ddelbow_c": [0,0], "tau_J": [0.18763,-40.4925,-9.21568,7.41027,0.112125,-2.36787,0.0926712], "tau_J_d": [0,0,0,0,0,0,0], "dtau_J": [21.5926,-116.525,-25.4358,-44.8964,-13.3015,2.8835,25.7531], "q": [-1.13592,1.66649,-0.334557,-1.31909,-2.56277,1.87864,0.991215], "dq": [-0.000226277,-3.70597e-05,0.000303638,-7.95934e-05,0.000118095,-4.61254e-05,-0.00115256], "q_d": [-1.13593,1.66648,-0.334563,-1.31919,-2.56275,1.87857,0.991217], "dq_d": [0,0,0,0,0,0,0], "ddq_d": [0,0,0,0,0,0,0], "joint_contact": [0,0,0,0,0,0,0], "cartesian_contact": [0,0,0,0,0,0], "joint_collision": [0,0,0,0,0,0,0], "cartesian_collision": [0,0,0,0,0,0], "tau_ext_hat_filtered": [0.171542,0.551341,0.550724,-0.976677,0.175717,-0.756781,0.0863162], "O_F_ext_hat_K": [0.091437,6.30437,2.96046,-1.36481,-0.151088,0.276381], "K_F_ext_hat_K": [-2.96733,-0.614694,-6.27176,-0.100912,-0.663632,0.154093], "O_dP_EE_d": [0,0,0,0,0,0], "O_ddP_O": [0,0,-9.81], "O_T_EE_c": [0.00828139,-0.00123333,-0.999955,0,0.993216,-0.115897,0.00836852,0,-0.115904,-0.99326,0.000265188,0,0.0188848,-0.675234,-0.208129,1], "O_dP_EE_c": [0,0,0,0,0,0], "O_ddP_EE_c": [0,0,0,0,0,0], "theta": [-1.13591,1.66365,-0.335204,-1.31857,-2.56275,1.87838,0.991225], "dtheta": [0,0,0,0,0,0,0], "current_errors": [], "last_motion_errors": [], "control_command_success_rate": 0, "robot_mode": "User stopped", "time": 14182938}