{"O_T_EE": [-0.00582307,-0.0180707,-0.99981,0,0.908326,-0.418233,0.00226895,0,-0.418203,-0.908158,0.0188499,0,-0.180545,-0.654193,-0.207421,1], "O_T_EE_d": [-0.00591197,-0.018208,-0.999807,0,0.908315,-0.418258,0.00224616,0,-0.418226,-0.908144,0.0190117,0,-0.180565,-0.654185,-0.20739,1], "F_T_NE": [0.7071,-0.7071,0,0,0.7071,0.7071,0,0,0,0,1,0,0,0,0.1034,1], "NE_T_EE": [1,0,0,0,0,1,0,0,0,0,1,0,0,0,0,1], "F_T_EE": [0.7071,-0.7071,0,0,0.7071,0.7071,0,0,0,0,1,0,0,0,0.1034,1], "EE_T_K": [1,0,0,0,0,1,0,0,0,0,1,0,0,0,0,1], "m_ee": 0.73, "F_x_Cee": [-0.01,0,0.03], "I_ee": [0.001,0,0,0,0.0025,0,0,0,0.0017], "m_load": 0, "F_x_Cload": [0,0,0], "I_load": [0,0,0,0,0,0,0,0,0], "m_total": 0.73, "F_x_Ctotal": [-0.01,0,0.03], "I_total": [0.001,0,0,0,0.0025,0,0,0,0.0017], "elbow": [-0.0980582,-1], "elbow_d": [-0.0980656,-1], "elbow_c": [-0.0980656,-1], "delbow_c": [0,0], "ddelbow_c": [0,0], "tau_J": [-0.0742106,-43.6227,-3.62974,9.747,0.0480385,-3.00966,0.0414016], "tau_J_d": [0,0,0,0,0,0,0], "dtau_J": [-149.992,-2.20537,88.8074,-41.4458,-2.042,-12.1874,13.619], "q": [-1.67251,1.62302,-0.0980582,-1.31649,-2.79903,1.7746,0.812746], "dq": [0.000812322,-0.000853616,-0.00041957,7.29871e-05,-1.09928e-05,0.000175558,-0.000321023], "q_d": [-1.67252,1.62301,-0.0980656,-1.31654,-2.79901,1.7744,0.812742], "dq_d": [0,0,0,0,0,0,0], "ddq_d": [0,0,0,0,0,0,0], "joint_contact": [0,0,0,0,0,0,0], "cartesian_contact": [0,0,0,0,0,0], "joint_collision": [0,0,0,0,0,0,0], "cartesian_collision": [0,0,0,0,0,0], "tau_ext_hat_filtered": [-0.0458153,-0.948421,-0.159409,-0.618406,0.181977,-1.32235,0.0547768], "O_F_ext_hat_K": [2.1161,8.21302,7.5599,-3.65226,1.01402,0.0112877], "K_F_ext_hat_K": [-7.71936,-1.49572,-8.20118,-0.108972,-0.409116,0.0936531], "O_dP_EE_d": [0,0,0,0,0,0], "O_ddP_O": [0,0,-9.81], "O_T_EE_c": [-0.00591197,-0.018208,-0.999807,0,0.908315,-0.418258,0.00224616,0,-0.418226,-0.908144,0.0190117,0,-0.180565,-0.654185,-0.20739,1], "O_dP_EE_c": [0,0,0,0,0,0], "O_ddP_EE_c": [0,0,0,0,0,0], "theta": [-1.67251,1.61996,-0.0983122,-1.3158,-2.79902,1.77426,0.812751], "dtheta": [0,0,0,0,0,0,0], "current_errors": [], "last_motion_errors": [], "control_command_success_rate": 0, "robot_mode": "User stopped", "time": 14727819}