{"O_T_EE": [0.0205416,-0.0342749,-0.999192,0,0.755187,-0.654394,0.0379727,0,-0.655179,-0.755371,0.0124419,0,-0.365671,-0.576203,-0.208303,1], "O_T_EE_d": [0.0205366,-0.0342218,-0.999194,0,0.755139,-0.654451,0.037935,0,-0.655234,-0.755324,0.0124023,0,-0.365681,-0.576138,-0.208339,1], "F_T_NE": [0.7071,-0.7071,0,0,0.7071,0.7071,0,0,0,0,1,0,0,0,0.1034,1], "NE_T_EE": [1,0,0,0,0,1,0,0,0,0,1,0,0,0,0,1], "F_T_EE": [0.7071,-0.7071,0,0,0.7071,0.7071,0,0,0,0,1,0,0,0,0.1034,1], "EE_T_K": [1,0,0,0,0,1,0,0,0,0,1,0,0,0,0,1], "m_ee": 0.73, "F_x_Cee": [-0.01,0,0.03], "I_ee": [0.001,0,0,0,0.0025,0,0,0,0.0017], "m_load": 0, "F_x_Cload": [0,0,0], "I_load": [0,0,0,0,0,0,0,0,0], "m_total": 0.73, "F_x_Ctotal": [-0.01,0,0.03], "I_total": [0.001,0,0,0,0.0025,0,0,0,0.0017], "elbow": [-0.33877,-1], "elbow_d": [-0.338744,-1], "elbow_c": [-0.338744,-1], "delbow_c": [0,0], "ddelbow_c": [0,0], "tau_J": [0.0368734,-40.191,-8.87846,7.6007,0.194523,-2.3578,0.0514724], "tau_J_d": [0,0,0,0,0,0,0], "dtau_J": [11.3424,156.663,58.8839,121.865,-2.57394,-42.2664,-107.694], "q": [-1.73616,1.68598,-0.33877,-1.27695,-2.55132,1.8874,1.00891], "dq": [-0.000437114,-0.000627772,0.000228735,-0.000447917,-0.000242044,0.000549609,0.00183048], "q_d": [-1.73618,1.68601,-0.338744,-1.27704,-2.55129,1.88734,1.00891], "dq_d": [0,0,0,0,0,0,0], "ddq_d": [0,0,0,0,0,0,0], "joint_contact": [0,0,0,0,0,0,0], "cartesian_contact": [0,0,0,0,0,0], "joint_collision": [0,0,0,0,0,0,0], "cartesian_collision": [0,0,0,0,0,0], "tau_ext_hat_filtered": [0.0242017,1.09262,0.792057,-1.21203,0.297349,-0.692071,0.121348], "O_F_ext_hat_K": [3.7432,5.45377,2.10478,-0.812303,0.372727,0.135062], "K_F_ext_hat_K": [-2.21316,-0.662188,-6.5459,-0.000770082,-0.807012,0.192434], "O_dP_EE_d": [0,0,0,0,0,0], "O_ddP_O": [0,0,-9.81], "O_T_EE_c": [0.0205366,-0.0342218,-0.999194,0,0.755139,-0.654451,0.037935,0,-0.655234,-0.755324,0.0124023,0,-0.365681,-0.576138,-0.208339,1], "O_dP_EE_c": [0,0,0,0,0,0], "O_ddP_EE_c": [0,0,0,0,0,0], "theta": [-1.73615,1.68316,-0.339393,-1.27642,-2.5513,1.88714,1.00892], "dtheta": [0,0,0,0,0,0,0], "current_errors": [], "last_motion_errors": [], "control_command_success_rate": 0, "robot_mode": "User stopped", "time": 15222657}