{"O_T_EE": [0.00536558,-0.00730336,-0.999949,0,0.886887,-0.461893,0.00813245,0,-0.461938,-0.886903,0.00399901,0,-0.228558,-0.64058,-0.208161,1], "O_T_EE_d": [0.00533705,-0.00727958,-0.99995,0,0.886845,-0.461975,0.00809653,0,-0.46202,-0.886861,0.00399035,0,-0.228623,-0.640532,-0.208177,1], "F_T_NE": [0.7071,-0.7071,0,0,0.7071,0.7071,0,0,0,0,1,0,0,0,0.1034,1], "NE_T_EE": [1,0,0,0,0,1,0,0,0,0,1,0,0,0,0,1], "F_T_EE": [0.7071,-0.7071,0,0,0.7071,0.7071,0,0,0,0,1,0,0,0,0.1034,1], "EE_T_K": [1,0,0,0,0,1,0,0,0,0,1,0,0,0,0,1], "m_ee": 0.73, "F_x_Cee": [-0.01,0,0.03], "I_ee": [0.001,0,0,0,0.0025,0,0,0,0.0017], "m_load": 0, "F_x_Cload": [0,0,0], "I_load": [0,0,0,0,0,0,0,0,0], "m_total": 0.73, "F_x_Ctotal": [-0.01,0,0.03], "I_total": [0.001,0,0,0,0.0025,0,0,0,0.0017], "elbow": [-0.411279,-1], "elbow_d": [-0.411285,-1], "elbow_c": [-0.411285,-1], "delbow_c": [0,0], "ddelbow_c": [0,0], "tau_J": [0.0011678,-39.8895,-11.2033,6.91039,0.029728,-2.4283,0.0313308], "tau_J_d": [0,0,0,0,0,0,0], "dtau_J": [18.2,-32.7911,-153.948,-47.5154,-31.8396,30.2666,-77.5037], "q": [-1.44195,1.7059,-0.411279,-1.28758,-2.48855,1.92393,1.03486], "dq": [0.00013258,0.000729438,0.00157704,-0.00038951,0.000563603,-0.000488269,0.00273939], "q_d": [-1.44202,1.70592,-0.411285,-1.28762,-2.48854,1.92389,1.03486], "dq_d": [0,0,0,0,0,0,0], "ddq_d": [0,0,0,0,0,0,0], "joint_contact": [0,0,0,0,0,0,0], "cartesian_contact": [0,0,0,0,0,0], "joint_collision": [0,0,0,0,0,0,0], "cartesian_collision": [0,0,0,0,0,0], "tau_ext_hat_filtered": [0.0312945,0.547714,0.345848,-0.816983,0.13412,-0.838076,0.110087], "O_F_ext_hat_K": [1.70852,5.34108,2.31207,-1.1562,0.387366,0.13238], "K_F_ext_hat_K": [-2.34184,-0.932956,-5.51701,-0.264474,-0.794919,0.174246], "O_dP_EE_d": [0,0,0,0,0,0], "O_ddP_O": [0,0,-9.81], "O_T_EE_c": [0.00533705,-0.00727958,-0.99995,0,0.886845,-0.461975,0.00809653,0,-0.46202,-0.886861,0.00399035,0,-0.228623,-0.640532,-0.208177,1], "O_dP_EE_c": [0,0,0,0,0,0], "O_ddP_EE_c": [0,0,0,0,0,0], "theta": [-1.44195,1.7031,-0.412066,-1.28709,-2.48854,1.92366,1.03486], "dtheta": [0,0,0,0,0,0,0], "current_errors": [], "last_motion_errors": [], "control_command_success_rate": 0, "robot_mode": "User stopped", "time": 14864151}