{"O_T_EE": [0.0253749,0.00777101,-0.999638,0,0.704439,-0.709644,0.0123648,0,-0.709305,-0.704511,-0.0234818,0,-0.406779,-0.549561,-0.208111,1], "O_T_EE_d": [0.0253791,0.00784303,-0.999638,0,0.704401,-0.709682,0.0123155,0,-0.709342,-0.704471,-0.0235362,0,-0.406771,-0.549502,-0.208141,1], "F_T_NE": [0.7071,-0.7071,0,0,0.7071,0.7071,0,0,0,0,1,0,0,0,0.1034,1], "NE_T_EE": [1,0,0,0,0,1,0,0,0,0,1,0,0,0,0,1], "F_T_EE": [0.7071,-0.7071,0,0,0.7071,0.7071,0,0,0,0,1,0,0,0,0.1034,1], "EE_T_K": [1,0,0,0,0,1,0,0,0,0,1,0,0,0,0,1], "m_ee": 0.73, "F_x_Cee": [-0.01,0,0.03], "I_ee": [0.001,0,0,0,0.0025,0,0,0,0.0017], "m_load": 0, "F_x_Cload": [0,0,0], "I_load": [0,0,0,0,0,0,0,0,0], "m_total": 0.73, "F_x_Ctotal": [-0.01,0,0.03], "I_total": [0.001,0,0,0,0.0025,0,0,0,0.0017], "elbow": [-0.468233,-1], "elbow_d": [-0.468203,-1], "elbow_c": [-0.468203,-1], "delbow_c": [0,0], "ddelbow_c": [0,0], "tau_J": [0.263009,-39.6276,-11.9174,6.25976,0.212833,-2.2278,-0.00986788], "tau_J_d": [0,0,0,0,0,0,0], "dtau_J": [-22.3652,-96.2051,-53.1323,-31.9122,-9.89618,-16.249,-64.5253], "q": [-1.68781,1.72038,-0.468233,-1.27511,-2.42512,1.99916,1.06222], "dq": [9.35208e-05,0.000837488,0.000827179,0.00166167,-0.000896266,0.000480409,0.00278437], "q_d": [-1.68778,1.72038,-0.468203,-1.27525,-2.4251,1.99912,1.06221], "dq_d": [0,0,0,0,0,0,0], "ddq_d": [0,0,0,0,0,0,0], "joint_contact": [0,0,0,0,0,0,0], "cartesian_contact": [0,0,0,0,0,0], "joint_collision": [0,0,0,0,0,0,0], "cartesian_collision": [0,0,0,0,0,0], "tau_ext_hat_filtered": [0.277067,0.540042,0.8331,-0.896129,0.387789,-0.683442,0.0330596], "O_F_ext_hat_K": [4.36646,4.55962,2.46019,-1.02627,0.595182,0.369547], "K_F_ext_hat_K": [-2.31312,-0.129389,-6.36722,0.163353,-0.798179,0.0916604], "O_dP_EE_d": [0,0,0,0,0,0], "O_ddP_O": [0,0,-9.81], "O_T_EE_c": [0.0253791,0.00784303,-0.999638,0,0.704401,-0.709682,0.0123155,0,-0.709342,-0.704471,-0.0235362,0,-0.406771,-0.549502,-0.208141,1], "O_dP_EE_c": [0,0,0,0,0,0], "O_ddP_EE_c": [0,0,0,0,0,0], "theta": [-1.68779,1.7176,-0.469069,-1.27467,-2.4251,1.99892,1.06221], "dtheta": [0,0,0,0,0,0,0], "current_errors": [], "last_motion_errors": [], "control_command_success_rate": 0, "robot_mode": "User stopped", "time": 15352428}