{"O_T_EE": [-0.00170926,0.0527734,-0.998595,0,-0.998848,-0.0477715,-0.000814913,0,-0.0477483,0.997463,0.0527953,0,-0.18622,0.757062,-0.0980059,1], "O_T_EE_d": [-0.0016753,0.0527993,-0.998594,0,-0.998853,-0.0476641,-0.000844437,0,-0.0476426,0.997467,0.0528196,0,-0.186146,0.757067,-0.0980001,1], "F_T_NE": [0.7071,-0.7071,0,0,0.7071,0.7071,0,0,0,0,1,0,0,0,0.1034,1], "NE_T_EE": [1,0,0,0,0,1,0,0,0,0,1,0,0,0,0,1], "F_T_EE": [0.7071,-0.7071,0,0,0.7071,0.7071,0,0,0,0,1,0,0,0,0.1034,1], "EE_T_K": [1,0,0,0,0,1,0,0,0,0,1,0,0,0,0,1], "m_ee": 0.73, "F_x_Cee": [-0.01,0,0.03], "I_ee": [0.001,0,0,0,0.0025,0,0,0,0.0017], "m_load": 0, "F_x_Cload": [0,0,0], "I_load": [0,0,0,0,0,0,0,0,0], "m_total": 0.73, "F_x_Ctotal": [-0.01,0,0.03], "I_total": [0.001,0,0,0,0.0025,0,0,0,0.0017], "elbow": [2.38869,-1], "elbow_d": [2.38868,-1], "elbow_c": [2.38868,-1], "delbow_c": [0,0], "ddelbow_c": [0,0], "tau_J": [-0.447135,41.8842,-16.7178,6.18041,-0.234859,-2.3578,-0.0199387], "tau_J_d": [0,0,0,0,0,0,0], "dtau_J": [15.5091,-98.4127,120.509,-66.1532,35.8686,8.72311,-55.5949], "q": [-0.727136,-1.69669,2.38869,-1.14554,-2.21846,2.25814,1.05037], "dq": [-6.73949e-05,-0.000155308,-0.000217902,0.000103836,-0.00012097,-0.000103921,0.00228441], "q_d": [-0.727173,-1.69668,2.38868,-1.14563,-2.21843,2.2581,1.05037], "dq_d": [0,0,0,0,0,0,0], "ddq_d": [0,0,0,0,0,0,0], "joint_contact": [0,0,0,0,0,0,0], "cartesian_contact": [0,0,0,0,0,0], "joint_collision": [0,0,0,0,0,0,0], "cartesian_collision": [0,0,0,0,0,0], "tau_ext_hat_filtered": [-0.454674,-1.50667,0.798831,-1.21606,0.330905,-0.645275,0.044099], "O_F_ext_hat_K": [1.73436,-4.90309,-0.88445,0.111559,-0.180763,-0.38306], "K_F_ext_hat_K": [0.621503,-1.49744,-5.02016,-0.0109274,-1.2676,0.0941766], "O_dP_EE_d": [0,0,0,0,0,0], "O_ddP_O": [0,0,-9.81], "O_T_EE_c": [-0.0016753,0.0527993,-0.998594,0,-0.998853,-0.0476641,-0.000844437,0,-0.0476426,0.997467,0.0528196,0,-0.186146,0.757067,-0.0980001,1], "O_dP_EE_c": [0,0,0,0,0,0], "O_ddP_EE_c": [0,0,0,0,0,0], "theta": [-0.727168,-1.69375,2.38752,-1.1451,-2.21849,2.25788,1.05036], "dtheta": [0,0,0,0,0,0,0], "current_errors": [], "last_motion_errors": [], "control_command_success_rate": 0, "robot_mode": "User stopped", "time": 1225297}