{"O_T_EE": [0.00588417,0.0449306,-0.998963,0,-0.999678,0.0245289,-0.00478514,0,0.0242889,0.998689,0.0450613,0,-0.136715,0.766418,-0.0985055,1], "O_T_EE_d": [0.00589975,0.0449523,-0.998962,0,-0.999675,0.0246499,-0.00479474,0,0.0244093,0.998685,0.045084,0,-0.13663,0.766426,-0.0984913,1], "F_T_NE": [0.7071,-0.7071,0,0,0.7071,0.7071,0,0,0,0,1,0,0,0,0.1034,1], "NE_T_EE": [1,0,0,0,0,1,0,0,0,0,1,0,0,0,0,1], "F_T_EE": [0.7071,-0.7071,0,0,0.7071,0.7071,0,0,0,0,1,0,0,0,0.1034,1], "EE_T_K": [1,0,0,0,0,1,0,0,0,0,1,0,0,0,0,1], "m_ee": 0.73, "F_x_Cee": [-0.01,0,0.03], "I_ee": [0.001,0,0,0,0.0025,0,0,0,0.0017], "m_load": 0, "F_x_Cload": [0,0,0], "I_load": [0,0,0,0,0,0,0,0,0], "m_total": 0.73, "F_x_Ctotal": [-0.01,0,0.03], "I_total": [0.001,0,0,0,0.0025,0,0,0,0.0017], "elbow": [2.35043,-1], "elbow_d": [2.35041,-1], "elbow_c": [2.35041,-1], "delbow_c": [0,0], "ddelbow_c": [0,0], "tau_J": [-0.784355,40.9797,-17.4676,5.79955,-0.289791,-2.24794,0.071614], "tau_J_d": [0,0,0,0,0,0,0], "dtau_J": [-75.0935,-115.616,-3.95198,-237.095,5.23135,23.3123,-67.7246], "q": [-0.766223,-1.7155,2.35043,-1.1466,-2.17638,2.28979,1.05765], "dq": [0.00109904,0.00166915,0.000346102,0.00938373,0.00373946,-0.000522806,0.00148094], "q_d": [-0.766277,-1.71547,2.35041,-1.14669,-2.17636,2.28977,1.05767], "dq_d": [0,0,0,0,0,0,0], "ddq_d": [0,0,0,0,0,0,0], "joint_contact": [0,0,0,0,0,0,0], "cartesian_contact": [0,0,0,0,0,0], "joint_collision": [0,0,0,0,0,0,0], "cartesian_collision": [0,0,0,0,0,0], "tau_ext_hat_filtered": [-0.794261,-1.9122,0.675765,-0.788501,0.31172,-0.564148,0.103648], "O_F_ext_hat_K": [1.25717,-0.578016,-3.89656,-1.53764,-0.586497,-0.783314], "K_F_ext_hat_K": [3.87402,-1.25232,-0.722307,-0.0890702,-1.504,0.111099], "O_dP_EE_d": [0,0,0,0,0,0], "O_ddP_O": [0,0,-9.81], "O_T_EE_c": [0.00589975,0.0449523,-0.998962,0,-0.999675,0.0246499,-0.00479474,0,0.0244093,0.998685,0.045084,0,-0.13663,0.766426,-0.0984913,1], "O_dP_EE_c": [0,0,0,0,0,0], "O_ddP_EE_c": [0,0,0,0,0,0], "theta": [-0.766278,-1.71262,2.3492,-1.14619,-2.17641,2.28954,1.05766], "dtheta": [0,0,0,0.0247283,0,0,0], "current_errors": [], "last_motion_errors": [], "control_command_success_rate": 0, "robot_mode": "User stopped", "time": 1241912}