{"O_T_EE": [0.016662,0.00538503,-0.999837,0,-0.987308,0.157986,-0.0156023,0,0.15788,0.987426,0.0079492,0,-0.0366805,0.77447,-0.0984823,1], "O_T_EE_d": [0.0167147,0.005401,-0.999836,0,-0.987299,0.158039,-0.0156514,0,0.157931,0.987418,0.00797413,0,-0.0366223,0.774444,-0.0985126,1], "F_T_NE": [0.7071,-0.7071,0,0,0.7071,0.7071,0,0,0,0,1,0,0,0,0.1034,1], "NE_T_EE": [1,0,0,0,0,1,0,0,0,0,1,0,0,0,0,1], "F_T_EE": [0.7071,-0.7071,0,0,0.7071,0.7071,0,0,0,0,1,0,0,0,0.1034,1], "EE_T_K": [1,0,0,0,0,1,0,0,0,0,1,0,0,0,0,1], "m_ee": 0.73, "F_x_Cee": [-0.01,0,0.03], "I_ee": [0.001,0,0,0,0.0025,0,0,0,0.0017], "m_load": 0, "F_x_Cload": [0,0,0], "I_load": [0,0,0,0,0,0,0,0,0], "m_total": 0.73, "F_x_Ctotal": [-0.01,0,0.03], "I_total": [0.001,0,0,0,0.0025,0,0,0,0.0017], "elbow": [2.27834,-1], "elbow_d": [2.27837,-1], "elbow_c": [2.27837,-1], "delbow_c": [0,0], "ddelbow_c": [0,0], "tau_J": [-0.597892,40.8646,-18.515,4.14916,-0.198238,-2.32851,0.102742], "tau_J_d": [0,0,0,0,0,0,0], "dtau_J": [-148.49,150.235,-35.5983,-15.0226,3.09286,9.3074,50.1422], "q": [-0.84367,-1.73991,2.27834,-1.16683,-2.13102,2.37085,1.09114], "dq": [-0.000241826,-0.000667787,0.000874771,0.0021024,0.000323607,-0.000773566,-0.00118602], "q_d": [-0.843702,-1.73995,2.27837,-1.16689,-2.13102,2.37075,1.09113], "dq_d": [0,0,0,0,0,0,0], "ddq_d": [0,0,0,0,0,0,0], "joint_contact": [0,0,0,0,0,0,0], "cartesian_contact": [0,0,0,0,0,0], "joint_collision": [0,0,0,0,0,0,0], "cartesian_collision": [0,0,0,0,0,0], "tau_ext_hat_filtered": [-0.572734,-1.16141,0.88106,-0.873909,0.510692,-0.772221,0.0907453], "O_F_ext_hat_K": [0.440713,-3.26707,-1.99835,-0.289468,-0.210877,-0.487473], "K_F_ext_hat_K": [1.98781,-0.92011,-3.1723,0.291762,-1.57064,0.154336], "O_dP_EE_d": [0,0,0,0,0,0], "O_ddP_O": [0,0,-9.81], "O_T_EE_c": [0.0167147,0.005401,-0.999836,0,-0.987299,0.158039,-0.0156514,0,0.157931,0.987418,0.00797413,0,-0.0366223,0.774444,-0.0985126,1], "O_dP_EE_c": [0,0,0,0,0,0], "O_ddP_EE_c": [0,0,0,0,0,0], "theta": [-0.843712,-1.73704,2.27704,-1.16654,-2.13104,2.37059,1.09115], "dtheta": [0,0,0,0,0,0,0], "current_errors": [], "last_motion_errors": [], "control_command_success_rate": 0, "robot_mode": "User stopped", "time": 1606435}