{"O_T_EE": [0.0159254,-0.00983201,-0.999815,0,-0.972749,0.231139,-0.0177672,0,0.231275,0.972871,-0.00588322,0,0.0136308,0.774017,-0.0982592,1], "O_T_EE_d": [0.0159792,-0.00984038,-0.999814,0,-0.972736,0.231187,-0.0178218,0,0.231324,0.972859,-0.00587802,0,0.0136757,0.773988,-0.09828,1], "F_T_NE": [0.7071,-0.7071,0,0,0.7071,0.7071,0,0,0,0,1,0,0,0,0.1034,1], "NE_T_EE": [1,0,0,0,0,1,0,0,0,0,1,0,0,0,0,1], "F_T_EE": [0.7071,-0.7071,0,0,0.7071,0.7071,0,0,0,0,1,0,0,0,0.1034,1], "EE_T_K": [1,0,0,0,0,1,0,0,0,0,1,0,0,0,0,1], "m_ee": 0.73, "F_x_Cee": [-0.01,0,0.03], "I_ee": [0.001,0,0,0,0.0025,0,0,0,0.0017], "m_load": 0, "F_x_Cload": [0,0,0], "I_load": [0,0,0,0,0,0,0,0,0], "m_total": 0.73, "F_x_Ctotal": [-0.01,0,0.03], "I_total": [0.001,0,0,0,0.0025,0,0,0,0.0017], "elbow": [2.28187,-1], "elbow_d": [2.28189,-1], "elbow_c": [2.28189,-1], "delbow_c": [0,0], "ddelbow_c": [0,0], "tau_J": [0.18763,40.7139,-18.1024,4.26421,-0.42712,-2.25801,0.000202917], "tau_J_d": [0,0,0,0,0,0,0], "dtau_J": [-68.6039,-21.2214,-34.4208,-80.3486,-5.40468,8.02912,22.8155], "q": [-0.906017,-1.72936,2.28187,-1.17579,-2.13064,2.38667,1.08352], "dq": [0.000590727,0.000238159,-1.01681e-05,0.00514218,0.000324926,0.000470697,-0.000145442], "q_d": [-0.906015,-1.72938,2.28189,-1.17588,-2.13064,2.38661,1.08352], "dq_d": [0,0,0,0,0,0,0], "ddq_d": [0,0,0,0,0,0,0], "joint_contact": [0,0,0,0,0,0,0], "cartesian_contact": [0,0,0,0,0,0], "joint_collision": [0,0,0,0,0,0,0], "cartesian_collision": [0,0,0,0,0,0], "tau_ext_hat_filtered": [0.193564,-1.31489,1.33772,-0.907981,0.302423,-0.694221,0.0178346], "O_F_ext_hat_K": [-0.640909,-5.83074,-1.02929,0.0625206,-0.162128,0.30155], "K_F_ext_hat_K": [1.07624,-0.705994,-5.81473,0.140168,-1.44635,0.0992483], "O_dP_EE_d": [0,0,0,0,0,0], "O_ddP_O": [0,0,-9.81], "O_T_EE_c": [0.0159792,-0.00984038,-0.999814,0,-0.972736,0.231187,-0.0178218,0,0.231324,0.972859,-0.00587802,0,0.0136757,0.773988,-0.09828,1], "O_dP_EE_c": [0,0,0,0,0,0], "O_ddP_EE_c": [0,0,0,0,0,0], "theta": [-0.906004,-1.7265,2.2806,-1.17549,-2.13069,2.38642,1.08352], "dtheta": [0,0,0,0,0,0,0], "current_errors": [], "last_motion_errors": [], "control_command_success_rate": 0, "robot_mode": "User stopped", "time": 1622260}