{"O_T_EE": [-0.017617,-0.01746,-0.999683,0,-0.850459,0.525992,0.00580057,0,0.525734,0.850307,-0.0241158,0,0.259904,0.722219,-0.0976832,1], "O_T_EE_d": [-0.0176108,-0.0174582,-0.999683,0,-0.850468,0.525976,0.00579664,0,0.525718,0.850317,-0.024111,0,0.259859,0.722215,-0.0976758,1], "F_T_NE": [0.7071,-0.7071,0,0,0.7071,0.7071,0,0,0,0,1,0,0,0,0.1034,1], "NE_T_EE": [1,0,0,0,0,1,0,0,0,0,1,0,0,0,0,1], "F_T_EE": [0.7071,-0.7071,0,0,0.7071,0.7071,0,0,0,0,1,0,0,0,0.1034,1], "EE_T_K": [1,0,0,0,0,1,0,0,0,0,1,0,0,0,0,1], "m_ee": 0.73, "F_x_Cee": [-0.01,0,0.03], "I_ee": [0.001,0,0,0,0.0025,0,0,0,0.0017], "m_load": 0, "F_x_Cload": [0,0,0], "I_load": [0,0,0,0,0,0,0,0,0], "m_total": 0.73, "F_x_Ctotal": [-0.01,0,0.03], "I_total": [0.001,0,0,0,0.0025,0,0,0,0.0017], "elbow": [2.24214,-1], "elbow_d": [2.24217,-1], "elbow_c": [2.24217,-1], "delbow_c": [0,0], "ddelbow_c": [0,0], "tau_J": [0.338387,39.6586,-19.003,3.03832,-0.42712,-2.08772,0.163167], "tau_J_d": [0,0,0,0,0,0,0], "dtau_J": [8.98789,-82.557,91.5513,-32.2278,-16.8153,-0.220095,64.4977], "q": [-1.18809,-1.74235,2.24214,-1.2159,-2.12678,2.41939,1.16198], "dq": [-0.000974522,0.00113847,-0.000960338,0.000235287,0.000330007,-0.0054141,-0.00150981], "q_d": [-1.18797,-1.7423,2.24217,-1.21602,-2.12677,2.41936,1.16198], "dq_d": [0,0,0,0,0,0,0], "ddq_d": [0,0,0,0,0,0,0], "joint_contact": [0,0,0,0,0,0,0], "cartesian_contact": [0,0,0,0,0,0], "joint_collision": [0,0,0,0,0,0,0], "cartesian_collision": [0,0,0,0,0,0], "tau_ext_hat_filtered": [0.302572,-1.29557,1.36293,-0.928402,0.362084,-0.614299,0.150645], "O_F_ext_hat_K": [-2.58489,-6.15443,-0.581343,0.271881,-0.151856,0.369568], "K_F_ext_hat_K": [0.734167,-1.04223,-6.5781,-0.115339,-1.39116,0.204963], "O_dP_EE_d": [0,0,0,0,0,0], "O_ddP_O": [0,0,-9.81], "O_T_EE_c": [-0.0176108,-0.0174582,-0.999683,0,-0.850468,0.525976,0.00579664,0,0.525718,0.850317,-0.024111,0,0.259859,0.722215,-0.0976758,1], "O_dP_EE_c": [0,0,0,0,0,0], "O_ddP_EE_c": [0,0,0,0,0,0], "theta": [-1.18806,-1.73956,2.24081,-1.21568,-2.12683,2.41916,1.162], "dtheta": [0,0,0,0,0,0,0], "current_errors": [], "last_motion_errors": [], "control_command_success_rate": 0, "robot_mode": "User stopped", "time": 2052906}