{"O_T_EE": [-0.00115177,-0.00624471,-0.99997,0,-0.636771,0.77103,-0.00408157,0,0.771047,0.636759,-0.00486459,0,0.478464,0.585897,-0.104595,1], "O_T_EE_d": [-0.000979627,-0.00610447,-0.999971,0,-0.636851,0.770963,-0.00408256,0,0.770981,0.636841,-0.00464299,0,0.478454,0.585955,-0.104511,1], "F_T_NE": [0.7071,-0.7071,0,0,0.7071,0.7071,0,0,0,0,1,0,0,0,0.1034,1], "NE_T_EE": [1,0,0,0,0,1,0,0,0,0,1,0,0,0,0,1], "F_T_EE": [0.7071,-0.7071,0,0,0.7071,0.7071,0,0,0,0,1,0,0,0,0.1034,1], "EE_T_K": [1,0,0,0,0,1,0,0,0,0,1,0,0,0,0,1], "m_ee": 0.73, "F_x_Cee": [-0.01,0,0.03], "I_ee": [0.001,0,0,0,0.0025,0,0,0,0.0017], "m_load": 0, "F_x_Cload": [0,0,0], "I_load": [0,0,0,0,0,0,0,0,0], "m_total": 0.73, "F_x_Ctotal": [-0.01,0,0.03], "I_total": [0.001,0,0,0,0.0025,0,0,0,0.0017], "elbow": [-0.869013,-1], "elbow_d": [-0.869079,-1], "elbow_c": [-0.869079,-1], "delbow_c": [0,0], "ddelbow_c": [0,0], "tau_J": [0.263009,-40.3814,-20.1297,3.3081,-0.326412,-2.60866,0.102742], "tau_J_d": [0,0,0,0,0,0,0], "dtau_J": [30.1158,104.904,-13.2154,4.27837,8.8099,21.5648,-63.8821], "q": [1.62837,1.74009,-0.869013,-1.25618,-2.14474,2.3575,1.16884], "dq": [-0.000599668,-1.11511e-05,-0.000235587,-0.00389835,-0.000322334,-0.000311191,0.0016452], "q_d": [1.62844,1.74005,-0.869079,-1.25621,-2.14472,2.35734,1.16885], "dq_d": [0,0,0,0,0,0,0], "ddq_d": [0,0,0,0,0,0,0], "joint_contact": [0,0,0,0,0,0,0], "cartesian_contact": [0,0,0,0,0,0], "joint_collision": [0,0,0,0,0,0,0], "cartesian_collision": [0,0,0,0,0,0], "tau_ext_hat_filtered": [0.163583,-0.116689,0.1704,-0.522176,0.36282,-1.08872,0.138458], "O_F_ext_hat_K": [-3.50107,-4.03441,1.29603,1.33288,-1.11978,0.264266], "K_F_ext_hat_K": [-1.26679,-0.886584,-5.27474,-0.139076,-1.30213,0.215543], "O_dP_EE_d": [0,0,0,0,0,0], "O_ddP_O": [0,0,-9.81], "O_T_EE_c": [-0.000979627,-0.00610447,-0.999971,0,-0.636851,0.770963,-0.00408256,0,0.770981,0.636841,-0.00464299,0,0.478454,0.585955,-0.104511,1], "O_dP_EE_c": [0,0,0,0,0,0], "O_ddP_EE_c": [0,0,0,0,0,0], "theta": [1.62839,1.73726,-0.870426,-1.25594,-2.14477,2.35721,1.16885], "dtheta": [0,0,0,-0.0251261,0,0,0], "current_errors": [], "last_motion_errors": [], "control_command_success_rate": 0, "robot_mode": "User stopped", "time": 2220336}