{"O_T_EE": [-0.0131677,-0.0140844,-0.999804,0,-0.681986,0.731351,-0.00132073,0,0.731241,0.681848,-0.0192359,0,0.439889,0.617555,-0.104299,1], "O_T_EE_d": [-0.0131078,-0.0139835,-0.999807,0,-0.681997,0.73134,-0.00128751,0,0.731231,0.681862,-0.0191234,0,0.439884,0.617579,-0.104248,1], "F_T_NE": [0.7071,-0.7071,0,0,0.7071,0.7071,0,0,0,0,1,0,0,0,0.1034,1], "NE_T_EE": [1,0,0,0,0,1,0,0,0,0,1,0,0,0,0,1], "F_T_EE": [0.7071,-0.7071,0,0,0.7071,0.7071,0,0,0,0,1,0,0,0,0.1034,1], "EE_T_K": [1,0,0,0,0,1,0,0,0,0,1,0,0,0,0,1], "m_ee": 0.73, "F_x_Cee": [-0.01,0,0.03], "I_ee": [0.001,0,0,0,0.0025,0,0,0,0.0017], "m_load": 0, "F_x_Cload": [0,0,0], "I_load": [0,0,0,0,0,0,0,0,0], "m_total": 0.73, "F_x_Ctotal": [-0.01,0,0.03], "I_total": [0.001,0,0,0,0.0025,0,0,0,0.0017], "elbow": [-0.861954,-1], "elbow_d": [-0.861965,-1], "elbow_c": [-0.861965,-1], "delbow_c": [0,0], "ddelbow_c": [0,0], "tau_J": [-0.371757,-40.2306,-19.4909,3.03832,-0.372189,-2.4283,0.0615432], "tau_J_d": [0,0,0,0,0,0,0], "dtau_J": [-66.7972,-56.3059,30.8469,-86.1003,-5.31677,0.0644247,-60.0819], "q": [1.6837,1.72838,-0.861954,-1.25025,-2.15577,2.37315,1.16237], "dq": [0.0005662,-9.17008e-05,-0.000583382,0.000219321,6.12623e-05,0.000503561,0.000910115], "q_d": [1.68374,1.72832,-0.861965,-1.25032,-2.15575,2.37306,1.16238], "dq_d": [0,0,0,0,0,0,0], "ddq_d": [0,0,0,0,0,0,0], "joint_contact": [0,0,0,0,0,0,0], "cartesian_contact": [0,0,0,0,0,0], "joint_collision": [0,0,0,0,0,0,0], "cartesian_collision": [0,0,0,0,0,0], "tau_ext_hat_filtered": [-0.332703,0.389227,0.672093,-1.02797,0.356506,-0.939815,0.0888488], "O_F_ext_hat_K": [-3.21684,-4.88696,0.691654,0.987021,-0.784482,-0.157984], "K_F_ext_hat_K": [-0.580342,-1.38118,-5.69775,-0.00776832,-1.32606,0.225815], "O_dP_EE_d": [0,0,0,0,0,0], "O_ddP_O": [0,0,-9.81], "O_T_EE_c": [-0.0131078,-0.0139835,-0.999807,0,-0.681997,0.73134,-0.00128751,0,0.731231,0.681862,-0.0191234,0,0.439884,0.617579,-0.104248,1], "O_dP_EE_c": [0,0,0,0,0,0], "O_ddP_EE_c": [0,0,0,0,0,0], "theta": [1.68368,1.72556,-0.863321,-1.25004,-2.15581,2.37288,1.16237], "dtheta": [0,0,0,0,0,0,0], "current_errors": [], "last_motion_errors": [], "control_command_success_rate": 0, "robot_mode": "User stopped", "time": 2202017}