{"O_T_EE": [0.00728443,0.0231933,-0.999695,0,-0.774899,0.632006,0.00901638,0,0.632035,0.774611,0.0225767,0,0.356219,0.671901,-0.104197,1], "O_T_EE_d": [0.00735845,0.0232492,-0.999693,0,-0.774871,0.63204,0.00899532,0,0.632068,0.774582,0.0226664,0,0.35627,0.671883,-0.104165,1], "F_T_NE": [0.7071,-0.7071,0,0,0.7071,0.7071,0,0,0,0,1,0,0,0,0.1034,1], "NE_T_EE": [1,0,0,0,0,1,0,0,0,0,1,0,0,0,0,1], "F_T_EE": [0.7071,-0.7071,0,0,0.7071,0.7071,0,0,0,0,1,0,0,0,0.1034,1], "EE_T_K": [1,0,0,0,0,1,0,0,0,0,1,0,0,0,0,1], "m_ee": 0.73, "F_x_Cee": [-0.01,0,0.03], "I_ee": [0.001,0,0,0,0.0025,0,0,0,0.0017], "m_load": 0, "F_x_Cload": [0,0,0], "I_load": [0,0,0,0,0,0,0,0,0], "m_total": 0.73, "F_x_Ctotal": [-0.01,0,0.03], "I_total": [0.001,0,0,0,0.0025,0,0,0,0.0017], "elbow": [-0.506666,-1], "elbow_d": [-0.506723,-1], "elbow_c": [-0.506723,-1], "delbow_c": [0,0], "ddelbow_c": [0,0], "tau_J": [-0.597892,-44.0353,-13.417,9.97711,-0.189083,-2.44844,0.102742], "tau_J_d": [0,0,0,0,0,0,0], "dtau_J": [51.3463,113.221,60.9784,37.8939,1.63295,-22.4178,27.5129], "q": [1.56567,1.53847,-0.506666,-1.27407,-2.44453,2.11898,0.983582], "dq": [0.000518237,-0.0016446,-0.000405658,-0.000500351,-0.000155123,0.000549256,0.000401188], "q_d": [1.56565,1.53845,-0.506723,-1.27411,-2.44452,2.11891,0.98361], "dq_d": [0,0,0,0,0,0,0], "ddq_d": [0,0,0,0,0,0,0], "joint_contact": [0,0,0,0,0,0,0], "cartesian_contact": [0,0,0,0,0,0], "joint_collision": [0,0,0,0,0,0,0], "cartesian_collision": [0,0,0,0,0,0], "tau_ext_hat_filtered": [-0.593175,0.633107,0.194776,-0.563911,0.192715,-0.767728,0.110982], "O_F_ext_hat_K": [-0.663526,-2.77378,-0.718769,0.20407,-0.198857,-0.447153], "K_F_ext_hat_K": [0.649395,-1.24539,-2.5842,-0.100121,-1.08668,0.21311], "O_dP_EE_d": [0,0,0,0,0,0], "O_ddP_O": [0,0,-9.81], "O_T_EE_c": [0.00735845,0.0232492,-0.999693,0,-0.774871,0.63204,0.00899532,0,0.632068,0.774582,0.0226664,0,0.35627,0.671883,-0.104165,1], "O_dP_EE_c": [0,0,0,0,0,0], "O_ddP_EE_c": [0,0,0,0,0,0], "theta": [1.56563,1.53538,-0.507607,-1.27337,-2.44455,2.11871,0.983593], "dtheta": [0,0,0,0,0,0,0], "current_errors": [], "last_motion_errors": [], "control_command_success_rate": 0, "robot_mode": "User stopped", "time": 1912548}