{"O_T_EE": [-0.0368833,0.00332568,-0.999304,0,-0.527517,0.849241,0.0222964,0,0.84874,0.527982,-0.029569,0,0.550599,0.522146,-0.0973431,1], "O_T_EE_d": [-0.0368317,0.00332045,-0.999306,0,-0.527481,0.849264,0.0222634,0,0.848765,0.527945,-0.029529,0,0.550609,0.522113,-0.0973296,1], "F_T_NE": [0.7071,-0.7071,0,0,0.7071,0.7071,0,0,0,0,1,0,0,0,0.1034,1], "NE_T_EE": [1,0,0,0,0,1,0,0,0,0,1,0,0,0,0,1], "F_T_EE": [0.7071,-0.7071,0,0,0.7071,0.7071,0,0,0,0,1,0,0,0,0.1034,1], "EE_T_K": [1,0,0,0,0,1,0,0,0,0,1,0,0,0,0,1], "m_ee": 0.73, "F_x_Cee": [-0.01,0,0.03], "I_ee": [0.001,0,0,0,0.0025,0,0,0,0.0017], "m_load": 0, "F_x_Cload": [0,0,0], "I_load": [0,0,0,0,0,0,0,0,0], "m_total": 0.73, "F_x_Ctotal": [-0.01,0,0.03], "I_total": [0.001,0,0,0,0.0025,0,0,0,0.0017], "elbow": [2.23694,-1], "elbow_d": [2.23694,-1], "elbow_c": [2.23694,-1], "delbow_c": [0,0], "ddelbow_c": [0,0], "tau_J": [0.0368734,39.7736,-20.6891,2.50274,-0.436275,-2.37794,0.0816849], "tau_J_d": [0,0,0,0,0,0,0], "dtau_J": [105.636,-7.04388,-33.5552,14.773,1.88703,15.1166,-85.3681], "q": [-1.61985,-1.73838,2.23694,-1.26627,-2.14039,2.41484,1.21746], "dq": [-0.00127861,4.72736e-05,-0.00954821,-0.000104433,-0.000163531,-0.000522744,0.00268524], "q_d": [-1.61982,-1.73835,2.23694,-1.26639,-2.14038,2.41477,1.21746], "dq_d": [0,0,0,0,0,0,0], "ddq_d": [0,0,0,0,0,0,0], "joint_contact": [0,0,0,0,0,0,0], "cartesian_contact": [0,0,0,0,0,0], "joint_collision": [0,0,0,0,0,0,0], "cartesian_collision": [0,0,0,0,0,0], "tau_ext_hat_filtered": [0.0379171,-0.329518,0.302551,-0.77504,0.355089,-0.944993,0.139203], "O_F_ext_hat_K": [-3.97438,-4.00919,0.82885,0.923956,-1.10028,0.106945], "K_F_ext_hat_K": [-0.695032,-1.28976,-5.5145,-0.274989,-1.33505,0.196803], "O_dP_EE_d": [0,0,0,0,0,0], "O_ddP_O": [0,0,-9.81], "O_T_EE_c": [-0.0368317,0.00332045,-0.999306,0,-0.527481,0.849264,0.0222634,0,0.848765,0.527945,-0.029529,0,0.550609,0.522113,-0.0973296,1], "O_dP_EE_c": [0,0,0,0,0,0], "O_ddP_EE_c": [0,0,0,0,0,0], "theta": [-1.61985,-1.73559,2.23548,-1.26609,-2.14044,2.41457,1.21747], "dtheta": [0,0,-0.026355,0,0,0,0], "current_errors": [], "last_motion_errors": [], "control_command_success_rate": 0, "robot_mode": "User stopped", "time": 269335}