{"O_T_EE": [0.0156837,0.00600128,-0.999849,0,-0.175917,0.98439,0.00314904,0,0.98428,0.175844,0.016495,0,0.705881,0.257357,-0.104129,1], "O_T_EE_d": [0.0158365,0.00605151,-0.999847,0,-0.1759,0.984393,0.00317192,0,0.98428,0.175826,0.0166541,0,0.705913,0.257351,-0.104064,1], "F_T_NE": [0.7071,-0.7071,0,0,0.7071,0.7071,0,0,0,0,1,0,0,0,0.1034,1], "NE_T_EE": [1,0,0,0,0,1,0,0,0,0,1,0,0,0,0,1], "F_T_EE": [0.7071,-0.7071,0,0,0.7071,0.7071,0,0,0,0,1,0,0,0,0.1034,1], "EE_T_K": [1,0,0,0,0,1,0,0,0,0,1,0,0,0,0,1], "m_ee": 0.73, "F_x_Cee": [-0.01,0,0.03], "I_ee": [0.001,0,0,0,0.0025,0,0,0,0.0017], "m_load": 0, "F_x_Cload": [0,0,0], "I_load": [0,0,0,0,0,0,0,0,0], "m_total": 0.73, "F_x_Ctotal": [-0.01,0,0.03], "I_total": [0.001,0,0,0,0.0025,0,0,0,0.0017], "elbow": [-0.649139,-1], "elbow_d": [-0.649176,-1], "elbow_c": [-0.649176,-1], "delbow_c": [0,0], "ddelbow_c": [0,0], "tau_J": [0.151925,-42.3016,-16.5274,7.18017,0.00226218,-2.43837,0.0514724], "tau_J_d": [0,0,0,0,0,0,0], "dtau_J": [-19.939,3.44052,49.1451,0.349544,-0.820785,1.59728,-1.16798], "q": [0.958734,1.59487,-0.649139,-1.31447,-2.35871,2.17225,1.09581], "dq": [-0.0018082,-0.00046826,-0.000325647,0.00111313,-5.55377e-05,-0.0002583,0.000164145], "q_d": [0.958728,1.59482,-0.649176,-1.3145,-2.35867,2.17214,1.09582], "dq_d": [0,0,0,0,0,0,0], "ddq_d": [0,0,0,0,0,0,0], "joint_contact": [0,0,0,0,0,0,0], "cartesian_contact": [0,0,0,0,0,0], "joint_collision": [0,0,0,0,0,0,0], "cartesian_collision": [0,0,0,0,0,0], "tau_ext_hat_filtered": [0.268351,0.237184,0.550861,-0.532503,0.426102,-0.829378,0.0764016], "O_F_ext_hat_K": [-4.98325,-1.16611,0.732682,0.404369,-1.11505,0.346454], "K_F_ext_hat_K": [-0.817742,-0.268969,-5.09788,0.111446,-1.15902,0.133694], "O_dP_EE_d": [0,0,0,0,0,0], "O_ddP_O": [0,0,-9.81], "O_T_EE_c": [0.0158365,0.00605151,-0.999847,0,-0.1759,0.984393,0.00317192,0,0.98428,0.175826,0.0166541,0,0.705913,0.257351,-0.104064,1], "O_dP_EE_c": [0,0,0,0,0,0], "O_ddP_EE_c": [0,0,0,0,0,0], "theta": [0.958744,1.5919,-0.650299,-1.31396,-2.35871,2.17198,1.09582], "dtheta": [0,0,0,0,0,0,0], "current_errors": [], "last_motion_errors": [], "control_command_success_rate": 0, "robot_mode": "User stopped", "time": 1999276}