{"O_T_EE": [0.000602574,-0.0016177,-0.999989,0,-0.0528388,0.998592,-0.00164728,0,0.998603,0.0528402,0.000516258,0,0.736936,0.167744,-0.0950334,1], "O_T_EE_d": [0.000774763,-0.00158327,-0.999989,0,-0.0528465,0.998592,-0.00162201,0,0.998602,0.0528482,0.000690015,0,0.736947,0.167749,-0.0949806,1], "F_T_NE": [0.7071,-0.7071,0,0,0.7071,0.7071,0,0,0,0,1,0,0,0,0.1034,1], "NE_T_EE": [1,0,0,0,0,1,0,0,0,0,1,0,0,0,0,1], "F_T_EE": [0.7071,-0.7071,0,0,0.7071,0.7071,0,0,0,0,1,0,0,0,0.1034,1], "EE_T_K": [1,0,0,0,0,1,0,0,0,0,1,0,0,0,0,1], "m_ee": 0.73, "F_x_Cee": [-0.01,0,0.03], "I_ee": [0.001,0,0,0,0.0025,0,0,0,0.0017], "m_load": 0, "F_x_Cload": [0,0,0], "I_load": [0,0,0,0,0,0,0,0,0], "m_total": 0.73, "F_x_Ctotal": [-0.01,0,0.03], "I_total": [0.001,0,0,0,0.0025,0,0,0,0.0017], "elbow": [2.58105,-1], "elbow_d": [2.58104,-1], "elbow_c": [2.58104,-1], "delbow_c": [0,0], "ddelbow_c": [0,0], "tau_J": [0.560555,43.6536,-14.6548,8.82659,-0.0526695,-2.67824,0.143025], "tau_J_d": [0,0,0,0,0,0,0], "dtau_J": [-68.8185,-96.1768,-16.7924,91.7721,7.21097,11.3642,68.3092], "q": [-2.38126,-1.51571,2.58105,-1.33867,-2.45969,2.14707,1.04237], "dq": [-0.000114162,0.000634185,-0.000483344,-0.000282509,3.12683e-05,-0.000530591,-0.00150326], "q_d": [-2.38122,-1.51566,2.58104,-1.33875,-2.45966,2.14689,1.04239], "dq_d": [0,0,0,0,0,0,0], "ddq_d": [0,0,0,0,0,0,0], "joint_contact": [0,0,0,0,0,0,0], "cartesian_contact": [0,0,0,0,0,0], "joint_collision": [0,0,0,0,0,0,0], "cartesian_collision": [0,0,0,0,0,0], "tau_ext_hat_filtered": [0.565917,-0.16216,0.504287,-0.726589,0.341619,-1.10381,0.134538], "O_F_ext_hat_K": [-7.5505,-1.07207,1.99512,0.490595,-2.10134,0.635236], "K_F_ext_hat_K": [-1.99795,-0.674896,-7.59557,-0.156408,-1.36061,0.186267], "O_dP_EE_d": [0,0,0,0,0,0], "O_ddP_O": [0,0,-9.81], "O_T_EE_c": [0.000774763,-0.00158327,-0.999989,0,-0.0528465,0.998592,-0.00162201,0,0.998602,0.0528482,0.000690015,0,0.736947,0.167749,-0.0949806,1], "O_dP_EE_c": [0,0,0,0,0,0], "O_ddP_EE_c": [0,0,0,0,0,0], "theta": [-2.38122,-1.51265,2.58002,-1.33805,-2.4597,2.14677,1.04238], "dtheta": [0,0,0,0,0,0,0], "current_errors": [], "last_motion_errors": [], "control_command_success_rate": 0, "robot_mode": "User stopped", "time": 1210626}