{"O_T_EE": [-0.00859167,0.0183786,-0.999785,0,-0.088118,0.995918,0.0190647,0,0.996073,0.0882646,-0.00693725,0,0.720231,0.207456,-0.104698,1], "O_T_EE_d": [-0.00851331,0.0183456,-0.999786,0,-0.0880986,0.99592,0.0190248,0,0.996075,0.0882434,-0.0068625,0,0.72021,0.207436,-0.104683,1], "F_T_NE": [0.7071,-0.7071,0,0,0.7071,0.7071,0,0,0,0,1,0,0,0,0.1034,1], "NE_T_EE": [1,0,0,0,0,1,0,0,0,0,1,0,0,0,0,1], "F_T_EE": [0.7071,-0.7071,0,0,0.7071,0.7071,0,0,0,0,1,0,0,0,0.1034,1], "EE_T_K": [1,0,0,0,0,1,0,0,0,0,1,0,0,0,0,1], "m_ee": 0.73, "F_x_Cee": [-0.01,0,0.03], "I_ee": [0.001,0,0,0,0.0025,0,0,0,0.0017], "m_load": 0, "F_x_Cload": [0,0,0], "I_load": [0,0,0,0,0,0,0,0,0], "m_total": 0.73, "F_x_Ctotal": [-0.01,0,0.03], "I_total": [0.001,0,0,0,0.0025,0,0,0,0.0017], "elbow": [0.0141808,-1], "elbow_d": [0.0141724,-1], "elbow_c": [0.0141724,-1], "delbow_c": [0,0], "ddelbow_c": [0,0], "tau_J": [0.0765462,-46.7529,-0.106793,12.4686,-0.262325,-2.52809,0.02126], "tau_J_d": [0,0,0,0,0,0,0], "dtau_J": [-109.895,38.8874,3.10948,-9.24563,-5.61161,8.78485,-138.678], "q": [0.325732,1.38051,0.0141808,-1.38812,-2.88415,1.93619,0.698026], "dq": [0.0013509,-0.000717618,0.000172768,0.00645047,0.00026394,-0.000190705,0.00342301], "q_d": [0.325731,1.38044,0.0141724,-1.38828,-2.88414,1.93602,0.698017], "dq_d": [0,0,0,0,0,0,0], "ddq_d": [0,0,0,0,0,0,0], "joint_contact": [0,0,0,0,0,0,0], "cartesian_contact": [0,0,0,0,0,0], "joint_collision": [0,0,0,0,0,0,0], "cartesian_collision": [0,0,0,0,0,0], "tau_ext_hat_filtered": [0.166439,0.195704,0.174946,-1.04128,0.0733358,-0.910381,0.105656], "O_F_ext_hat_K": [-7.68652,-1.9138,3.10532,0.661293,-2.34643,0.208653], "K_F_ext_hat_K": [-3.07384,-1.16949,-7.8468,-0.0111186,-0.930221,0.135915], "O_dP_EE_d": [0,0,0,0,0,0], "O_ddP_O": [0,0,-9.81], "O_T_EE_c": [-0.00851331,0.0183456,-0.999786,0,-0.0880986,0.99592,0.0190248,0,0.996075,0.0882434,-0.0068625,0,0.72021,0.207436,-0.104683,1], "O_dP_EE_c": [0,0,0,0,0,0], "O_ddP_EE_c": [0,0,0,0,0,0], "theta": [0.325738,1.37723,0.0141733,-1.38724,-2.88418,1.93591,0.698028], "dtheta": [0,0,0,0.0245268,0,0,0], "current_errors": [], "last_motion_errors": [], "control_command_success_rate": 0, "robot_mode": "User stopped", "time": 543182}