{"O_T_EE": [0.0392335,0.0180076,-0.999058,0,0.107855,0.99391,0.0221503,0,0.993392,-0.108624,0.0370531,0,0.750906,0.068305,-0.0976622,1], "O_T_EE_d": [0.0394302,0.0179855,-0.999051,0,0.107828,0.993913,0.0221487,0,0.993387,-0.108601,0.0372515,0,0.750927,0.068299,-0.0975994,1], "F_T_NE": [0.7071,-0.7071,0,0,0.7071,0.7071,0,0,0,0,1,0,0,0,0.1034,1], "NE_T_EE": [1,0,0,0,0,1,0,0,0,0,1,0,0,0,0,1], "F_T_EE": [0.7071,-0.7071,0,0,0.7071,0.7071,0,0,0,0,1,0,0,0,0.1034,1], "EE_T_K": [1,0,0,0,0,1,0,0,0,0,1,0,0,0,0,1], "m_ee": 0.73, "F_x_Cee": [-0.01,0,0.03], "I_ee": [0.001,0,0,0,0.0025,0,0,0,0.0017], "m_load": 0, "F_x_Cload": [0,0,0], "I_load": [0,0,0,0,0,0,0,0,0], "m_total": 0.73, "F_x_Ctotal": [-0.01,0,0.03], "I_total": [0.001,0,0,0,0.0025,0,0,0,0.0017], "elbow": [2.2885,-1], "elbow_d": [2.28848,-1], "elbow_c": [2.28848,-1], "delbow_c": [0,0], "ddelbow_c": [0,0], "tau_J": [-0.482841,39.9244,-20.4272,3.078,-0.527828,-2.8293,0.0615432], "tau_J_d": [0,0,0,0,0,0,0], "dtau_J": [-17.7016,-137.582,107.318,95.579,-15.102,-0.681776,-86.7367], "q": [-2.30047,-1.72834,2.2885,-1.28329,-2.13032,2.302,1.18288], "dq": [-0.000249241,0.00115042,-0.00195811,0.000505004,0.000122239,-2.27372e-05,0.00224204], "q_d": [-2.30046,-1.7283,2.28848,-1.28334,-2.1303,2.30181,1.18288], "dq_d": [0,0,0,0,0,0,0], "ddq_d": [0,0,0,0,0,0,0], "joint_contact": [0,0,0,0,0,0,0], "cartesian_contact": [0,0,0,0,0,0], "joint_collision": [0,0,0,0,0,0,0], "cartesian_collision": [0,0,0,0,0,0], "tau_ext_hat_filtered": [-0.517463,-0.0305038,-0.148861,-0.755913,0.112913,-1.21344,0.121362], "O_F_ext_hat_K": [-4.15036,-1.50902,1.04069,0.013571,-1.58368,-0.350943], "K_F_ext_hat_K": [-1.22974,-1.92445,-3.92046,-0.516471,-1.17948,0.238916], "O_dP_EE_d": [0,0,0,0,0,0], "O_ddP_O": [0,0,-9.81], "O_T_EE_c": [0.0394302,0.0179855,-0.999051,0,0.107828,0.993913,0.0221487,0,0.993387,-0.108601,0.0372515,0,0.750927,0.068299,-0.0975994,1], "O_dP_EE_c": [0,0,0,0,0,0], "O_ddP_EE_c": [0,0,0,0,0,0], "theta": [-2.3005,-1.72554,2.28707,-1.28307,-2.13038,2.30168,1.18289], "dtheta": [0,0,0,0,0,0,0], "current_errors": [], "last_motion_errors": [], "control_command_success_rate": 0, "robot_mode": "User stopped", "time": 2861619}