{"O_T_EE": [0.0171476,0.00276065,-0.99984,0,0.303757,0.952707,0.00784005,0,0.952594,-0.303849,0.0154983,0,0.748881,-0.0821163,-0.0982351,1], "O_T_EE_d": [0.0170757,0.00264027,-0.999841,0,0.303808,0.952692,0.00770433,0,0.952579,-0.303897,0.015466,0,0.748804,-0.0821679,-0.0982944,1], "F_T_NE": [0.7071,-0.7071,0,0,0.7071,0.7071,0,0,0,0,1,0,0,0,0.1034,1], "NE_T_EE": [1,0,0,0,0,1,0,0,0,0,1,0,0,0,0,1], "F_T_EE": [0.7071,-0.7071,0,0,0.7071,0.7071,0,0,0,0,1,0,0,0,0.1034,1], "EE_T_K": [1,0,0,0,0,1,0,0,0,0,1,0,0,0,0,1], "m_ee": 0.73, "F_x_Cee": [-0.01,0,0.03], "I_ee": [0.001,0,0,0,0.0025,0,0,0,0.0017], "m_load": 0, "F_x_Cload": [0,0,0], "I_load": [0,0,0,0,0,0,0,0,0], "m_total": 0.73, "F_x_Ctotal": [-0.01,0,0.03], "I_total": [0.001,0,0,0,0.0025,0,0,0,0.0017], "elbow": [2.27326,-1], "elbow_d": [2.27329,-1], "elbow_c": [2.27329,-1], "delbow_c": [0,0], "ddelbow_c": [0,0], "tau_J": [0.822396,39.0556,-19.3045,2.11791,-0.564449,-2.32851,0.0111892], "tau_J_d": [0,0,0,0,0,0,0], "dtau_J": [-71.8708,49.7022,-174.103,-43.1828,-18.3433,-13.7163,-74.3372], "q": [-2.48976,-1.73069,2.27326,-1.28842,-2.13417,2.33435,1.18463], "dq": [-0.000295817,-0.00133317,0.00307033,-0.000883325,0.000113433,4.57155e-05,0.00167997], "q_d": [-2.48969,-1.73077,2.27329,-1.2886,-2.13415,2.33426,1.18463], "dq_d": [0,0,0,0,0,0,0], "ddq_d": [0,0,0,0,0,0,0], "joint_contact": [0,0,0,0,0,0,0], "cartesian_contact": [0,0,0,0,0,0], "joint_collision": [0,0,0,0,0,0,0], "cartesian_collision": [0,0,0,0,0,0], "tau_ext_hat_filtered": [0.843757,-0.77137,1.30676,-1.24731,0.115827,-0.794691,0.0552935], "O_F_ext_hat_K": [-10.1149,1.86271,2.3998,-0.192334,-1.85837,0.981006], "K_F_ext_hat_K": [-2.56777,-1.27906,-10.1642,-0.422594,-1.05583,0.157165], "O_dP_EE_d": [0,0,0,0,0,0], "O_ddP_O": [0,0,-9.81], "O_T_EE_c": [0.0170757,0.00264027,-0.999841,0,0.303808,0.952692,0.00770433,0,0.952579,-0.303897,0.015466,0,0.748804,-0.0821679,-0.0982944,1], "O_dP_EE_c": [0,0,0,0,0,0], "O_ddP_EE_c": [0,0,0,0,0,0], "theta": [-2.4897,-1.72795,2.2719,-1.28827,-2.13424,2.33409,1.18463], "dtheta": [0,0,0,0,0,0,0], "current_errors": [], "last_motion_errors": [], "control_command_success_rate": 0, "robot_mode": "User stopped", "time": 3013289}