{"O_T_EE": [0.0441483,0.0146373,-0.998908,0,0.233984,0.97192,0.0245831,0,0.971237,-0.234818,0.0394845,0,0.752534,-0.0322302,-0.0981648,1], "O_T_EE_d": [0.0442002,0.0145062,-0.998908,0,0.23399,0.971921,0.024468,0,0.971233,-0.234821,0.0395655,0,0.752486,-0.0322653,-0.0981684,1], "F_T_NE": [0.7071,-0.7071,0,0,0.7071,0.7071,0,0,0,0,1,0,0,0,0.1034,1], "NE_T_EE": [1,0,0,0,0,1,0,0,0,0,1,0,0,0,0,1], "F_T_EE": [0.7071,-0.7071,0,0,0.7071,0.7071,0,0,0,0,1,0,0,0,0.1034,1], "EE_T_K": [1,0,0,0,0,1,0,0,0,0,1,0,0,0,0,1], "m_ee": 0.73, "F_x_Cee": [-0.01,0,0.03], "I_ee": [0.001,0,0,0,0.0025,0,0,0,0.0017], "m_load": 0, "F_x_Cload": [0,0,0], "I_load": [0,0,0,0,0,0,0,0,0], "m_total": 0.73, "F_x_Ctotal": [-0.01,0,0.03], "I_total": [0.001,0,0,0,0.0025,0,0,0,0.0017], "elbow": [2.285,-1], "elbow_d": [2.285,-1], "elbow_c": [2.285,-1], "delbow_c": [0,0], "ddelbow_c": [0,0], "tau_J": [0.675606,39.5078,-19.6417,2.77252,-0.353878,-2.67824,0.071614], "tau_J_d": [0,0,0,0,0,0,0], "dtau_J": [-1.16987,-47.7302,-137.263,-71.1885,-24.7509,1.00917,-94.004], "q": [-2.42983,-1.73329,2.285,-1.28572,-2.13126,2.29827,1.19353], "dq": [-1.27387e-05,-0.000408809,0.000710168,0.000447309,-0.00293839,-0.000160634,0.00118981], "q_d": [-2.42973,-1.73332,2.285,-1.28593,-2.13123,2.29811,1.19355], "dq_d": [0,0,0,0,0,0,0], "ddq_d": [0,0,0,0,0,0,0], "joint_contact": [0,0,0,0,0,0,0], "cartesian_contact": [0,0,0,0,0,0], "joint_collision": [0,0,0,0,0,0,0], "cartesian_collision": [0,0,0,0,0,0], "tau_ext_hat_filtered": [0.689247,-0.345093,0.875645,-0.852487,0.293033,-1.06389,0.136728], "O_F_ext_hat_K": [-8.41843,1.05238,1.88642,-0.0526285,-1.8941,0.813299], "K_F_ext_hat_K": [-2.24066,-0.900591,-8.34892,-0.315627,-1.27944,0.224631], "O_dP_EE_d": [0,0,0,0,0,0], "O_ddP_O": [0,0,-9.81], "O_T_EE_c": [0.0442002,0.0145062,-0.998908,0,0.23399,0.971921,0.024468,0,0.971233,-0.234821,0.0395655,0,0.752486,-0.0322653,-0.0981684,1], "O_dP_EE_c": [0,0,0,0,0,0], "O_ddP_EE_c": [0,0,0,0,0,0], "theta": [-2.42978,-1.73052,2.28362,-1.28552,-2.13129,2.29798,1.19354], "dtheta": [0,0,0,0,0,0,0], "current_errors": [], "last_motion_errors": [], "control_command_success_rate": 0, "robot_mode": "User stopped", "time": 2990929}