{"O_T_EE": [0.00288952,-0.00262635,-0.999983,0,0.467814,0.883816,-0.000969465,0,0.88382,-0.467812,0.00378252,0,0.71872,-0.229872,-0.0983176,1], "O_T_EE_d": [0.00278381,-0.0025254,-0.999983,0,0.467866,0.883788,-0.000929484,0,0.883793,-0.467865,0.00364191,0,0.718625,-0.229832,-0.0984327,1], "F_T_NE": [0.7071,-0.7071,0,0,0.7071,0.7071,0,0,0,0,1,0,0,0,0.1034,1], "NE_T_EE": [1,0,0,0,0,1,0,0,0,0,1,0,0,0,0,1], "F_T_EE": [0.7071,-0.7071,0,0,0.7071,0.7071,0,0,0,0,1,0,0,0,0.1034,1], "EE_T_K": [1,0,0,0,0,1,0,0,0,0,1,0,0,0,0,1], "m_ee": 0.73, "F_x_Cee": [-0.01,0,0.03], "I_ee": [0.001,0,0,0,0.0025,0,0,0,0.0017], "m_load": 0, "F_x_Cload": [0,0,0], "I_load": [0,0,0,0,0,0,0,0,0], "m_total": 0.73, "F_x_Ctotal": [-0.01,0,0.03], "I_total": [0.001,0,0,0,0.0025,0,0,0,0.0017], "elbow": [2.27852,-1], "elbow_d": [2.27871,-1], "elbow_c": [2.27871,-1], "delbow_c": [0,0], "ddelbow_c": [0,0], "tau_J": [1.04853,38.5279,-18.6658,2.61779,-0.317257,-2.08772,0.204366], "tau_J_d": [0,0,0,0,0,0,0], "dtau_J": [-17.4591,-136.741,-56.8972,73.1731,26.1031,-13.3843,84.6174], "q": [-2.69808,-1.72328,2.27852,-1.29086,-2.18218,2.33161,1.20168], "dq": [0.000276464,0.00144272,0.000306933,-0.00022654,-0.000269012,0.000228026,-0.000872064], "q_d": [-2.69798,-1.72331,2.27871,-1.29104,-2.18214,2.33154,1.20172], "dq_d": [0,0,0,0,0,0,0], "ddq_d": [0,0,0,0,0,0,0], "joint_contact": [0,0,0,0,0,0,0], "cartesian_contact": [0,0,0,0,0,0], "joint_collision": [0,0,0,0,0,0,0], "cartesian_collision": [0,0,0,0,0,0], "tau_ext_hat_filtered": [1.08089,-1.35037,1.938,-1.061,0.353156,-0.572821,0.166493], "O_F_ext_hat_K": [-8.88972,4.11353,0.579574,-0.147767,-0.797723,1.14529], "K_F_ext_hat_K": [-0.616066,-0.523702,-9.77908,-0.230251,-1.30559,0.217775], "O_dP_EE_d": [0,0,0,0,0,0], "O_ddP_O": [0,0,-9.81], "O_T_EE_c": [0.00278381,-0.0025254,-0.999983,0,0.467866,0.883788,-0.000929484,0,0.883793,-0.467865,0.00364191,0,0.718625,-0.229832,-0.0984327,1], "O_dP_EE_c": [0,0,0,0,0,0], "O_ddP_EE_c": [0,0,0,0,0,0], "theta": [-2.69801,-1.72058,2.27721,-1.29067,-2.18221,2.33138,1.20171], "dtheta": [0,0,0,0,0,0,0], "current_errors": [], "last_motion_errors": [], "control_command_success_rate": 0, "robot_mode": "User stopped", "time": 3068869}