{"O_T_EE": [0.0211235,0.00763282,-0.999738,0,0.408852,0.912457,0.0156051,0,0.912355,-0.409082,0.0161539,0,0.7316,-0.181803,-0.098275,1], "O_T_EE_d": [0.0211967,0.00751949,-0.999737,0,0.408844,0.912462,0.0155315,0,0.912356,-0.409074,0.0162672,0,0.731595,-0.181817,-0.098231,1], "F_T_NE": [0.7071,-0.7071,0,0,0.7071,0.7071,0,0,0,0,1,0,0,0,0.1034,1], "NE_T_EE": [1,0,0,0,0,1,0,0,0,0,1,0,0,0,0,1], "F_T_EE": [0.7071,-0.7071,0,0,0.7071,0.7071,0,0,0,0,1,0,0,0,0.1034,1], "EE_T_K": [1,0,0,0,0,1,0,0,0,0,1,0,0,0,0,1], "m_ee": 0.73, "F_x_Cee": [-0.01,0,0.03], "I_ee": [0.001,0,0,0,0.0025,0,0,0,0.0017], "m_load": 0, "F_x_Cload": [0,0,0], "I_load": [0,0,0,0,0,0,0,0,0], "m_total": 0.73, "F_x_Ctotal": [-0.01,0,0.03], "I_total": [0.001,0,0,0,0.0025,0,0,0,0.0017], "elbow": [2.28331,-1], "elbow_d": [2.28327,-1], "elbow_c": [2.28327,-1], "delbow_c": [0,0], "ddelbow_c": [0,0], "tau_J": [0.560555,39.246,-19.8678,2.92327,-0.536983,-2.53816,0.102742], "tau_J_d": [0,0,0,0,0,0,0], "dtau_J": [-61.5633,-32.2126,91.4104,66.2602,-16.5235,-0.121507,-28.6778], "q": [-2.63227,-1.72486,2.28331,-1.29233,-2.17419,2.31501,1.21213], "dq": [0.00161768,0.00058157,-0.000835064,-0.000116324,0.000233469,4.90309e-05,0.00199778], "q_d": [-2.6322,-1.72484,2.28327,-1.29247,-2.17417,2.3149,1.21212], "dq_d": [0,0,0,0,0,0,0], "ddq_d": [0,0,0,0,0,0,0], "joint_contact": [0,0,0,0,0,0,0], "cartesian_contact": [0,0,0,0,0,0], "joint_collision": [0,0,0,0,0,0,0], "cartesian_collision": [0,0,0,0,0,0], "tau_ext_hat_filtered": [0.592641,-0.557259,0.646112,-0.761464,0.124827,-0.983019,0.14495], "O_F_ext_hat_K": [-7.18331,1.85605,1.43785,-0.387363,-1.5144,0.672805], "K_F_ext_hat_K": [-1.57508,-1.22093,-7.28978,-0.636163,-1.18251,0.206668], "O_dP_EE_d": [0,0,0,0,0,0], "O_ddP_O": [0,0,-9.81], "O_T_EE_c": [0.0211967,0.00751949,-0.999737,0,0.408844,0.912462,0.0155315,0,0.912356,-0.409074,0.0162672,0,0.731595,-0.181817,-0.098231,1], "O_dP_EE_c": [0,0,0,0,0,0], "O_ddP_EE_c": [0,0,0,0,0,0], "theta": [-2.63223,-1.72211,2.28192,-1.29213,-2.17425,2.31472,1.21214], "dtheta": [0,0,0,0,0,0,0], "current_errors": [], "last_motion_errors": [], "control_command_success_rate": 0, "robot_mode": "User stopped", "time": 3054239}