{"O_T_EE": [0.0323692,0.00547954,-0.999451,0,0.355705,0.93444,0.0166433,0,0.934036,-0.356055,0.0282985,0,0.742472,-0.132742,-0.0981885,1], "O_T_EE_d": [0.0324087,0.00540224,-0.99945,0,0.355774,0.934415,0.0165872,0,0.934009,-0.356123,0.0283618,0,0.742413,-0.132796,-0.0981955,1], "F_T_NE": [0.7071,-0.7071,0,0,0.7071,0.7071,0,0,0,0,1,0,0,0,0.1034,1], "NE_T_EE": [1,0,0,0,0,1,0,0,0,0,1,0,0,0,0,1], "F_T_EE": [0.7071,-0.7071,0,0,0.7071,0.7071,0,0,0,0,1,0,0,0,0.1034,1], "EE_T_K": [1,0,0,0,0,1,0,0,0,0,1,0,0,0,0,1], "m_ee": 0.73, "F_x_Cee": [-0.01,0,0.03], "I_ee": [0.001,0,0,0,0.0025,0,0,0,0.0017], "m_load": 0, "F_x_Cload": [0,0,0], "I_load": [0,0,0,0,0,0,0,0,0], "m_total": 0.73, "F_x_Ctotal": [-0.01,0,0.03], "I_total": [0.001,0,0,0,0.0025,0,0,0,0.0017], "elbow": [2.28532,-1], "elbow_d": [2.28535,-1], "elbow_c": [2.28535,-1], "delbow_c": [0,0], "ddelbow_c": [0,0], "tau_J": [0.263009,38.9802,-19.4552,2.31231,-0.527828,-2.38802,0.194295], "tau_J_d": [0,0,0,0,0,0,0], "dtau_J": [120.233,-25.9967,74.6229,-104.166,-23.2787,-11.816,67.9027], "q": [-2.56779,-1.72864,2.28532,-1.28538,-2.15184,2.30689,1.19554], "dq": [-0.000845984,-0.00018371,4.16598e-05,0.000644009,-0.000106868,5.98726e-05,-0.00204266], "q_d": [-2.56774,-1.72863,2.28535,-1.28559,-2.15182,2.30673,1.19557], "dq_d": [0,0,0,0,0,0,0], "ddq_d": [0,0,0,0,0,0,0], "joint_contact": [0,0,0,0,0,0,0], "cartesian_contact": [0,0,0,0,0,0], "joint_collision": [0,0,0,0,0,0,0], "cartesian_collision": [0,0,0,0,0,0], "tau_ext_hat_filtered": [0.244216,-0.977757,1.00185,-1.35826,0.119696,-0.802799,0.150933], "O_F_ext_hat_K": [-8.85184,1.24742,1.81607,-0.282853,-1.52922,0.361945], "K_F_ext_hat_K": [-2.0948,-1.95281,-8.6607,-0.621555,-1.02942,0.237707], "O_dP_EE_d": [0,0,0,0,0,0], "O_ddP_O": [0,0,-9.81], "O_T_EE_c": [0.0324087,0.00540224,-0.99945,0,0.355774,0.934415,0.0165872,0,0.934009,-0.356123,0.0283618,0,0.742413,-0.132796,-0.0981955,1], "O_dP_EE_c": [0,0,0,0,0,0], "O_ddP_EE_c": [0,0,0,0,0,0], "theta": [-2.56777,-1.7259,2.28395,-1.28521,-2.1519,2.30662,1.19557], "dtheta": [0,0,0,0,0,0,0], "current_errors": [], "last_motion_errors": [], "control_command_success_rate": 0, "robot_mode": "User stopped", "time": 3031761}