{"O_T_EE": [0.0270258,-0.0333525,-0.999069,0,0.756992,0.653408,-0.00133574,0,0.652856,-0.756266,0.0429073,0,0.565797,-0.497027,-0.105977,1], "O_T_EE_d": [0.0271959,-0.0337526,-0.99905,0,0.757026,0.653369,-0.00146625,0,0.65281,-0.756282,0.0433214,0,0.565765,-0.497166,-0.105815,1], "F_T_NE": [0.7071,-0.7071,0,0,0.7071,0.7071,0,0,0,0,1,0,0,0,0.1034,1], "NE_T_EE": [1,0,0,0,0,1,0,0,0,0,1,0,0,0,0,1], "F_T_EE": [0.7071,-0.7071,0,0,0.7071,0.7071,0,0,0,0,1,0,0,0,0.1034,1], "EE_T_K": [1,0,0,0,0,1,0,0,0,0,1,0,0,0,0,1], "m_ee": 0.73, "F_x_Cee": [-0.01,0,0.03], "I_ee": [0.001,0,0,0,0.0025,0,0,0,0.0017], "m_load": 0, "F_x_Cload": [0,0,0], "I_load": [0,0,0,0,0,0,0,0,0], "m_total": 0.73, "F_x_Ctotal": [-0.01,0,0.03], "I_total": [0.001,0,0,0,0.0025,0,0,0,0.0017], "elbow": [-0.583147,-1], "elbow_d": [-0.583343,-1], "elbow_c": [-0.583343,-1], "delbow_c": [0,0], "ddelbow_c": [0,0], "tau_J": [0.413765,-43.6227,-15.3293,8.40606,0.0755044,-2.86867,0.0926712], "tau_J_d": [0,0,0,0,0,0,0], "dtau_J": [-51.6021,-23.6241,-39.0411,33.3547,16.1078,4.74964,16.6264], "q": [-0.171937,1.57771,-0.583147,-1.3072,-2.44603,2.09334,1.07609], "dq": [0.000491792,-0.000238333,-0.00453299,7.46552e-05,0.000186418,-0.000162364,-0.00240384], "q_d": [-0.171994,1.57764,-0.583343,-1.30729,-2.44599,2.09305,1.0761], "dq_d": [0,0,0,0,0,0,0], "ddq_d": [0,0,0,0,0,0,0], "joint_contact": [0,0,0,0,0,0,0], "cartesian_contact": [0,0,0,0,0,0], "joint_collision": [0,0,0,0,0,0,0], "cartesian_collision": [0,0,0,0,0,0], "tau_ext_hat_filtered": [0.427359,-0.387585,0.311365,-0.394785,0.414295,-1.18825,0.0542094], "O_F_ext_hat_K": [-4.49088,4.97624,2.50396,-1.53988,-1.83176,0.537781], "K_F_ext_hat_K": [-2.78902,-0.151391,-6.58782,0.0530996,-1.20489,0.134728], "O_dP_EE_d": [0,0,0,0,0,0], "O_ddP_O": [0,0,-9.81], "O_T_EE_c": [0.0271959,-0.0337526,-0.99905,0,0.757026,0.653369,-0.00146625,0,0.65281,-0.756282,0.0433214,0,0.565765,-0.497166,-0.105815,1], "O_dP_EE_c": [0,0,0,0,0,0], "O_ddP_EE_c": [0,0,0,0,0,0], "theta": [-0.171908,1.57465,-0.584223,-1.30661,-2.44602,2.09302,1.0761], "dtheta": [0,0,0,0,0,0,0], "current_errors": [], "last_motion_errors": [], "control_command_success_rate": 0, "robot_mode": "User stopped", "time": 1003328}