{"O_T_EE": [0.015477,-0.00793651,-0.999839,0,0.817552,0.575781,0.00808489,0,0.575636,-0.817561,0.0154002,0,0.531066,-0.535458,-0.106022,1], "O_T_EE_d": [0.0155144,-0.00809436,-0.999837,0,0.817579,0.575743,0.0080253,0,0.575596,-0.817586,0.0155504,0,0.531034,-0.535492,-0.10596,1], "F_T_NE": [0.7071,-0.7071,0,0,0.7071,0.7071,0,0,0,0,1,0,0,0,0.1034,1], "NE_T_EE": [1,0,0,0,0,1,0,0,0,0,1,0,0,0,0,1], "F_T_EE": [0.7071,-0.7071,0,0,0.7071,0.7071,0,0,0,0,1,0,0,0,0.1034,1], "EE_T_K": [1,0,0,0,0,1,0,0,0,0,1,0,0,0,0,1], "m_ee": 0.73, "F_x_Cee": [-0.01,0,0.03], "I_ee": [0.001,0,0,0,0.0025,0,0,0,0.0017], "m_load": 0, "F_x_Cload": [0,0,0], "I_load": [0,0,0,0,0,0,0,0,0], "m_total": 0.73, "F_x_Ctotal": [-0.01,0,0.03], "I_total": [0.001,0,0,0,0.0025,0,0,0,0.0017], "elbow": [-0.863865,-1], "elbow_d": [-0.863901,-1], "elbow_c": [-0.863901,-1], "delbow_c": [0,0], "ddelbow_c": [0,0], "tau_J": [-0.0742106,-40.2306,-20.3915,2.34802,-0.152462,-2.69838,0.143025], "tau_J_d": [0,0,0,0,0,0,0], "dtau_J": [-160.935,47.538,69.8729,-76.2074,-35.0074,61.0598,-37.0236], "q": [-0.0440064,1.74965,-0.863865,-1.26585,-2.16889,2.31447,1.20828], "dq": [0.00177432,-0.00120184,-0.000473269,0.00225425,-0.000446316,-0.000580135,0.00140034], "q_d": [-0.0439698,1.74959,-0.863901,-1.26602,-2.16886,2.31433,1.20828], "dq_d": [0,0,0,0,0,0,0], "ddq_d": [0,0,0,0,0,0,0], "joint_contact": [0,0,0,0,0,0,0], "cartesian_contact": [0,0,0,0,0,0], "joint_collision": [0,0,0,0,0,0,0], "cartesian_collision": [0,0,0,0,0,0], "tau_ext_hat_filtered": [-0.0158439,-0.317057,-9.7661e-05,-1.1745,0.523954,-1.15591,0.184278], "O_F_ext_hat_K": [-6.13804,5.99991,3.71102,-2.17014,-2.2207,0.0933281], "K_F_ext_hat_K": [-3.85311,-1.53356,-8.38142,-0.199162,-1.18674,0.267792], "O_dP_EE_d": [0,0,0,0,0,0], "O_ddP_O": [0,0,-9.81], "O_T_EE_c": [0.0155144,-0.00809436,-0.999837,0,0.817579,0.575743,0.0080253,0,0.575596,-0.817586,0.0155504,0,0.531034,-0.535492,-0.10596,1], "O_dP_EE_c": [0,0,0,0,0,0], "O_ddP_EE_c": [0,0,0,0,0,0], "theta": [-0.0440125,1.74683,-0.865296,-1.26568,-2.16891,2.31417,1.2083], "dtheta": [0,0,0,0,0,0,0], "current_errors": [], "last_motion_errors": [], "control_command_success_rate": 0, "robot_mode": "User stopped", "time": 3634067}