{"O_T_EE": [0.0169355,-0.031267,-0.999358,0,0.883013,0.469328,0.000279973,0,0.469027,-0.882468,0.0355582,0,0.456486,-0.601842,-0.106712,1], "O_T_EE_d": [0.0169874,-0.0313375,-0.999355,0,0.883054,0.469251,0.000295799,0,0.468948,-0.882506,0.0356448,0,0.456443,-0.601853,-0.106681,1], "F_T_NE": [0.7071,-0.7071,0,0,0.7071,0.7071,0,0,0,0,1,0,0,0,0.1034,1], "NE_T_EE": [1,0,0,0,0,1,0,0,0,0,1,0,0,0,0,1], "F_T_EE": [0.7071,-0.7071,0,0,0.7071,0.7071,0,0,0,0,1,0,0,0,0.1034,1], "EE_T_K": [1,0,0,0,0,1,0,0,0,0,1,0,0,0,0,1], "m_ee": 0.73, "F_x_Cee": [-0.01,0,0.03], "I_ee": [0.001,0,0,0,0.0025,0,0,0,0.0017], "m_load": 0, "F_x_Cload": [0,0,0], "I_load": [0,0,0,0,0,0,0,0,0], "m_total": 0.73, "F_x_Ctotal": [-0.01,0,0.03], "I_total": [0.001,0,0,0,0.0025,0,0,0,0.0017], "elbow": [-0.835782,-1], "elbow_d": [-0.835766,-1], "elbow_c": [-0.835766,-1], "delbow_c": [0,0], "ddelbow_c": [0,0], "tau_J": [0.374093,-39.8895,-18.7768,2.69317,-0.134151,-2.40816,0.224507], "tau_J_d": [0,0,0,0,0,0,0], "dtau_J": [8.54797,-195.706,105.134,-78.1393,23.8661,23.56,42.5995], "q": [-0.199345,1.74138,-0.835782,-1.25652,-2.18675,2.27195,1.18374], "dq": [0.000890691,0.00215071,-0.000863682,0.000872559,-0.000439481,-0.000319894,-0.00280691], "q_d": [-0.19931,1.74132,-0.835766,-1.25669,-2.1867,2.27184,1.18376], "dq_d": [0,0,0,0,0,0,0], "ddq_d": [0,0,0,0,0,0,0], "joint_contact": [0,0,0,0,0,0,0], "cartesian_contact": [0,0,0,0,0,0], "joint_collision": [0,0,0,0,0,0,0], "cartesian_collision": [0,0,0,0,0,0], "tau_ext_hat_filtered": [0.38852,0.405185,1.01658,-1.29061,0.439982,-0.823345,0.180075], "O_F_ext_hat_K": [-5.59053,8.20548,3.04953,-1.7243,-1.50515,0.513263], "K_F_ext_hat_K": [-3.39887,-1.08462,-9.75474,-0.12289,-1.00817,0.272341], "O_dP_EE_d": [0,0,0,0,0,0], "O_ddP_O": [0,0,-9.81], "O_T_EE_c": [0.0169874,-0.0313375,-0.999355,0,0.883054,0.469251,0.000295799,0,0.468948,-0.882506,0.0356448,0,0.456443,-0.601853,-0.106681,1], "O_dP_EE_c": [0,0,0,0,0,0], "O_ddP_EE_c": [0,0,0,0,0,0], "theta": [-0.199318,1.73859,-0.8371,-1.25633,-2.18677,2.27168,1.18376], "dtheta": [0,0,0,0,0,0,0], "current_errors": [], "last_motion_errors": [], "control_command_success_rate": 0, "robot_mode": "User stopped", "time": 3664002}