{"O_T_EE": [0.0133909,-0.0125638,-0.999822,0,0.911471,0.41128,0.00703944,0,0.411126,-0.911421,0.0169593,0,0.414703,-0.632817,-0.106628,1], "O_T_EE_d": [0.0134751,-0.0128276,-0.999817,0,0.911528,0.411155,0.00701009,0,0.410998,-0.911473,0.0172334,0,0.414648,-0.632927,-0.106501,1], "F_T_NE": [0.7071,-0.7071,0,0,0.7071,0.7071,0,0,0,0,1,0,0,0,0.1034,1], "NE_T_EE": [1,0,0,0,0,1,0,0,0,0,1,0,0,0,0,1], "F_T_EE": [0.7071,-0.7071,0,0,0.7071,0.7071,0,0,0,0,1,0,0,0,0.1034,1], "EE_T_K": [1,0,0,0,0,1,0,0,0,0,1,0,0,0,0,1], "m_ee": 0.73, "F_x_Cee": [-0.01,0,0.03], "I_ee": [0.001,0,0,0,0.0025,0,0,0,0.0017], "m_load": 0, "F_x_Cload": [0,0,0], "I_load": [0,0,0,0,0,0,0,0,0], "m_total": 0.73, "F_x_Ctotal": [-0.01,0,0.03], "I_total": [0.001,0,0,0,0.0025,0,0,0,0.0017], "elbow": [-0.0468648,-1], "elbow_d": [-0.0469278,-1], "elbow_c": [-0.0469278,-1], "delbow_c": [0,0], "ddelbow_c": [0,0], "tau_J": [-0.185295,-48.1097,-1.97935,13.389,-0.0526695,-2.8293,0.02126], "tau_J_d": [0,0,0,0,0,0,0], "dtau_J": [-37.9307,62.8974,15.7251,128.616,-2.44627,2.50178,-103.15], "q": [-0.90114,1.41295,-0.0468648,-1.33954,-2.88465,1.94245,0.740815], "dq": [0.000777189,-0.000123896,-0.000917154,0.00179176,-3.46198e-05,-0.000169811,0.002894], "q_d": [-0.901227,1.41282,-0.0469278,-1.33957,-2.88462,1.94229,0.740805], "dq_d": [0,0,0,0,0,0,0], "ddq_d": [0,0,0,0,0,0,0], "joint_contact": [0,0,0,0,0,0,0], "cartesian_contact": [0,0,0,0,0,0], "joint_collision": [0,0,0,0,0,0,0], "cartesian_collision": [0,0,0,0,0,0], "tau_ext_hat_filtered": [-0.182861,-0.712997,-0.0853841,-0.567397,0.272362,-1.13768,0.0854608], "O_F_ext_hat_K": [-4.57291,6.9249,4.6923,-2.92441,-1.89049,-0.153648], "K_F_ext_hat_K": [-4.83979,-1.287,-8.11196,0.127707,-0.810711,0.106581], "O_dP_EE_d": [0,0,0,0,0,0], "O_ddP_O": [0,0,-9.81], "O_T_EE_c": [0.0134751,-0.0128276,-0.999817,0,0.911528,0.411155,0.00701009,0,0.410998,-0.911473,0.0172334,0,0.414648,-0.632927,-0.106501,1], "O_dP_EE_c": [0,0,0,0,0,0], "O_ddP_EE_c": [0,0,0,0,0,0], "theta": [-0.901153,1.40957,-0.0470037,-1.3386,-2.88466,1.94213,0.740817], "dtheta": [0,0,0,0,0,0,0], "current_errors": [], "last_motion_errors": [], "control_command_success_rate": 0, "robot_mode": "User stopped", "time": 1548906}