{"O_T_EE": [0.026664,-0.0378977,-0.998916,0,0.959347,0.281799,0.0149166,0,0.280934,-0.958724,0.0438718,0,0.327688,-0.68264,-0.107538,1], "O_T_EE_d": [0.0265807,-0.038315,-0.998902,0,0.95939,0.281663,0.0147255,0,0.280795,-0.958747,0.0442467,0,0.327553,-0.682786,-0.107392,1], "F_T_NE": [0.7071,-0.7071,0,0,0.7071,0.7071,0,0,0,0,1,0,0,0,0.1034,1], "NE_T_EE": [1,0,0,0,0,1,0,0,0,0,1,0,0,0,0,1], "F_T_EE": [0.7071,-0.7071,0,0,0.7071,0.7071,0,0,0,0,1,0,0,0,0.1034,1], "EE_T_K": [1,0,0,0,0,1,0,0,0,0,1,0,0,0,0,1], "m_ee": 0.73, "F_x_Cee": [-0.01,0,0.03], "I_ee": [0.001,0,0,0,0.0025,0,0,0,0.0017], "m_load": 0, "F_x_Cload": [0,0,0], "I_load": [0,0,0,0,0,0,0,0,0], "m_total": 0.73, "F_x_Ctotal": [-0.01,0,0.03], "I_total": [0.001,0,0,0,0.0025,0,0,0,0.0017], "elbow": [-0.0365259,-1], "elbow_d": [-0.0367393,-1], "elbow_c": [-0.0367393,-1], "delbow_c": [0,0], "ddelbow_c": [0,0], "tau_J": [0.485177,-47.5066,-1.30491,13.389,-0.271481,-2.86867,0.0414016], "tau_J_d": [0,0,0,0,0,0,0], "dtau_J": [-6.0332,-266.868,-32.1715,110.939,-30.6374,0.257181,-109.287], "q": [-1.04039,1.43154,-0.0365259,-1.32305,-2.88507,1.91098,0.739497], "dq": [0.000845281,0.000211196,0.000206002,-0.0013117,0.000657518,-0.000127588,0.0023759], "q_d": [-1.04048,1.43142,-0.0367393,-1.32305,-2.88505,1.91077,0.739475], "dq_d": [0,0,0,0,0,0,0], "ddq_d": [0,0,0,0,0,0,0], "joint_contact": [0,0,0,0,0,0,0], "cartesian_contact": [0,0,0,0,0,0], "joint_collision": [0,0,0,0,0,0,0], "cartesian_collision": [0,0,0,0,0,0], "tau_ext_hat_filtered": [0.503323,-0.273675,0.365777,-0.464438,0.0676179,-1.13007,0.113521], "O_F_ext_hat_K": [-2.3656,6.71632,3.09573,-2.33166,-1.16814,0.517745], "K_F_ext_hat_K": [-3.41005,-0.330606,-6.96786,0.0585559,-1.01842,0.123997], "O_dP_EE_d": [0,0,0,0,0,0], "O_ddP_O": [0,0,-9.81], "O_T_EE_c": [0.0265807,-0.038315,-0.998902,0,0.95939,0.281663,0.0147255,0,0.280795,-0.958747,0.0442467,0,0.327553,-0.682786,-0.107392,1], "O_dP_EE_c": [0,0,0,0,0,0], "O_ddP_EE_c": [0,0,0,0,0,0], "theta": [-1.04036,1.42821,-0.0366174,-1.32211,-2.8851,1.91066,0.739503], "dtheta": [0,0,0,0,0,0,0], "current_errors": [], "last_motion_errors": [], "control_command_success_rate": 0, "robot_mode": "User stopped", "time": 1745722}