{"O_T_EE": [0.00634566,-0.0610286,-0.998106,0,0.995425,0.0954445,0.00049272,0,0.0952355,-0.993562,0.0613562,0,0.188987,-0.735986,-0.107605,1], "O_T_EE_d": [0.00621048,-0.0610316,-0.998107,0,0.995446,0.095228,0.000370977,0,0.0950269,-0.993583,0.0613463,0,0.188801,-0.735962,-0.107653,1], "F_T_NE": [0.7071,-0.7071,0,0,0.7071,0.7071,0,0,0,0,1,0,0,0,0.1034,1], "NE_T_EE": [1,0,0,0,0,1,0,0,0,0,1,0,0,0,0,1], "F_T_EE": [0.7071,-0.7071,0,0,0.7071,0.7071,0,0,0,0,1,0,0,0,0.1034,1], "EE_T_K": [1,0,0,0,0,1,0,0,0,0,1,0,0,0,0,1], "m_ee": 0.73, "F_x_Cee": [-0.01,0,0.03], "I_ee": [0.001,0,0,0,0.0025,0,0,0,0.0017], "m_load": 0, "F_x_Cload": [0,0,0], "I_load": [0,0,0,0,0,0,0,0,0], "m_total": 0.73, "F_x_Ctotal": [-0.01,0,0.03], "I_total": [0.001,0,0,0,0.0025,0,0,0,0.0017], "elbow": [-0.808226,-1], "elbow_d": [-0.808196,-1], "elbow_c": [-0.808196,-1], "delbow_c": [0,0], "ddelbow_c": [0,0], "tau_J": [-0.336051,-40.1156,-18.2174,3.26843,-0.0435142,-2.60866,0.143025], "tau_J_d": [0,0,0,0,0,0,0], "dtau_J": [37.2832,46.3786,-60.0972,30.1399,0.510308,8.31682,22.1256], "q": [-0.631887,1.74061,-0.808226,-1.22444,-2.19731,2.23113,1.15424], "dq": [0.000409511,-0.000696787,-0.000273139,0.000270995,-0.000212518,-0.000945855,2.20316e-05], "q_d": [-0.631964,1.74066,-0.808196,-1.22466,-2.19727,2.23101,1.15424], "dq_d": [0,0,0,0,0,0,0], "ddq_d": [0,0,0,0,0,0,0], "joint_contact": [0,0,0,0,0,0,0], "cartesian_contact": [0,0,0,0,0,0], "joint_collision": [0,0,0,0,0,0,0], "cartesian_collision": [0,0,0,0,0,0], "tau_ext_hat_filtered": [-0.332256,0.746093,0.946019,-1.606,0.487982,-0.938256,0.149303], "O_F_ext_hat_K": [-2.67216,9.01269,2.37064,-1.92006,-0.532353,-0.166841], "K_F_ext_hat_K": [-2.9332,-1.79859,-9.0637,-0.0809601,-1.17531,0.266344], "O_dP_EE_d": [0,0,0,0,0,0], "O_ddP_O": [0,0,-9.81], "O_T_EE_c": [0.00621048,-0.0610316,-0.998107,0,0.995446,0.095228,0.000370977,0,0.0950269,-0.993583,0.0613463,0,0.188801,-0.735962,-0.107653,1], "O_dP_EE_c": [0,0,0,0,0,0], "O_ddP_EE_c": [0,0,0,0,0,0], "theta": [-0.631911,1.7378,-0.809504,-1.22421,-2.19731,2.23084,1.15425], "dtheta": [0,0,0,0,0,0,0], "current_errors": [], "last_motion_errors": [], "control_command_success_rate": 0, "robot_mode": "User stopped", "time": 4265879}