{"O_T_EE": [-0.0109932,-0.036504,-0.999263,0,0.988167,-0.153229,-0.00527355,0,-0.152926,-0.987516,0.0377572,0,-0.0092799,-0.764425,-0.108332,1], "O_T_EE_d": [-0.0110438,-0.0364471,-0.999265,0,0.988159,-0.153277,-0.0053305,0,-0.152973,-0.987511,0.037709,0,-0.00931649,-0.76439,-0.108356,1], "F_T_NE": [0.7071,-0.7071,0,0,0.7071,0.7071,0,0,0,0,1,0,0,0,0.1034,1], "NE_T_EE": [1,0,0,0,0,1,0,0,0,0,1,0,0,0,0,1], "F_T_EE": [0.7071,-0.7071,0,0,0.7071,0.7071,0,0,0,0,1,0,0,0,0.1034,1], "EE_T_K": [1,0,0,0,0,1,0,0,0,0,1,0,0,0,0,1], "m_ee": 0.73, "F_x_Cee": [-0.01,0,0.03], "I_ee": [0.001,0,0,0,0.0025,0,0,0,0.0017], "m_load": 0, "F_x_Cload": [0,0,0], "I_load": [0,0,0,0,0,0,0,0,0], "m_total": 0.73, "F_x_Ctotal": [-0.01,0,0.03], "I_total": [0.001,0,0,0,0.0025,0,0,0,0.0017], "elbow": [-0.508751,-1], "elbow_d": [-0.50876,-1], "elbow_c": [-0.50876,-1], "delbow_c": [0,0], "ddelbow_c": [0,0], "tau_J": [0.0765462,-42.8689,-12.4808,9.09637,-0.198238,-2.0273,0.071614], "tau_J_d": [0,0,0,0,0,0,0], "dtau_J": [-8.84365,-28.3937,-121.459,4.34472,-12.911,26.4978,-6.8874], "q": [-1.11872,1.56476,-0.508751,-1.24491,-2.50854,2.09263,1.0061], "dq": [0.000486847,-0.000418641,0.000144065,-0.000653056,0.000162297,0.00698431,-0.000650291], "q_d": [-1.1187,1.56475,-0.50876,-1.24504,-2.50853,2.09261,1.0061], "dq_d": [0,0,0,0,0,0,0], "ddq_d": [0,0,0,0,0,0,0], "joint_contact": [0,0,0,0,0,0,0], "cartesian_contact": [0,0,0,0,0,0], "joint_collision": [0,0,0,0,0,0,0], "cartesian_collision": [0,0,0,0,0,0], "tau_ext_hat_filtered": [0.0824115,1.97156,1.08069,-1.4804,0.138034,-0.360214,0.0736174], "O_F_ext_hat_K": [0.0651638,6.08501,-0.706579,0.215601,0.0166654,0.155115], "K_F_ext_hat_K": [0.483224,-0.864295,-6.04569,-0.151958,-0.977585,0.126642], "O_dP_EE_d": [0,0,0,0,0,0], "O_ddP_O": [0,0,-9.81], "O_T_EE_c": [-0.0110438,-0.0364471,-0.999265,0,0.988159,-0.153277,-0.0053305,0,-0.152973,-0.987511,0.037709,0,-0.00931649,-0.76439,-0.108356,1], "O_dP_EE_c": [0,0,0,0,0,0], "O_ddP_EE_c": [0,0,0,0,0,0], "theta": [-1.11871,1.56176,-0.509627,-1.24427,-2.50856,2.09241,1.00611], "dtheta": [0,0,0,0,0,0,0], "current_errors": [], "last_motion_errors": [], "control_command_success_rate": 0, "robot_mode": "User stopped", "time": 4435850}