{"O_T_EE": [-0.003056,-0.0333187,-0.99943,0,0.8068,-0.590557,0.0172208,0,-0.590806,-0.806304,0.0286868,0,-0.34958,-0.687404,-0.108464,1], "O_T_EE_d": [-0.00304335,-0.0333199,-0.99943,0,0.806678,-0.590723,0.0172377,0,-0.590973,-0.806182,0.0286768,0,-0.349705,-0.687321,-0.108483,1], "F_T_NE": [0.7071,-0.7071,0,0,0.7071,0.7071,0,0,0,0,1,0,0,0,0.1034,1], "NE_T_EE": [1,0,0,0,0,1,0,0,0,0,1,0,0,0,0,1], "F_T_EE": [0.7071,-0.7071,0,0,0.7071,0.7071,0,0,0,0,1,0,0,0,0.1034,1], "EE_T_K": [1,0,0,0,0,1,0,0,0,0,1,0,0,0,0,1], "m_ee": 0.73, "F_x_Cee": [-0.01,0,0.03], "I_ee": [0.001,0,0,0,0.0025,0,0,0,0.0017], "m_load": 0, "F_x_Cload": [0,0,0], "I_load": [0,0,0,0,0,0,0,0,0], "m_total": 0.73, "F_x_Ctotal": [-0.01,0,0.03], "I_total": [0.001,0,0,0,0.0025,0,0,0,0.0017], "elbow": [-0.442692,-1], "elbow_d": [-0.442689,-1], "elbow_c": [-0.442689,-1], "delbow_c": [0,0], "ddelbow_c": [0,0], "tau_J": [0.263009,-45.2413,-11.0922,11.3934,-0.106686,-2.37794,0.143025], "tau_J_d": [0,0,0,0,0,0,0], "dtau_J": [-12.4503,2.00643,-10.333,43.721,4.07976,9.50555,-72.6926], "q": [-1.63791,1.54802,-0.442692,-1.20976,-2.54096,2.10007,0.964307], "dq": [0.00048512,-0.000204792,0.00017023,-0.00386252,-0.000253947,-0.000863898,0.00183582], "q_d": [-1.63808,1.54803,-0.442689,-1.20979,-2.54093,2.10005,0.96433], "dq_d": [0,0,0,0,0,0,0], "ddq_d": [0,0,0,0,0,0,0], "joint_contact": [0,0,0,0,0,0,0], "cartesian_contact": [0,0,0,0,0,0], "joint_collision": [0,0,0,0,0,0,0], "cartesian_collision": [0,0,0,0,0,0], "tau_ext_hat_filtered": [0.290318,0.631457,0.723978,-0.487627,0.262278,-0.689658,0.186627], "O_F_ext_hat_K": [2.487,3.69967,0.0477166,-0.607622,0.164677,0.361786], "K_F_ext_hat_K": [-0.178561,-0.177535,-4.45102,0.0434789,-1.03517,0.238294], "O_dP_EE_d": [0,0,0,0,0,0], "O_ddP_O": [0,0,-9.81], "O_T_EE_c": [-0.00304335,-0.0333199,-0.99943,0,0.806678,-0.590723,0.0172377,0,-0.590973,-0.806182,0.0286768,0,-0.349705,-0.687321,-0.108483,1], "O_dP_EE_c": [0,0,0,0,0,0], "O_ddP_EE_c": [0,0,0,0,0,0], "theta": [-1.63789,1.54484,-0.443471,-1.20896,-2.54097,2.09981,0.964323], "dtheta": [0,0,0,0,0,0,0], "current_errors": [], "last_motion_errors": [], "control_command_success_rate": 0, "robot_mode": "User stopped", "time": 2091555}