{"O_T_EE": [-0.0262485,-0.00233369,-0.999643,0,0.880725,-0.473095,-0.0220215,0,-0.472884,-0.881006,0.0144737,0,-0.255111,-0.725565,-0.109037,1], "O_T_EE_d": [-0.0262116,-0.00202498,-0.999645,0,0.880742,-0.473058,-0.0221356,0,-0.472854,-0.881027,0.0141834,0,-0.255068,-0.725441,-0.10926,1], "F_T_NE": [0.7071,-0.7071,0,0,0.7071,0.7071,0,0,0,0,1,0,0,0,0.1034,1], "NE_T_EE": [1,0,0,0,0,1,0,0,0,0,1,0,0,0,0,1], "F_T_EE": [0.7071,-0.7071,0,0,0.7071,0.7071,0,0,0,0,1,0,0,0,0.1034,1], "EE_T_K": [1,0,0,0,0,1,0,0,0,0,1,0,0,0,0,1], "m_ee": 0.73, "F_x_Cee": [-0.01,0,0.03], "I_ee": [0.001,0,0,0,0.0025,0,0,0,0.0017], "m_load": 0, "F_x_Cload": [0,0,0], "I_load": [0,0,0,0,0,0,0,0,0], "m_total": 0.73, "F_x_Ctotal": [-0.01,0,0.03], "I_total": [0.001,0,0,0,0.0025,0,0,0,0.0017], "elbow": [-0.795292,-1], "elbow_d": [-0.795169,-1], "elbow_c": [-0.795169,-1], "delbow_c": [0,0], "ddelbow_c": [0,0], "tau_J": [0.0765462,-39.4769,-16.4163,5.64483,-0.546139,-1.75722,0.0816849], "tau_J_d": [0,0,0,0,0,0,0], "dtau_J": [3.66494,-166.457,73.2591,23.2177,6.06515,-13.7109,-42.1301], "q": [-1.26143,1.72193,-0.795292,-1.18381,-2.24734,2.28716,1.11782], "dq": [0.000201252,0.00132343,-0.00039403,-0.000954652,-0.0003355,0.000816755,0.001143], "q_d": [-1.26136,1.7222,-0.795169,-1.18383,-2.24735,2.28717,1.11782], "dq_d": [0,0,0,0,0,0,0], "ddq_d": [0,0,0,0,0,0,0], "joint_contact": [0,0,0,0,0,0,0], "cartesian_contact": [0,0,0,0,0,0], "joint_collision": [0,0,0,0,0,0,0], "cartesian_collision": [0,0,0,0,0,0], "tau_ext_hat_filtered": [0.203457,2.64432,2.19211,-0.315708,0.0588097,-0.118586,0.107604], "O_F_ext_hat_K": [0.32384,0.157435,-6.08422,3.1901,-1.10329,0.272978], "K_F_ext_hat_K": [6.0733,0.344722,-0.379901,-0.0466894,-1.32428,0.161686], "O_dP_EE_d": [0,0,0,0,0,0], "O_ddP_O": [0,0,-9.81], "O_T_EE_c": [-0.0262116,-0.00202498,-0.999645,0,0.880742,-0.473058,-0.0221356,0,-0.472854,-0.881027,0.0141834,0,-0.255068,-0.725441,-0.10926,1], "O_dP_EE_c": [0,0,0,0,0,0], "O_ddP_EE_c": [0,0,0,0,0,0], "theta": [-1.26142,1.71916,-0.796443,-1.18342,-2.2474,2.28696,1.11783], "dtheta": [0,0,0,0,0,0,0], "current_errors": [], "last_motion_errors": [], "control_command_success_rate": 0, "robot_mode": "User stopped", "time": 5422492}