{"O_T_EE": [-0.00862736,-0.0160073,-0.999825,0,0.675689,-0.737149,0.0059714,0,-0.73713,-0.675533,0.0171759,0,-0.473971,-0.617165,-0.100254,1], "O_T_EE_d": [-0.00863929,-0.0159634,-0.999826,0,0.675701,-0.737139,0.00593069,0,-0.73712,-0.675545,0.0171552,0,-0.473922,-0.617149,-0.100286,1], "F_T_NE": [0.7071,-0.7071,0,0,0.7071,0.7071,0,0,0,0,1,0,0,0,0.1034,1], "NE_T_EE": [1,0,0,0,0,1,0,0,0,0,1,0,0,0,0,1], "F_T_EE": [0.7071,-0.7071,0,0,0.7071,0.7071,0,0,0,0,1,0,0,0,0.1034,1], "EE_T_K": [1,0,0,0,0,1,0,0,0,0,1,0,0,0,0,1], "m_ee": 0.73, "F_x_Cee": [-0.01,0,0.03], "I_ee": [0.001,0,0,0,0.0025,0,0,0,0.0017], "m_load": 0, "F_x_Cload": [0,0,0], "I_load": [0,0,0,0,0,0,0,0,0], "m_total": 0.73, "F_x_Ctotal": [-0.01,0,0.03], "I_total": [0.001,0,0,0,0.0025,0,0,0,0.0017], "elbow": [2.29248,-1], "elbow_d": [2.29252,-1], "elbow_c": [2.29252,-1], "delbow_c": [0,0], "ddelbow_c": [0,0], "tau_J": [0.747017,41.1661,-17.9159,4.22851,-0.40881,-2.38802,0.0615432], "tau_J_d": [0,0,0,0,0,0,0], "dtau_J": [53.1486,-9.81538,32.5826,-20.5121,-5.49154,-34.3329,9.86027], "q": [1.57465,-1.74318,2.29248,-1.15046,-2.18129,2.34117,1.13267], "dq": [-0.000277503,0.000680583,-0.000319502,7.54648e-05,-5.21955e-05,0.00021044,-0.000602959], "q_d": [1.57477,-1.74318,2.29252,-1.1506,-2.18126,2.34111,1.13267], "dq_d": [0,0,0,0,0,0,0], "ddq_d": [0,0,0,0,0,0,0], "joint_contact": [0,0,0,0,0,0,0], "cartesian_contact": [0,0,0,0,0,0], "joint_collision": [0,0,0,0,0,0,0], "cartesian_collision": [0,0,0,0,0,0], "tau_ext_hat_filtered": [0.698245,-1.10706,1.12575,-1.1832,0.256385,-0.809976,0.0610921], "O_F_ext_hat_K": [6.80027,7.77047,1.99518,-1.39294,1.12583,0.768308], "K_F_ext_hat_K": [-2.17793,-1.12123,-10.2276,-0.260063,-1.26941,0.115454], "O_dP_EE_d": [0,0,0,0,0,0], "O_ddP_O": [0,0,-9.81], "O_T_EE_c": [-0.00863929,-0.0159634,-0.999826,0,0.675701,-0.737139,0.00593069,0,-0.73712,-0.675545,0.0171552,0,-0.473922,-0.617149,-0.100286,1], "O_dP_EE_c": [0,0,0,0,0,0], "O_ddP_EE_c": [0,0,0,0,0,0], "theta": [1.5747,-1.74029,2.29122,-1.15016,-2.18133,2.34091,1.13268], "dtheta": [0,0,0,0,0,0,0], "current_errors": [], "last_motion_errors": [], "control_command_success_rate": 0, "robot_mode": "User stopped", "time": 5613229}