{"O_T_EE": [-0.0165602,0.0424686,-0.998951,0,-0.929159,-0.369655,-0.000312001,0,-0.369288,0.928196,0.0455826,0,-0.452991,0.696317,0.00501968,1], "O_T_EE_d": [-0.0165878,0.0426139,-0.998944,0,-0.929204,-0.36954,-0.000334447,0,-0.369171,0.928236,0.0457277,0,-0.452916,0.696389,0.00510743,1], "F_T_NE": [0.7071,-0.7071,0,0,0.7071,0.7071,0,0,0,0,1,0,0,0,0.1034,1], "NE_T_EE": [1,0,0,0,0,1,0,0,0,0,1,0,0,0,0,1], "F_T_EE": [0.7071,-0.7071,0,0,0.7071,0.7071,0,0,0,0,1,0,0,0,0.1034,1], "EE_T_K": [1,0,0,0,0,1,0,0,0,0,1,0,0,0,0,1], "m_ee": 0.73, "F_x_Cee": [-0.01,0,0.03], "I_ee": [0.001,0,0,0,0.0025,0,0,0,0.0017], "m_load": 0, "F_x_Cload": [0,0,0], "I_load": [0,0,0,0,0,0,0,0,0], "m_total": 0.73, "F_x_Ctotal": [-0.01,0,0.03], "I_total": [0.001,0,0,0,0.0025,0,0,0,0.0017], "elbow": [2.4041,-1], "elbow_d": [2.40402,-1], "elbow_c": [2.40402,-1], "delbow_c": [0,0], "ddelbow_c": [0,0], "tau_J": [-0.744682,46.8235,-17.7295,9.90173,-0.152462,-2.73866,0.071614], "tau_J_d": [0,0,0,0,0,0,0], "dtau_J": [128.647,118.652,31.5483,79.4565,4.31432,0.536761,-101.513], "q": [-0.450028,-1.48687,2.4041,-1.16651,-2.36226,2.37256,1.00571], "dq": [-0.000465008,-0.000819393,0.000486395,-0.00386333,0.000168294,-0.000129872,0.00516176], "q_d": [-0.450082,-1.48678,2.40402,-1.16661,-2.36224,2.37249,1.00572], "dq_d": [0,0,0,0,0,0,0], "ddq_d": [0,0,0,0,0,0,0], "joint_contact": [0,0,0,0,0,0,0], "cartesian_contact": [0,0,0,0,0,0], "joint_collision": [0,0,0,0,0,0,0], "cartesian_collision": [0,0,0,0,0,0], "tau_ext_hat_filtered": [-0.709606,-0.214611,-0.287686,-1.21561,0.538105,-1.03741,0.123492], "O_F_ext_hat_K": [4.96844,-6.23889,1.26513,2.24026,1.29772,-0.671729], "K_F_ext_hat_K": [-1.61107,-2.31067,-7.56803,0.0459356,-1.49259,0.157285], "O_dP_EE_d": [0,0,0,0,0,0], "O_ddP_O": [0,0,-9.81], "O_T_EE_c": [-0.0165878,0.0426139,-0.998944,0,-0.929204,-0.36954,-0.000334447,0,-0.369171,0.928236,0.0457277,0,-0.452916,0.696389,0.00510743,1], "O_dP_EE_c": [0,0,0,0,0,0], "O_ddP_EE_c": [0,0,0,0,0,0], "theta": [-0.45008,-1.48359,2.40286,-1.16582,-2.36228,2.37226,1.00572], "dtheta": [0,0,0,0,0,0,0], "current_errors": [], "last_motion_errors": [], "control_command_success_rate": 0, "robot_mode": "User stopped", "time": 2362793}