{"O_T_EE": [-0.0297795,0.0351453,-0.998929,0,-0.90007,-0.43557,0.0115077,0,-0.434708,0.899466,0.0446052,0,-0.494483,0.668765,0.00524933,1], "O_T_EE_d": [-0.029863,0.0353499,-0.998919,0,-0.900089,-0.435533,0.0114957,0,-0.434664,0.899476,0.0448253,0,-0.494459,0.668824,0.00534277,1], "F_T_NE": [0.7071,-0.7071,0,0,0.7071,0.7071,0,0,0,0,1,0,0,0,0.1034,1], "NE_T_EE": [1,0,0,0,0,1,0,0,0,0,1,0,0,0,0,1], "F_T_EE": [0.7071,-0.7071,0,0,0.7071,0.7071,0,0,0,0,1,0,0,0,0.1034,1], "EE_T_K": [1,0,0,0,0,1,0,0,0,0,1,0,0,0,0,1], "m_ee": 0.73, "F_x_Cee": [-0.01,0,0.03], "I_ee": [0.001,0,0,0,0.0025,0,0,0,0.0017], "m_load": 0, "F_x_Cload": [0,0,0], "I_load": [0,0,0,0,0,0,0,0,0], "m_total": 0.73, "F_x_Ctotal": [-0.01,0,0.03], "I_total": [0.001,0,0,0,0.0025,0,0,0,0.0017], "elbow": [2.45509,-1], "elbow_d": [2.45502,-1], "elbow_c": [2.45502,-1], "delbow_c": [0,0], "ddelbow_c": [0,0], "tau_J": [0.0368734,47.2758,-16.3409,11.1276,-0.170772,-2.77895,0.214436], "tau_J_d": [0,0,0,0,0,0,0], "dtau_J": [-30.223,-169.319,43.9043,125.469,-11.1597,-10.1994,87.5407], "q": [-0.422097,-1.4611,2.45509,-1.16962,-2.4175,2.34871,1.00492], "dq": [-0.000197813,0.0025222,-0.000387371,-0.0016242,-0.000785004,0.000255651,-0.00201522], "q_d": [-0.422129,-1.46104,2.45502,-1.16964,-2.41748,2.34857,1.00492], "dq_d": [0,0,0,0,0,0,0], "ddq_d": [0,0,0,0,0,0,0], "joint_contact": [0,0,0,0,0,0,0], "cartesian_contact": [0,0,0,0,0,0], "joint_collision": [0,0,0,0,0,0,0], "cartesian_collision": [0,0,0,0,0,0], "tau_ext_hat_filtered": [-0.00557453,-0.126581,0.105979,-0.871817,0.478283,-1.06532,0.168602], "O_F_ext_hat_K": [4.97153,-6.79644,1.30229,2.17489,1.51458,0.0395162], "K_F_ext_hat_K": [-1.68784,-1.49944,-8.21624,-0.011685,-1.50938,0.208438], "O_dP_EE_d": [0,0,0,0,0,0], "O_ddP_O": [0,0,-9.81], "O_T_EE_c": [-0.029863,0.0353499,-0.998919,0,-0.900089,-0.435533,0.0114957,0,-0.434664,0.899476,0.0448253,0,-0.494459,0.668824,0.00534277,1], "O_dP_EE_c": [0,0,0,0,0,0], "O_ddP_EE_c": [0,0,0,0,0,0], "theta": [-0.422094,-1.45778,2.45395,-1.16884,-2.41752,2.3484,1.00494], "dtheta": [0,0,0,0,0,0,0], "current_errors": [], "last_motion_errors": [], "control_command_success_rate": 0, "robot_mode": "User stopped", "time": 2324474}