{"O_T_EE": [-0.0314585,0.0455069,-0.998459,0,-0.872794,-0.488041,0.00525558,0,-0.48706,0.871631,0.0550723,0,-0.534446,0.637692,0.00477544,1], "O_T_EE_d": [-0.0316189,0.0457458,-0.998443,0,-0.87284,-0.487958,0.00528448,0,-0.486966,0.871665,0.0553586,0,-0.534413,0.637787,0.00493019,1], "F_T_NE": [0.7071,-0.7071,0,0,0.7071,0.7071,0,0,0,0,1,0,0,0,0.1034,1], "NE_T_EE": [1,0,0,0,0,1,0,0,0,0,1,0,0,0,0,1], "F_T_EE": [0.7071,-0.7071,0,0,0.7071,0.7071,0,0,0,0,1,0,0,0,0.1034,1], "EE_T_K": [1,0,0,0,0,1,0,0,0,0,1,0,0,0,0,1], "m_ee": 0.73, "F_x_Cee": [-0.01,0,0.03], "I_ee": [0.001,0,0,0,0.0025,0,0,0,0.0017], "m_load": 0, "F_x_Cload": [0,0,0], "I_load": [0,0,0,0,0,0,0,0,0], "m_total": 0.73, "F_x_Ctotal": [-0.01,0,0.03], "I_total": [0.001,0,0,0,0.0025,0,0,0,0.0017], "elbow": [2.44151,-1], "elbow_d": [2.44142,-1], "elbow_c": [2.44142,-1], "delbow_c": [0,0], "ddelbow_c": [0,0], "tau_J": [-0.41143,47.4622,-16.9043,10.5524,-0.0984458,-2.8293,0.0816849], "tau_J_d": [0,0,0,0,0,0,0], "dtau_J": [-10.3287,247.006,-5.67862,-2.78836,-9.0901,-56.2877,-25.8442], "q": [-0.3542,-1.47432,2.44151,-1.16325,-2.39885,2.34354,1.00103], "dq": [0.000407828,-0.00286248,0.00021564,9.9752e-05,-7.90013e-05,0.00067768,-0.000221121], "q_d": [-0.354262,-1.47417,2.44142,-1.16331,-2.39882,2.34339,1.00105], "dq_d": [0,0,0,0,0,0,0], "ddq_d": [0,0,0,0,0,0,0], "joint_contact": [0,0,0,0,0,0,0], "cartesian_contact": [0,0,0,0,0,0], "joint_collision": [0,0,0,0,0,0,0], "cartesian_collision": [0,0,0,0,0,0], "tau_ext_hat_filtered": [-0.365181,-0.0353429,-0.177973,-1.17219,0.555472,-1.08472,0.101513], "O_F_ext_hat_K": [6.29692,-7.07009,2.01457,2.53824,1.95237,-0.323255], "K_F_ext_hat_K": [-2.53134,-2.03486,-9.11853,0.08629,-1.47781,0.138195], "O_dP_EE_d": [0,0,0,0,0,0], "O_ddP_O": [0,0,-9.81], "O_T_EE_c": [-0.0316189,0.0457458,-0.998443,0,-0.87284,-0.487958,0.00528448,0,-0.486966,0.871665,0.0553586,0,-0.534413,0.637787,0.00493019,1], "O_dP_EE_c": [0,0,0,0,0,0], "O_ddP_EE_c": [0,0,0,0,0,0], "theta": [-0.354228,-1.47099,2.44032,-1.16251,-2.39886,2.34323,1.00104], "dtheta": [0,0,0,0,0,0,0], "current_errors": [], "last_motion_errors": [], "control_command_success_rate": 0, "robot_mode": "User stopped", "time": 2339854}