{"O_T_EE": [-0.0168779,0.013169,-0.999761,0,-0.799963,-0.600007,0.00560154,0,-0.599801,0.799882,0.0206619,0,-0.609037,0.570306,0.00510153,1], "O_T_EE_d": [-0.017008,0.0133166,-0.999757,0,-0.800002,-0.599955,0.00561846,0,-0.599746,0.799918,0.0208578,0,-0.609021,0.570369,0.00519539,1], "F_T_NE": [0.7071,-0.7071,0,0,0.7071,0.7071,0,0,0,0,1,0,0,0,0.1034,1], "NE_T_EE": [1,0,0,0,0,1,0,0,0,0,1,0,0,0,0,1], "F_T_EE": [0.7071,-0.7071,0,0,0.7071,0.7071,0,0,0,0,1,0,0,0,0.1034,1], "EE_T_K": [1,0,0,0,0,1,0,0,0,0,1,0,0,0,0,1], "m_ee": 0.73, "F_x_Cee": [-0.01,0,0.03], "I_ee": [0.001,0,0,0,0.0025,0,0,0,0.0017], "m_load": 0, "F_x_Cload": [0,0,0], "I_load": [0,0,0,0,0,0,0,0,0], "m_total": 0.73, "F_x_Ctotal": [-0.01,0,0.03], "I_total": [0.001,0,0,0,0.0025,0,0,0,0.0017], "elbow": [2.47864,-1], "elbow_d": [2.47857,-1], "elbow_c": [2.47857,-1], "delbow_c": [0,0], "ddelbow_c": [0,0], "tau_J": [-0.260673,47.9542,-15.8926,11.4331,-0.161617,-2.71852,0.0926712], "tau_J_d": [0,0,0,0,0,0,0], "dtau_J": [156.535,16.3662,-58.3338,57.7258,-10.4363,29.9689,-57.5683], "q": [-0.263894,-1.44691,2.47864,-1.1572,-2.46138,2.37119,0.998457], "dq": [-0.00130032,-0.000661269,0.000979876,-0.00732673,0.000532217,-0.000384742,0.00101979], "q_d": [-0.263928,-1.44683,2.47857,-1.15723,-2.46134,2.37107,0.998466], "dq_d": [0,0,0,0,0,0,0], "ddq_d": [0,0,0,0,0,0,0], "joint_contact": [0,0,0,0,0,0,0], "cartesian_contact": [0,0,0,0,0,0], "joint_collision": [0,0,0,0,0,0,0], "cartesian_collision": [0,0,0,0,0,0], "tau_ext_hat_filtered": [-0.361585,-0.0179714,-0.00132634,-1.14509,0.522766,-1.06714,0.136442], "O_F_ext_hat_K": [7.2618,-6.4607,1.93253,2.23627,2.30668,-0.279202], "K_F_ext_hat_K": [-2.13976,-1.92192,-9.48351,0.0683249,-1.53693,0.212004], "O_dP_EE_d": [0,0,0,0,0,0], "O_ddP_O": [0,0,-9.81], "O_T_EE_c": [-0.017008,0.0133166,-0.999757,0,-0.800002,-0.599955,0.00561846,0,-0.599746,0.799918,0.0208578,0,-0.609021,0.570369,0.00519539,1], "O_dP_EE_c": [0,0,0,0,0,0], "O_ddP_EE_c": [0,0,0,0,0,0], "theta": [-0.263912,-1.44354,2.47752,-1.15639,-2.4614,2.37089,0.998468], "dtheta": [0,0,0,-0.0251851,0,0,0], "current_errors": [], "last_motion_errors": [], "control_command_success_rate": 0, "robot_mode": "User stopped", "time": 2200406}