{"O_T_EE": [0.000528731,0.0259868,-0.999653,0,-0.989109,-0.147055,-0.00434597,0,-0.14712,0.988787,0.0256265,0,-0.269986,0.78177,0.00607276,1], "O_T_EE_d": [0.000526461,0.0261036,-0.999649,0,-0.989124,-0.146951,-0.00435821,0,-0.147016,0.988799,0.0257428,0,-0.269905,0.78181,0.00613237,1], "F_T_NE": [0.7071,-0.7071,0,0,0.7071,0.7071,0,0,0,0,1,0,0,0,0.1034,1], "NE_T_EE": [1,0,0,0,0,1,0,0,0,0,1,0,0,0,0,1], "F_T_EE": [0.7071,-0.7071,0,0,0.7071,0.7071,0,0,0,0,1,0,0,0,0.1034,1], "EE_T_K": [1,0,0,0,0,1,0,0,0,0,1,0,0,0,0,1], "m_ee": 0.73, "F_x_Cee": [-0.01,0,0.03], "I_ee": [0.001,0,0,0,0.0025,0,0,0,0.0017], "m_load": 0, "F_x_Cload": [0,0,0], "I_load": [0,0,0,0,0,0,0,0,0], "m_total": 0.73, "F_x_Ctotal": [-0.01,0,0.03], "I_total": [0.001,0,0,0,0.0025,0,0,0,0.0017], "elbow": [2.54995,-1], "elbow_d": [2.54988,-1], "elbow_c": [2.54988,-1], "delbow_c": [0,0], "ddelbow_c": [0,0], "tau_J": [-0.336051,47.8034,-15.0278,12.1631,-0.399654,-2.71852,0.174153], "tau_J_d": [0,0,0,0,0,0,0], "dtau_J": [67.7956,-155.454,-165.882,-85.167,2.91611,3.80115,52.1841], "q": [-0.772198,-1.39412,2.54995,-1.21608,-2.50045,2.31778,0.953647], "dq": [0.00511994,0.00124375,0.00150554,0.000882451,0.00039654,3.06191e-05,-0.000529014], "q_d": [-0.772245,-1.39406,2.54988,-1.21616,-2.50043,2.3177,0.953667], "dq_d": [0,0,0,0,0,0,0], "ddq_d": [0,0,0,0,0,0,0], "joint_contact": [0,0,0,0,0,0,0], "cartesian_contact": [0,0,0,0,0,0], "joint_collision": [0,0,0,0,0,0,0], "cartesian_collision": [0,0,0,0,0,0], "tau_ext_hat_filtered": [-0.372206,-0.0934596,-0.176937,-1.04166,0.202748,-1.0443,0.161951], "O_F_ext_hat_K": [3.6889,-8.05925,1.81048,2.76773,0.932575,-0.286008], "K_F_ext_hat_K": [-2.01737,-2.47148,-8.4652,-0.410226,-1.35304,0.235701], "O_dP_EE_d": [0,0,0,0,0,0], "O_ddP_O": [0,0,-9.81], "O_T_EE_c": [0.000526461,0.0261036,-0.999649,0,-0.989124,-0.146951,-0.00435821,0,-0.147016,0.988799,0.0257428,0,-0.269905,0.78181,0.00613237,1], "O_dP_EE_c": [0,0,0,0,0,0], "O_ddP_EE_c": [0,0,0,0,0,0], "theta": [-0.772222,-1.39077,2.5489,-1.21522,-2.50049,2.31748,0.953666], "dtheta": [0.0252083,0,0,0,0,0,0], "current_errors": [], "last_motion_errors": [], "control_command_success_rate": 0, "robot_mode": "User stopped", "time": 1402237}