{"O_T_EE": [-0.0222522,0.0328579,-0.999203,0,-0.996004,-0.0870897,0.0193171,0,-0.0863872,0.995658,0.0346652,0,-0.221533,0.795125,0.0052597,1], "O_T_EE_d": [-0.0223169,0.0328909,-0.9992,0,-0.996009,-0.0870144,0.0193813,0,-0.086309,0.995664,0.0347022,0,-0.221473,0.795136,0.00527286,1], "F_T_NE": [0.7071,-0.7071,0,0,0.7071,0.7071,0,0,0,0,1,0,0,0,0.1034,1], "NE_T_EE": [1,0,0,0,0,1,0,0,0,0,1,0,0,0,0,1], "F_T_EE": [0.7071,-0.7071,0,0,0.7071,0.7071,0,0,0,0,1,0,0,0,0.1034,1], "EE_T_K": [1,0,0,0,0,1,0,0,0,0,1,0,0,0,0,1], "m_ee": 0.73, "F_x_Cee": [-0.01,0,0.03], "I_ee": [0.001,0,0,0,0.0025,0,0,0,0.0017], "m_load": 0, "F_x_Cload": [0,0,0], "I_load": [0,0,0,0,0,0,0,0,0], "m_total": 0.73, "F_x_Ctotal": [-0.01,0,0.03], "I_total": [0.001,0,0,0,0.0025,0,0,0,0.0017], "elbow": [2.38689,-1], "elbow_d": [2.38686,-1], "elbow_c": [2.38686,-1], "delbow_c": [0,0], "ddelbow_c": [0,0], "tau_J": [0.0011678,45.7285,-17.543,9.59228,-0.298946,-2.49879,0.326131], "tau_J_d": [0,0,0,0,0,0,0], "dtau_J": [-1.62689,138.96,20.0749,-39.8359,-2.75136,1.03138,98.4337], "q": [-0.730441,-1.4794,2.38689,-1.20459,-2.38467,2.37494,1.06692], "dq": [-0.00133999,-0.000401117,0.000211862,0.000429297,0.000176096,-0.00035776,-0.00303167], "q_d": [-0.730471,-1.47938,2.38686,-1.20465,-2.38465,2.3749,1.06701], "dq_d": [0,0,0,0,0,0,0], "ddq_d": [0,0,0,0,0,0,0], "joint_contact": [0,0,0,0,0,0,0], "cartesian_contact": [0,0,0,0,0,0], "joint_collision": [0,0,0,0,0,0,0], "cartesian_collision": [0,0,0,0,0,0], "tau_ext_hat_filtered": [-0.015372,-0.716929,0.567334,-0.968921,0.406799,-0.832742,0.27439], "O_F_ext_hat_K": [2.09995,-6.71832,-0.0785645,1.37438,0.435521,0.0402984], "K_F_ext_hat_K": [-0.18898,-1.50801,-6.87328,-0.238207,-1.43013,0.326575], "O_dP_EE_d": [0,0,0,0,0,0], "O_ddP_O": [0,0,-9.81], "O_T_EE_c": [-0.0223169,0.0328909,-0.9992,0,-0.996009,-0.0870144,0.0193813,0,-0.086309,0.995664,0.0347022,0,-0.221473,0.795136,0.00527286,1], "O_dP_EE_c": [0,0,0,0,0,0], "O_ddP_EE_c": [0,0,0,0,0,0], "theta": [-0.73044,-1.47619,2.38566,-1.20391,-2.38471,2.37466,1.06696], "dtheta": [0,0,0,0,0,0,0], "current_errors": [], "last_motion_errors": [], "control_command_success_rate": 0, "robot_mode": "User stopped", "time": 2655741}