{"O_T_EE": [-0.0114249,0.0333021,-0.99937,0,-0.96163,-0.274307,0.00185267,0,-0.274078,0.961065,0.0351589,0,-0.364892,0.742918,0.00347317,1], "O_T_EE_d": [-0.011405,0.0333918,-0.999368,0,-0.961659,-0.274207,0.00181257,0,-0.273978,0.96109,0.0352395,0,-0.364806,0.742955,0.00350306,1], "F_T_NE": [0.7071,-0.7071,0,0,0.7071,0.7071,0,0,0,0,1,0,0,0,0.1034,1], "NE_T_EE": [1,0,0,0,0,1,0,0,0,0,1,0,0,0,0,1], "F_T_EE": [0.7071,-0.7071,0,0,0.7071,0.7071,0,0,0,0,1,0,0,0,0.1034,1], "EE_T_K": [1,0,0,0,0,1,0,0,0,0,1,0,0,0,0,1], "m_ee": 0.73, "F_x_Cee": [-0.01,0,0.03], "I_ee": [0.001,0,0,0,0.0025,0,0,0,0.0017], "m_load": 0, "F_x_Cload": [0,0,0], "I_load": [0,0,0,0,0,0,0,0,0], "m_total": 0.73, "F_x_Ctotal": [-0.01,0,0.03], "I_total": [0.001,0,0,0,0.0025,0,0,0,0.0017], "elbow": [2.1771,-1], "elbow_d": [2.17706,-1], "elbow_c": [2.17706,-1], "delbow_c": [0,0], "ddelbow_c": [0,0], "tau_J": [-0.371757,43.9552,-20.6177,4.95452,-0.40881,-2.44844,0.071614], "tau_J_d": [0,0,0,0,0,0,0], "dtau_J": [-124.644,-26.2549,74.3973,21.1847,-20.7892,4.74892,-52.4242], "q": [-0.450571,-1.61965,2.1771,-1.15779,-2.23539,2.48495,1.15748], "dq": [0.00135955,0.000137469,-0.00119054,0.00176382,0.000161566,-1.34256e-05,0.00236507], "q_d": [-0.450612,-1.61963,2.17706,-1.1579,-2.23538,2.48487,1.15749], "dq_d": [0,0,0,0,0,0,0], "ddq_d": [0,0,0,0,0,0,0], "joint_contact": [0,0,0,0,0,0,0], "cartesian_contact": [0,0,0,0,0,0], "joint_collision": [0,0,0,0,0,0,0], "cartesian_collision": [0,0,0,0,0,0], "tau_ext_hat_filtered": [-0.360589,-0.793864,0.452891,-1.52218,0.499273,-0.83078,0.127068], "O_F_ext_hat_K": [4.42034,-7.88502,0.576988,1.95216,0.835842,-0.314142], "K_F_ext_hat_K": [-0.889731,-2.08678,-8.76924,-0.0893792,-1.60588,0.179407], "O_dP_EE_d": [0,0,0,0,0,0], "O_ddP_O": [0,0,-9.81], "O_T_EE_c": [-0.011405,0.0333918,-0.999368,0,-0.961659,-0.274207,0.00181257,0,-0.273978,0.96109,0.0352395,0,-0.364806,0.742955,0.00350306,1], "O_dP_EE_c": [0,0,0,0,0,0], "O_ddP_EE_c": [0,0,0,0,0,0], "theta": [-0.450597,-1.61657,2.17565,-1.15744,-2.23544,2.48468,1.15748], "dtheta": [0,0,0,0,0,0,0], "current_errors": [], "last_motion_errors": [], "control_command_success_rate": 0, "robot_mode": "User stopped", "time": 2486821}