{"O_T_EE": [-0.000408963,0.0214419,-0.99976,0,-0.986167,0.16565,0.0039561,0,0.165699,0.985951,0.0210779,0,-0.0169545,0.816496,-0.00373067,1], "O_T_EE_d": [-0.000391077,0.0215002,-0.999759,0,-0.986156,0.165715,0.00394952,0,0.165763,0.985939,0.0211381,0,-0.0168975,0.816499,-0.00370699,1], "F_T_NE": [0.7071,-0.7071,0,0,0.7071,0.7071,0,0,0,0,1,0,0,0,0.1034,1], "NE_T_EE": [1,0,0,0,0,1,0,0,0,0,1,0,0,0,0,1], "F_T_EE": [0.7071,-0.7071,0,0,0.7071,0.7071,0,0,0,0,1,0,0,0,0.1034,1], "EE_T_K": [1,0,0,0,0,1,0,0,0,0,1,0,0,0,0,1], "m_ee": 0.73, "F_x_Cee": [-0.01,0,0.03], "I_ee": [0.001,0,0,0,0.0025,0,0,0,0.0017], "m_load": 0, "F_x_Cload": [0,0,0], "I_load": [0,0,0,0,0,0,0,0,0], "m_total": 0.73, "F_x_Ctotal": [-0.01,0,0.03], "I_total": [0.001,0,0,0,0.0025,0,0,0,0.0017], "elbow": [-0.636498,-1], "elbow_d": [-0.636525,-1], "elbow_c": [-0.636525,-1], "delbow_c": [0,0], "ddelbow_c": [0,0], "tau_J": [0.112252,-46.5624,-15.365,11.0879,-0.124996,-2.39809,0.153096], "tau_J_d": [0,0,0,0,0,0,0], "dtau_J": [-7.85863,-181.155,46.2243,-36.7196,-27.5926,-5.99581,0.929203], "q": [2.10522,1.41591,-0.636498,-1.25111,-2.46579,2.31338,1.00137], "dq": [0.000382278,0.00264578,-0.000177218,0.00111961,0.000262302,-0.00524546,-0.00112018], "q_d": [2.10518,1.41589,-0.636525,-1.25116,-2.46578,2.31332,1.00138], "dq_d": [0,0,0,0,0,0,0], "ddq_d": [0,0,0,0,0,0,0], "joint_contact": [0,0,0,0,0,0,0], "cartesian_contact": [0,0,0,0,0,0], "joint_collision": [0,0,0,0,0,0,0], "cartesian_collision": [0,0,0,0,0,0], "tau_ext_hat_filtered": [0.0410507,0.516848,0.652203,-1.09086,0.486514,-0.734368,0.154754], "O_F_ext_hat_K": [-0.214205,-7.48275,0.568762,1.73566,0.039959,0.140631], "K_F_ext_hat_K": [-0.728996,-1.02605,-7.40113,0.161177,-1.27699,0.240979], "O_dP_EE_d": [0,0,0,0,0,0], "O_ddP_O": [0,0,-9.81], "O_T_EE_c": [-0.000391077,0.0215002,-0.999759,0,-0.986156,0.165715,0.00394952,0,0.165763,0.985939,0.0211381,0,-0.0168975,0.816499,-0.00370699,1], "O_dP_EE_c": [0,0,0,0,0,0], "O_ddP_EE_c": [0,0,0,0,0,0], "theta": [2.10523,1.41265,-0.637577,-1.25033,-2.4658,2.31311,1.00139], "dtheta": [0,0,0,0,0,0,0], "current_errors": [], "last_motion_errors": [], "control_command_success_rate": 0, "robot_mode": "User stopped", "time": 2800735}