{"O_T_EE": [0.0112773,0.0414098,-0.999069,0,-0.999903,0.0074142,-0.0109794,0,0.00695277,0.999115,0.0414902,0,-0.161739,0.807133,0.00647008,1], "O_T_EE_d": [0.0112675,0.0414647,-0.999067,0,-0.999902,0.00758751,-0.0109621,0,0.00712603,0.999111,0.0415469,0,-0.161676,0.807132,0.00646658,1], "F_T_NE": [0.7071,-0.7071,0,0,0.7071,0.7071,0,0,0,0,1,0,0,0,0.1034,1], "NE_T_EE": [1,0,0,0,0,1,0,0,0,0,1,0,0,0,0,1], "F_T_EE": [0.7071,-0.7071,0,0,0.7071,0.7071,0,0,0,0,1,0,0,0,0.1034,1], "EE_T_K": [1,0,0,0,0,1,0,0,0,0,1,0,0,0,0,1], "m_ee": 0.73, "F_x_Cee": [-0.01,0,0.03], "I_ee": [0.001,0,0,0,0.0025,0,0,0,0.0017], "m_load": 0, "F_x_Cload": [0,0,0], "I_load": [0,0,0,0,0,0,0,0,0], "m_total": 0.73, "F_x_Ctotal": [-0.01,0,0.03], "I_total": [0.001,0,0,0,0.0025,0,0,0,0.0017], "elbow": [-2.0396,-1], "elbow_d": [-2.03962,-1], "elbow_c": [-2.03962,-1], "delbow_c": [0,0], "ddelbow_c": [0,0], "tau_J": [-0.855766,41.5827,22.955,1.12213,0.167057,-2.4283,0.0414016], "tau_J_d": [0,0,0,0,0,0,0], "dtau_J": [-34.8307,52.3165,135.551,-124.446,-23.9888,-31.4373,12.5572], "q": [-2.0917,-1.75245,-2.0396,-1.26189,2.62527,2.202,-0.123447], "dq": [0.000101946,-0.000754195,-0.00143402,0.00117472,0.000195777,0.000320421,0.000547481], "q_d": [-2.09179,-1.75247,-2.03962,-1.26196,2.62529,2.20182,-0.123466], "dq_d": [0,0,0,0,0,0,0], "ddq_d": [0,0,0,0,0,0,0], "joint_contact": [0,0,0,0,0,0,0], "cartesian_contact": [0,0,0,0,0,0], "joint_collision": [0,0,0,0,0,0,0], "cartesian_collision": [0,0,0,0,0,0], "tau_ext_hat_filtered": [-0.851747,-0.3095,-0.510536,-0.741673,0.405773,-1.28933,0.0497166], "O_F_ext_hat_K": [1.59283,-10.9545,3.06876,2.96158,0.426284,-0.965569], "K_F_ext_hat_K": [-3.50163,-1.70762,-10.8064,1.4517,-0.398422,-0.137643], "O_dP_EE_d": [0,0,0,0,0,0], "O_ddP_O": [0,0,-9.81], "O_T_EE_c": [0.0112675,0.0414647,-0.999067,0,-0.999902,0.00758751,-0.0109621,0,0.00712603,0.999111,0.0415469,0,-0.161676,0.807132,0.00646658,1], "O_dP_EE_c": [0,0,0,0,0,0], "O_ddP_EE_c": [0,0,0,0,0,0], "theta": [-2.09177,-1.74953,-2.03799,-1.26181,2.62529,2.20173,-0.123442], "dtheta": [0,0,0,0,0,0,0], "current_errors": [], "last_motion_errors": [], "control_command_success_rate": 0, "robot_mode": "User stopped", "time": 7412690}