{"O_T_EE": [0.00907819,0.0156833,-0.999826,0,-0.995094,0.0985564,-0.00748926,0,0.0984237,0.995008,0.0165014,0,-0.0675659,0.815266,-0.00385624,1], "O_T_EE_d": [0.00909789,0.015696,-0.999826,0,-0.995082,0.098675,-0.00750565,0,0.0985419,0.994996,0.0165169,0,-0.067478,0.815262,-0.00384658,1], "F_T_NE": [0.7071,-0.7071,0,0,0.7071,0.7071,0,0,0,0,1,0,0,0,0.1034,1], "NE_T_EE": [1,0,0,0,0,1,0,0,0,0,1,0,0,0,0,1], "F_T_EE": [0.7071,-0.7071,0,0,0.7071,0.7071,0,0,0,0,1,0,0,0,0.1034,1], "EE_T_K": [1,0,0,0,0,1,0,0,0,0,1,0,0,0,0,1], "m_ee": 0.73, "F_x_Cee": [-0.01,0,0.03], "I_ee": [0.001,0,0,0,0.0025,0,0,0,0.0017], "m_load": 0, "F_x_Cload": [0,0,0], "I_load": [0,0,0,0,0,0,0,0,0], "m_total": 0.73, "F_x_Ctotal": [-0.01,0,0.03], "I_total": [0.001,0,0,0,0.0025,0,0,0,0.0017], "elbow": [-0.667655,-1], "elbow_d": [-0.667682,-1], "elbow_c": [-0.667682,-1], "delbow_c": [0,0], "ddelbow_c": [0,0], "tau_J": [-0.149589,-46.487,-16.2298,10.6674,-0.115841,-2.38802,0.0926712], "tau_J_d": [0,0,0,0,0,0,0], "dtau_J": [44.5725,-0.47917,-8.42972,34.3094,-10.7437,17.1528,-23.3194], "q": [2.1826,1.43336,-0.667655,-1.23988,-2.45512,2.33434,1.01215], "dq": [-0.000303716,-0.000199198,0.000448509,0.000941737,0.000109243,-0.000191387,0.00127432], "q_d": [2.18255,1.43333,-0.667682,-1.23998,-2.4551,2.33431,1.01216], "dq_d": [0,0,0,0,0,0,0], "ddq_d": [0,0,0,0,0,0,0], "joint_contact": [0,0,0,0,0,0,0], "cartesian_contact": [0,0,0,0,0,0], "joint_collision": [0,0,0,0,0,0,0], "cartesian_collision": [0,0,0,0,0,0], "tau_ext_hat_filtered": [-0.185741,0.167654,0.288832,-0.966014,0.516346,-0.768026,0.12571], "O_F_ext_hat_K": [0.459588,-6.97067,1.0154,2.03018,0.152051,-0.0998642], "K_F_ext_hat_K": [-1.12039,-1.15196,-6.87388,0.208604,-1.21337,0.202541], "O_dP_EE_d": [0,0,0,0,0,0], "O_ddP_O": [0,0,-9.81], "O_T_EE_c": [0.00909789,0.015696,-0.999826,0,-0.995082,0.098675,-0.00750565,0,0.0985419,0.994996,0.0165169,0,-0.067478,0.815262,-0.00384658,1], "O_dP_EE_c": [0,0,0,0,0,0], "O_ddP_EE_c": [0,0,0,0,0,0], "theta": [2.18259,1.4301,-0.668793,-1.23914,-2.45513,2.33408,1.01216], "dtheta": [0,0,0,0,0,0,0], "current_errors": [], "last_motion_errors": [], "control_command_success_rate": 0, "robot_mode": "User stopped", "time": 2818763}