{"O_T_EE": [-0.0121604,0.0301828,-0.999461,0,-0.935164,0.3535,0.0220535,0,0.353981,0.934946,0.0239276,0,0.128643,0.806478,0.00593277,1], "O_T_EE_d": [-0.0121163,0.0301957,-0.999461,0,-0.935128,0.353598,0.0220193,0,0.354079,0.934909,0.023953,0,0.128721,0.806447,0.00593879,1], "F_T_NE": [0.7071,-0.7071,0,0,0.7071,0.7071,0,0,0,0,1,0,0,0,0.1034,1], "NE_T_EE": [1,0,0,0,0,1,0,0,0,0,1,0,0,0,0,1], "F_T_EE": [0.7071,-0.7071,0,0,0.7071,0.7071,0,0,0,0,1,0,0,0,0.1034,1], "EE_T_K": [1,0,0,0,0,1,0,0,0,0,1,0,0,0,0,1], "m_ee": 0.73, "F_x_Cee": [-0.01,0,0.03], "I_ee": [0.001,0,0,0,0.0025,0,0,0,0.0017], "m_load": 0, "F_x_Cload": [0,0,0], "I_load": [0,0,0,0,0,0,0,0,0], "m_total": 0.73, "F_x_Ctotal": [-0.01,0,0.03], "I_total": [0.001,0,0,0,0.0025,0,0,0,0.0017], "elbow": [2.34953,-1], "elbow_d": [2.3495,-1], "elbow_c": [2.3495,-1], "delbow_c": [0,0], "ddelbow_c": [0,0], "tau_J": [-0.185295,44.5621,-18.63,8.52111,-0.262325,-2.50795,0.132954], "tau_J_d": [0,0,0,0,0,0,0], "dtau_J": [-53.8413,79.3339,-235.293,-41.7896,-6.06557,-11.7022,-15.7886], "q": [-1.11301,-1.47908,2.34953,-1.25237,-2.34601,2.39376,1.08877], "dq": [0.000460359,-9.70119e-05,0.00252611,0.00544317,-0.000263917,0.000177993,-8.73796e-06], "q_d": [-1.11303,-1.47906,2.3495,-1.25249,-2.346,2.39371,1.08879], "dq_d": [0,0,0,0,0,0,0], "ddq_d": [0,0,0,0,0,0,0], "joint_contact": [0,0,0,0,0,0,0], "cartesian_contact": [0,0,0,0,0,0], "joint_collision": [0,0,0,0,0,0,0], "cartesian_collision": [0,0,0,0,0,0], "tau_ext_hat_filtered": [-0.205815,-0.827491,0.541866,-1.1092,0.457853,-0.875005,0.159777], "O_F_ext_hat_K": [-0.798976,-6.42966,-0.577811,1.13945,-0.280661,-0.133739], "K_F_ext_hat_K": [0.393158,-1.53848,-6.30803,-0.0786576,-1.58844,0.228499], "O_dP_EE_d": [0,0,0,0,0,0], "O_ddP_O": [0,0,-9.81], "O_T_EE_c": [-0.0121163,0.0301957,-0.999461,0,-0.935128,0.353598,0.0220193,0,0.354079,0.934909,0.023953,0,0.128721,0.806447,0.00593879,1], "O_dP_EE_c": [0,0,0,0,0,0], "O_ddP_EE_c": [0,0,0,0,0,0], "theta": [-1.11302,-1.47595,2.34822,-1.25177,-2.34604,2.39348,1.08879], "dtheta": [0,0,0,0.0249136,0,0,0], "current_errors": [], "last_motion_errors": [], "control_command_success_rate": 0, "robot_mode": "User stopped", "time": 2968628}