{"O_T_EE": [0.00534027,0.0277279,-0.999592,0,-0.861475,0.507693,0.00948059,0,0.507758,0.861089,0.0265986,0,0.277172,0.759447,-0.00302927,1], "O_T_EE_d": [0.00542527,0.0278972,-0.999586,0,-0.861473,0.507696,0.00949351,0,0.507761,0.861082,0.0267876,0,0.277203,0.759478,-0.00293098,1], "F_T_NE": [0.7071,-0.7071,0,0,0.7071,0.7071,0,0,0,0,1,0,0,0,0.1034,1], "NE_T_EE": [1,0,0,0,0,1,0,0,0,0,1,0,0,0,0,1], "F_T_EE": [0.7071,-0.7071,0,0,0.7071,0.7071,0,0,0,0,1,0,0,0,0.1034,1], "EE_T_K": [1,0,0,0,0,1,0,0,0,0,1,0,0,0,0,1], "m_ee": 0.73, "F_x_Cee": [-0.01,0,0.03], "I_ee": [0.001,0,0,0,0.0025,0,0,0,0.0017], "m_load": 0, "F_x_Cload": [0,0,0], "I_load": [0,0,0,0,0,0,0,0,0], "m_total": 0.73, "F_x_Ctotal": [-0.01,0,0.03], "I_total": [0.001,0,0,0,0.0025,0,0,0,0.0017], "elbow": [-0.663212,-1], "elbow_d": [-0.663279,-1], "elbow_c": [-0.663279,-1], "delbow_c": [0,0], "ddelbow_c": [0,0], "tau_J": [0.18763,-46.487,-16.6424,10.7428,-0.161617,-2.65901,0.153096], "tau_J_d": [0,0,0,0,0,0,0], "dtau_J": [-49.2306,-48.444,62.5486,-194.9,-4.65178,-20.7809,104.723], "q": [1.77236,1.41199,-0.663212,-1.30105,-2.45972,2.29566,1.04273], "dq": [0.00053867,0.00121008,8.39408e-05,0.0016755,-6.08589e-05,0.000193169,-0.00145763], "q_d": [1.77235,1.41191,-0.663279,-1.30106,-2.45971,2.29557,1.04273], "dq_d": [0,0,0,0,0,0,0], "ddq_d": [0,0,0,0,0,0,0], "joint_contact": [0,0,0,0,0,0,0], "cartesian_contact": [0,0,0,0,0,0], "joint_collision": [0,0,0,0,0,0,0], "cartesian_collision": [0,0,0,0,0,0], "tau_ext_hat_filtered": [0.224348,-0.452233,0.29561,-0.52144,0.44249,-0.993365,0.114965], "O_F_ext_hat_K": [-2.89271,-6.18234,1.61792,2.38682,-0.859907,0.359216], "K_F_ext_hat_K": [-1.80417,-0.631404,-6.74931,0.118635,-1.22835,0.232388], "O_dP_EE_d": [0,0,0,0,0,0], "O_ddP_O": [0,0,-9.81], "O_T_EE_c": [0.00542527,0.0278972,-0.999586,0,-0.861473,0.507696,0.00949351,0,0.507761,0.861082,0.0267876,0,0.277203,0.759478,-0.00293098,1], "O_dP_EE_c": [0,0,0,0,0,0], "O_ddP_EE_c": [0,0,0,0,0,0], "theta": [1.77237,1.40873,-0.66438,-1.3003,-2.45974,2.29536,1.04274], "dtheta": [0,0,0,0,0,0,0], "current_errors": [], "last_motion_errors": [], "control_command_success_rate": 0, "robot_mode": "User stopped", "time": 3109573}