{"O_T_EE": [0.0063069,0.0191151,-0.999788,0,-0.915872,0.401442,0.00189771,0,0.401401,0.915683,0.0200393,0,0.176311,0.794582,0.00493752,1], "O_T_EE_d": [0.00633841,0.019074,-0.999788,0,-0.915837,0.401523,0.00185411,0,0.401481,0.915649,0.0200141,0,0.176373,0.794535,0.00489272,1], "F_T_NE": [0.7071,-0.7071,0,0,0.7071,0.7071,0,0,0,0,1,0,0,0,0.1034,1], "NE_T_EE": [1,0,0,0,0,1,0,0,0,0,1,0,0,0,0,1], "F_T_EE": [0.7071,-0.7071,0,0,0.7071,0.7071,0,0,0,0,1,0,0,0,0.1034,1], "EE_T_K": [1,0,0,0,0,1,0,0,0,0,1,0,0,0,0,1], "m_ee": 0.73, "F_x_Cee": [-0.01,0,0.03], "I_ee": [0.001,0,0,0,0.0025,0,0,0,0.0017], "m_load": 0, "F_x_Cload": [0,0,0], "I_load": [0,0,0,0,0,0,0,0,0], "m_total": 0.73, "F_x_Ctotal": [-0.01,0,0.03], "I_total": [0.001,0,0,0,0.0025,0,0,0,0.0017], "elbow": [2.27279,-1], "elbow_d": [2.27281,-1], "elbow_c": [2.27281,-1], "delbow_c": [0,0], "ddelbow_c": [0,0], "tau_J": [-0.109916,43.2767,-19.8678,6.71996,-0.326412,-2.30836,0.112813], "tau_J_d": [0,0,0,0,0,0,0], "dtau_J": [18.1724,-125.274,-27.5482,-103.165,36.1364,1.83392,-75.0359], "q": [-1.12337,-1.52558,2.27279,-1.25847,-2.31133,2.4295,1.13065], "dq": [0.000635704,0.00115638,0.000339438,0.00125545,-0.000568265,-0.000143344,0.00192381], "q_d": [-1.1234,-1.52563,2.27281,-1.25856,-2.31131,2.42945,1.13065], "dq_d": [0,0,0,0,0,0,0], "ddq_d": [0,0,0,0,0,0,0], "joint_contact": [0,0,0,0,0,0,0], "cartesian_contact": [0,0,0,0,0,0], "joint_collision": [0,0,0,0,0,0,0], "cartesian_collision": [0,0,0,0,0,0], "tau_ext_hat_filtered": [-0.110704,-1.10303,0.755811,-1.23029,0.460963,-0.722818,0.147007], "O_F_ext_hat_K": [-1.27015,-6.64055,-0.843918,0.874023,-0.312372,-0.0671252], "K_F_ext_hat_K": [0.708807,-1.50413,-6.60739,-0.0936018,-1.56708,0.192191], "O_dP_EE_d": [0,0,0,0,0,0], "O_ddP_O": [0,0,-9.81], "O_T_EE_c": [0.00633841,0.019074,-0.999788,0,-0.915837,0.401523,0.00185411,0,0.401481,0.915649,0.0200141,0,0.176373,0.794535,0.00489272,1], "O_dP_EE_c": [0,0,0,0,0,0], "O_ddP_EE_c": [0,0,0,0,0,0], "theta": [-1.12338,-1.52255,2.2714,-1.258,-2.31136,2.42924,1.13066], "dtheta": [0,0,0,0,0,0,0], "current_errors": [], "last_motion_errors": [], "control_command_success_rate": 0, "robot_mode": "User stopped", "time": 3003051}