{"O_T_EE": [-0.00547748,0.019138,-0.999792,0,-0.95823,0.285764,0.0107199,0,0.285916,0.958108,0.0167736,0,0.0782049,0.814336,0.00581532,1], "O_T_EE_d": [-0.00543864,0.0191685,-0.999792,0,-0.958225,0.285783,0.0106917,0,0.285934,0.958102,0.0168137,0,0.0782353,0.814325,0.00581113,1], "F_T_NE": [0.7071,-0.7071,0,0,0.7071,0.7071,0,0,0,0,1,0,0,0,0.1034,1], "NE_T_EE": [1,0,0,0,0,1,0,0,0,0,1,0,0,0,0,1], "F_T_EE": [0.7071,-0.7071,0,0,0.7071,0.7071,0,0,0,0,1,0,0,0,0.1034,1], "EE_T_K": [1,0,0,0,0,1,0,0,0,0,1,0,0,0,0,1], "m_ee": 0.73, "F_x_Cee": [-0.01,0,0.03], "I_ee": [0.001,0,0,0,0.0025,0,0,0,0.0017], "m_load": 0, "F_x_Cload": [0,0,0], "I_load": [0,0,0,0,0,0,0,0,0], "m_total": 0.73, "F_x_Ctotal": [-0.01,0,0.03], "I_total": [0.001,0,0,0,0.0025,0,0,0,0.0017], "elbow": [2.32181,-1], "elbow_d": [2.32179,-1], "elbow_c": [2.32179,-1], "delbow_c": [0,0], "ddelbow_c": [0,0], "tau_J": [0.112252,44.6375,-19.0784,8.17596,-0.289791,-2.53816,0.122884], "tau_J_d": [0,0,0,0,0,0,0], "dtau_J": [8.25603,-39.8522,-41.9202,47.489,-0.207846,11.7368,-58.4378], "q": [-1.04008,-1.49644,2.32181,-1.2421,-2.34557,2.41559,1.10373], "dq": [-0.00117283,0.00118658,0.000496826,-0.00448078,-0.00953745,0.000288808,-3.61687e-05], "q_d": [-1.04008,-1.49647,2.32179,-1.24215,-2.34556,2.41553,1.10376], "dq_d": [0,0,0,0,0,0,0], "ddq_d": [0,0,0,0,0,0,0], "joint_contact": [0,0,0,0,0,0,0], "cartesian_contact": [0,0,0,0,0,0], "joint_collision": [0,0,0,0,0,0,0], "cartesian_collision": [0,0,0,0,0,0], "tau_ext_hat_filtered": [0.141407,-0.573969,0.561824,-0.972836,0.472318,-0.926352,0.139097], "O_F_ext_hat_K": [-0.926616,-7.23169,-0.0315172,1.63177,-0.270083,0.208376], "K_F_ext_hat_K": [-0.101816,-1.17901,-7.1942,-0.0333319,-1.62407,0.206219], "O_dP_EE_d": [0,0,0,0,0,0], "O_ddP_O": [0,0,-9.81], "O_T_EE_c": [-0.00543864,0.0191685,-0.999792,0,-0.958225,0.285783,0.0106917,0,0.285934,0.958102,0.0168137,0,0.0782353,0.814325,0.00581113,1], "O_dP_EE_c": [0,0,0,0,0,0], "O_ddP_EE_c": [0,0,0,0,0,0], "theta": [-1.04008,-1.49331,2.32048,-1.24153,-2.3456,2.41531,1.10375], "dtheta": [0,0,0,0,-0.0374725,0,0], "current_errors": [], "last_motion_errors": [], "control_command_success_rate": 0, "robot_mode": "User stopped", "time": 2986348}