{"O_T_EE": [0.0508912,0.0516308,-0.997359,0,-0.698181,0.715906,0.00143535,0,0.714103,0.696278,0.0724824,0,0.453628,0.66188,-0.00357834,1], "O_T_EE_d": [0.0510087,0.0517528,-0.997347,0,-0.698119,0.715967,0.00144701,0,0.714156,0.696206,0.0726516,0,0.453678,0.66185,-0.0035138,1], "F_T_NE": [0.7071,-0.7071,0,0,0.7071,0.7071,0,0,0,0,1,0,0,0,0.1034,1], "NE_T_EE": [1,0,0,0,0,1,0,0,0,0,1,0,0,0,0,1], "F_T_EE": [0.7071,-0.7071,0,0,0.7071,0.7071,0,0,0,0,1,0,0,0,0.1034,1], "EE_T_K": [1,0,0,0,0,1,0,0,0,0,1,0,0,0,0,1], "m_ee": 0.73, "F_x_Cee": [-0.01,0,0.03], "I_ee": [0.001,0,0,0,0.0025,0,0,0,0.0017], "m_load": 0, "F_x_Cload": [0,0,0], "I_load": [0,0,0,0,0,0,0,0,0], "m_total": 0.73, "F_x_Ctotal": [-0.01,0,0.03], "I_total": [0.001,0,0,0,0.0025,0,0,0,0.0017], "elbow": [0.0190705,-1], "elbow_d": [0.0190436,-1], "elbow_c": [0.0190436,-1], "delbow_c": [0,0], "ddelbow_c": [0,0], "tau_J": [0.18763,-49.0896,0.043964,15.9955,-0.179928,-2.8293,0.143025], "tau_J_d": [0,0,0,0,0,0,0], "dtau_J": [-109.671,52.8599,80.6513,-6.78774,13.6899,8.78747,-8.3523], "q": [1.00598,1.23414,0.0190705,-1.38501,-2.87976,2.00098,0.63937], "dq": [0.000810625,-0.000351922,-0.000430557,0.00088739,0.00144043,0.000531136,-0.000353824], "q_d": [1.00594,1.23404,0.0190436,-1.38512,-2.87974,2.0008,0.6394], "dq_d": [0,0,0,0,0,0,0], "ddq_d": [0,0,0,0,0,0,0], "joint_contact": [0,0,0,0,0,0,0], "cartesian_contact": [0,0,0,0,0,0], "joint_collision": [0,0,0,0,0,0,0], "cartesian_collision": [0,0,0,0,0,0], "tau_ext_hat_filtered": [0.207416,0.165228,0.123247,0.0527123,0.243373,-1.04656,0.161297], "O_F_ext_hat_K": [-2.03999,-1.76567,-0.86477,0.513494,-0.488646,0.168014], "K_F_ext_hat_K": [0.667518,0.158988,-2.74884,0.389969,-1.399,0.133844], "O_dP_EE_d": [0,0,0,0,0,0], "O_ddP_O": [0,0,-9.81], "O_T_EE_c": [0.0510087,0.0517528,-0.997347,0,-0.698119,0.715967,0.00144701,0,0.714156,0.696206,0.0726516,0,0.453678,0.66185,-0.0035138,1], "O_dP_EE_c": [0,0,0,0,0,0], "O_ddP_EE_c": [0,0,0,0,0,0], "theta": [1.00599,1.23069,0.0190725,-1.38389,-2.87978,2.00067,0.639387], "dtheta": [0,0,0,0,0,0,0], "current_errors": [], "last_motion_errors": [], "control_command_success_rate": 0, "robot_mode": "User stopped", "time": 7889546}