{"O_T_EE": [0.0141054,0.0086225,-0.999854,0,-0.78741,0.616387,-0.00579277,0,0.616259,0.787391,0.0154841,0,0.367497,0.717148,-0.0031083,1], "O_T_EE_d": [0.0142473,0.00891268,-0.999849,0,-0.787414,0.616382,-0.00572581,0,0.61625,0.787392,0.0158001,0,0.367533,0.717209,-0.00293878,1], "F_T_NE": [0.7071,-0.7071,0,0,0.7071,0.7071,0,0,0,0,1,0,0,0,0.1034,1], "NE_T_EE": [1,0,0,0,0,1,0,0,0,0,1,0,0,0,0,1], "F_T_EE": [0.7071,-0.7071,0,0,0.7071,0.7071,0,0,0,0,1,0,0,0,0.1034,1], "EE_T_K": [1,0,0,0,0,1,0,0,0,0,1,0,0,0,0,1], "m_ee": 0.73, "F_x_Cee": [-0.01,0,0.03], "I_ee": [0.001,0,0,0,0.0025,0,0,0,0.0017], "m_load": 0, "F_x_Cload": [0,0,0], "I_load": [0,0,0,0,0,0,0,0,0], "m_total": 0.73, "F_x_Ctotal": [-0.01,0,0.03], "I_total": [0.001,0,0,0,0.0025,0,0,0,0.0017], "elbow": [-0.716531,-1], "elbow_d": [-0.716627,-1], "elbow_c": [-0.716627,-1], "delbow_c": [0,0], "ddelbow_c": [0,0], "tau_J": [0.449471,-46.1102,-17.9556,10.0922,-0.143307,-2.73866,0.184224], "tau_J_d": [0,0,0,0,0,0,0], "dtau_J": [-87.0786,27.638,116.537,9.78557,-12.0216,19.7014,81.8955], "q": [1.68975,1.43333,-0.716531,-1.30802,-2.42013,2.33202,1.05606], "dq": [0.00120023,-0.00131654,-0.00164544,-0.000672334,-0.00199897,-0.000554284,-0.00152811], "q_d": [1.68975,1.43318,-0.716627,-1.30802,-2.4201,2.33187,1.05608], "dq_d": [0,0,0,0,0,0,0], "ddq_d": [0,0,0,0,0,0,0], "joint_contact": [0,0,0,0,0,0,0], "cartesian_contact": [0,0,0,0,0,0], "joint_collision": [0,0,0,0,0,0,0], "cartesian_collision": [0,0,0,0,0,0], "tau_ext_hat_filtered": [0.518234,-0.796274,0.115251,-0.357601,0.507422,-1.12487,0.146976], "O_F_ext_hat_K": [-4.17555,-6.15615,2.20695,2.76484,-1.43339,0.618973], "K_F_ext_hat_K": [-2.31865,-0.519503,-7.38635,0.124579,-1.33686,0.238293], "O_dP_EE_d": [0,0,0,0,0,0], "O_ddP_O": [0,0,-9.81], "O_T_EE_c": [0.0142473,0.00891268,-0.999849,0,-0.787414,0.616382,-0.00572581,0,0.61625,0.787392,0.0158001,0,0.367533,0.717209,-0.00293878,1], "O_dP_EE_c": [0,0,0,0,0,0], "O_ddP_EE_c": [0,0,0,0,0,0], "theta": [1.68978,1.43009,-0.717791,-1.30731,-2.42015,2.33172,1.05608], "dtheta": [0,0,0,0,0,0,0], "current_errors": [], "last_motion_errors": [], "control_command_success_rate": 0, "robot_mode": "User stopped", "time": 3204202}