{"O_T_EE": [0.0398529,0.0222712,-0.998948,0,-0.576042,0.817394,-0.0047576,0,0.816444,0.575637,0.0454055,0,0.54832,0.583688,-0.00357996,1], "O_T_EE_d": [0.0400462,0.0224565,-0.998936,0,-0.576025,0.817407,-0.00471652,0,0.816447,0.575612,0.0456704,0,0.548334,0.58372,-0.00345145,1], "F_T_NE": [0.7071,-0.7071,0,0,0.7071,0.7071,0,0,0,0,1,0,0,0,0.1034,1], "NE_T_EE": [1,0,0,0,0,1,0,0,0,0,1,0,0,0,0,1], "F_T_EE": [0.7071,-0.7071,0,0,0.7071,0.7071,0,0,0,0,1,0,0,0,0.1034,1], "EE_T_K": [1,0,0,0,0,1,0,0,0,0,1,0,0,0,0,1], "m_ee": 0.73, "F_x_Cee": [-0.01,0,0.03], "I_ee": [0.001,0,0,0,0.0025,0,0,0,0.0017], "m_load": 0, "F_x_Cload": [0,0,0], "I_load": [0,0,0,0,0,0,0,0,0], "m_total": 0.73, "F_x_Ctotal": [-0.01,0,0.03], "I_total": [0.001,0,0,0,0.0025,0,0,0,0.0017], "elbow": [-0.00536094,-1], "elbow_d": [-0.00534968,-1], "elbow_c": [-0.00534968,-1], "delbow_c": [0,0], "ddelbow_c": [0,0], "tau_J": [0.263009,-48.8635,-0.705853,15.69,-0.381344,-2.72859,0.0514724], "tau_J_d": [0,0,0,0,0,0,0], "dtau_J": [99.9765,-110.984,31.8739,15.0544,-43.3485,43.7293,-47.2446], "q": [0.873532,1.21915,-0.00536094,-1.39568,-2.85278,2.03477,0.641687], "dq": [-0.000108784,0.00166333,2.17512e-05,-0.00152665,0.000151843,-0.000828402,0.00217383], "q_d": [0.873552,1.21898,-0.00534968,-1.39578,-2.85277,2.03457,0.641692], "dq_d": [0,0,0,0,0,0,0], "ddq_d": [0,0,0,0,0,0,0], "joint_contact": [0,0,0,0,0,0,0], "cartesian_contact": [0,0,0,0,0,0], "joint_collision": [0,0,0,0,0,0,0], "cartesian_collision": [0,0,0,0,0,0], "tau_ext_hat_filtered": [0.277901,0.273668,-0.00339303,-0.282504,0.0409167,-1.02021,0.084159], "O_F_ext_hat_K": [-3.1356,-2.68308,-0.355253,0.651056,-0.909506,0.245311], "K_F_ext_hat_K": [0.170164,-0.385213,-4.12066,0.123336,-1.41132,0.0613887], "O_dP_EE_d": [0,0,0,0,0,0], "O_ddP_O": [0,0,-9.81], "O_T_EE_c": [0.0400462,0.0224565,-0.998936,0,-0.576025,0.817407,-0.00471652,0,0.816447,0.575612,0.0456704,0,0.548334,0.58372,-0.00345145,1], "O_dP_EE_c": [0,0,0,0,0,0], "O_ddP_EE_c": [0,0,0,0,0,0], "theta": [0.873551,1.21572,-0.00541048,-1.39458,-2.85283,2.03447,0.641693], "dtheta": [0,0,0,0,0,0,0], "current_errors": [], "last_motion_errors": [], "control_command_success_rate": 0, "robot_mode": "User stopped", "time": 7936940}