{"O_T_EE": [0.0281277,0.00408793,-0.999586,0,-0.0622512,0.998048,0.00232994,0,0.997664,0.0621611,0.0283278,0,0.769253,0.19646,-0.00518853,1], "O_T_EE_d": [0.027953,0.00402691,-0.999591,0,-0.0622727,0.998047,0.00227927,0,0.997668,0.0621848,0.0281497,0,0.769176,0.196467,-0.00530446,1], "F_T_NE": [0.7071,-0.7071,0,0,0.7071,0.7071,0,0,0,0,1,0,0,0,0.1034,1], "NE_T_EE": [1,0,0,0,0,1,0,0,0,0,1,0,0,0,0,1], "F_T_EE": [0.7071,-0.7071,0,0,0.7071,0.7071,0,0,0,0,1,0,0,0,0.1034,1], "EE_T_K": [1,0,0,0,0,1,0,0,0,0,1,0,0,0,0,1], "m_ee": 0.73, "F_x_Cee": [-0.01,0,0.03], "I_ee": [0.001,0,0,0,0.0025,0,0,0,0.0017], "m_load": 0, "F_x_Cload": [0,0,0], "I_load": [0,0,0,0,0,0,0,0,0], "m_total": 0.73, "F_x_Ctotal": [-0.01,0,0.03], "I_total": [0.001,0,0,0,0.0025,0,0,0,0.0017], "elbow": [-0.0910059,-1], "elbow_d": [-0.0909881,-1], "elbow_c": [-0.0909881,-1], "delbow_c": [0,0], "ddelbow_c": [0,0], "tau_J": [0.78669,-47.0544,-2.24119,14.0793,-0.363033,-2.18751,0.0313308], "tau_J_d": [0,0,0,0,0,0,0], "dtau_J": [-20.5894,-100.019,10.4634,75.972,-8.11515,5.10686,-84.566], "q": [0.377323,1.20252,-0.0910059,-1.42946,-2.81992,2.05498,0.714012], "dq": [0.000261245,0.00156755,0.000898383,-0.00421198,9.10475e-05,0.000167098,0.0022727], "q_d": [0.377362,1.20259,-0.0909881,-1.42959,-2.81991,2.05496,0.713999], "dq_d": [0,0,0,0,0,0,0], "ddq_d": [0,0,0,0,0,0,0], "joint_contact": [0,0,0,0,0,0,0], "cartesian_contact": [0,0,0,0,0,0], "joint_collision": [0,0,0,0,0,0,0], "cartesian_collision": [0,0,0,0,0,0], "tau_ext_hat_filtered": [0.841307,1.73845,0.783157,-1.57213,0.0325301,-0.486139,0.0852209], "O_F_ext_hat_K": [-6.30519,-0.39612,-1.17242,-0.0559381,-0.303053,0.857895], "K_F_ext_hat_K": [0.992982,-0.00557265,-6.3483,0.0759633,-1.24642,0.0969485], "O_dP_EE_d": [0,0,0,0,0,0], "O_ddP_O": [0,0,-9.81], "O_T_EE_c": [0.027953,0.00402691,-0.999591,0,-0.0622727,0.998047,0.00227927,0,0.997668,0.0621848,0.0281497,0,0.769176,0.196467,-0.00530446,1], "O_dP_EE_c": [0,0,0,0,0,0], "O_ddP_EE_c": [0,0,0,0,0,0], "theta": [0.377378,1.19922,-0.0911632,-1.42847,-2.81997,2.05474,0.714015], "dtheta": [0,0,0,0,0,0,0], "current_errors": [], "last_motion_errors": ["joint_position_limits_violation"], "control_command_success_rate": 0, "robot_mode": "User stopped", "time": 8999561}