{"O_T_EE": [0.0178179,0.0107373,-0.999774,0,-0.311601,0.950191,0.00465151,0,0.950045,0.311454,0.0202765,0,0.697274,0.384882,-0.00437117,1], "O_T_EE_d": [0.0180769,0.0108665,-0.999768,0,-0.311599,0.950192,0.00469355,0,0.950041,0.311448,0.0205629,0,0.69734,0.384882,-0.00423545,1], "F_T_NE": [0.7071,-0.7071,0,0,0.7071,0.7071,0,0,0,0,1,0,0,0,0.1034,1], "NE_T_EE": [1,0,0,0,0,1,0,0,0,0,1,0,0,0,0,1], "F_T_EE": [0.7071,-0.7071,0,0,0.7071,0.7071,0,0,0,0,1,0,0,0,0.1034,1], "EE_T_K": [1,0,0,0,0,1,0,0,0,0,1,0,0,0,0,1], "m_ee": 0.73, "F_x_Cee": [-0.01,0,0.03], "I_ee": [0.001,0,0,0,0.0025,0,0,0,0.0017], "m_load": 0, "F_x_Cload": [0,0,0], "I_load": [0,0,0,0,0,0,0,0,0], "m_total": 0.73, "F_x_Ctotal": [-0.01,0,0.03], "I_total": [0.001,0,0,0,0.0025,0,0,0,0.0017], "elbow": [-0.80907,-1], "elbow_d": [-0.809174,-1], "elbow_c": [-0.809174,-1], "delbow_c": [0,0], "ddelbow_c": [0,0], "tau_J": [-0.260673,-43.4322,-20.2051,7.98553,-0.170772,-2.69838,0.163167], "tau_J_d": [0,0,0,0,0,0,0], "dtau_J": [-47.8481,38.009,-176.193,-4.18671,18.307,31.9564,131.594], "q": [1.18021,1.48274,-0.80907,-1.34622,-2.36298,2.35389,1.14282], "dq": [0.00410174,-0.00117962,0.00142678,0.00142346,-0.000148477,-0.000124651,-0.00274503], "q_d": [1.18019,1.48265,-0.809174,-1.34622,-2.36294,2.35374,1.14284], "dq_d": [0,0,0,0,0,0,0], "ddq_d": [0,0,0,0,0,0,0], "joint_contact": [0,0,0,0,0,0,0], "cartesian_contact": [0,0,0,0,0,0], "joint_collision": [0,0,0,0,0,0,0], "cartesian_collision": [0,0,0,0,0,0], "tau_ext_hat_filtered": [-0.387404,0.118851,0.0588168,-0.361504,0.525535,-1.09722,0.095604], "O_F_ext_hat_K": [-2.34081,-1.56811,-1.0365,0.284886,-0.758859,-0.289955], "K_F_ext_hat_K": [0.977744,-0.76544,-2.73328,0.0937489,-1.63321,0.18956], "O_dP_EE_d": [0,0,0,0,0,0], "O_ddP_O": [0,0,-9.81], "O_T_EE_c": [0.0180769,0.0108665,-0.999768,0,-0.311599,0.950192,0.00469355,0,0.950041,0.311448,0.0205629,0,0.69734,0.384882,-0.00423545,1], "O_dP_EE_c": [0,0,0,0,0,0], "O_ddP_EE_c": [0,0,0,0,0,0], "theta": [1.18019,1.47969,-0.810488,-1.34566,-2.363,2.35359,1.14283], "dtheta": [0,0,0,0,0,0,0], "current_errors": [], "last_motion_errors": [], "control_command_success_rate": 0, "robot_mode": "User stopped", "time": 3313685}