{"O_T_EE": [0.0510905,-0.0272882,-0.998312,0,0.517555,0.855633,0.00309863,0,0.854121,-0.516849,0.0578389,0,0.733981,-0.296299,-0.00564529,1], "O_T_EE_d": [0.0511061,-0.0272781,-0.998311,0,0.517563,0.855628,0.00311602,0,0.854114,-0.516859,0.057847,0,0.733957,-0.296288,-0.00564846,1], "F_T_NE": [0.7071,-0.7071,0,0,0.7071,0.7071,0,0,0,0,1,0,0,0,0.1034,1], "NE_T_EE": [1,0,0,0,0,1,0,0,0,0,1,0,0,0,0,1], "F_T_EE": [0.7071,-0.7071,0,0,0.7071,0.7071,0,0,0,0,1,0,0,0,0.1034,1], "EE_T_K": [1,0,0,0,0,1,0,0,0,0,1,0,0,0,0,1], "m_ee": 0.73, "F_x_Cee": [-0.01,0,0.03], "I_ee": [0.001,0,0,0,0.0025,0,0,0,0.0017], "m_load": 0, "F_x_Cload": [0,0,0], "I_load": [0,0,0,0,0,0,0,0,0], "m_total": 0.73, "F_x_Ctotal": [-0.01,0,0.03], "I_total": [0.001,0,0,0,0.0025,0,0,0,0.0017], "elbow": [-0.199481,-1], "elbow_d": [-0.199466,-1], "elbow_c": [-0.199466,-1], "delbow_c": [0,0], "ddelbow_c": [0,0], "tau_J": [0.18763,-46.8639,-5.61735,14.0039,-0.436275,-2.47865,0.112813], "tau_J_d": [0,0,0,0,0,0,0], "dtau_J": [57.6426,-110.752,-137.669,65.6279,4.60856,-47.9949,-51.2952], "q": [-0.167157,1.22234,-0.199481,-1.43623,-2.78985,2.0341,0.804215], "dq": [-0.00212375,0.00130274,0.00167138,0.00495169,1.74612e-07,-0.000316378,0.00142896], "q_d": [-0.167146,1.22229,-0.199466,-1.43636,-2.78984,2.03401,0.804238], "dq_d": [0,0,0,0,0,0,0], "ddq_d": [0,0,0,0,0,0,0], "joint_contact": [0,0,0,0,0,0,0], "cartesian_contact": [0,0,0,0,0,0], "joint_collision": [0,0,0,0,0,0,0], "cartesian_collision": [0,0,0,0,0,0], "tau_ext_hat_filtered": [0.097609,1.37228,0.328721,-1.0878,-0.0615429,-0.724051,0.166828], "O_F_ext_hat_K": [-4.6375,1.66637,-1.41037,-0.117011,-0.213609,0.162257], "K_F_ext_hat_K": [1.12561,-0.978743,-4.90382,-0.305763,-1.37167,0.212182], "O_dP_EE_d": [0,0,0,0,0,0], "O_ddP_O": [0,0,-9.81], "O_T_EE_c": [0.0511061,-0.0272781,-0.998311,0,0.517563,0.855628,0.00311602,0,0.854114,-0.516859,0.057847,0,0.733957,-0.296288,-0.00564846,1], "O_dP_EE_c": [0,0,0,0,0,0], "O_ddP_EE_c": [0,0,0,0,0,0], "theta": [-0.167143,1.21905,-0.199875,-1.43525,-2.78989,2.03382,0.804228], "dtheta": [0,0,0,0.0246704,0,0,0], "current_errors": [], "last_motion_errors": ["joint_position_limits_violation"], "control_command_success_rate": 0, "robot_mode": "User stopped", "time": 9344590}