{"O_T_EE": [0.0171061,-0.0126253,-0.999764,0,0.750171,0.661215,0.00448554,0,0.661015,-0.750085,0.0207824,0,0.608553,-0.510868,-0.00576116,1], "O_T_EE_d": [0.017252,-0.0129563,-0.999758,0,0.750229,0.66115,0.00437796,0,0.660945,-0.750137,0.0211268,0,0.608531,-0.510999,-0.00554955,1], "F_T_NE": [0.7071,-0.7071,0,0,0.7071,0.7071,0,0,0,0,1,0,0,0,0.1034,1], "NE_T_EE": [1,0,0,0,0,1,0,0,0,0,1,0,0,0,0,1], "F_T_EE": [0.7071,-0.7071,0,0,0.7071,0.7071,0,0,0,0,1,0,0,0,0.1034,1], "EE_T_K": [1,0,0,0,0,1,0,0,0,0,1,0,0,0,0,1], "m_ee": 0.73, "F_x_Cee": [-0.01,0,0.03], "I_ee": [0.001,0,0,0,0.0025,0,0,0,0.0017], "m_load": 0, "F_x_Cload": [0,0,0], "I_load": [0,0,0,0,0,0,0,0,0], "m_total": 0.73, "F_x_Ctotal": [-0.01,0,0.03], "I_total": [0.001,0,0,0,0.0025,0,0,0,0.0017], "elbow": [-0.92448,-1], "elbow_d": [-0.924738,-1], "elbow_c": [-0.924738,-1], "delbow_c": [0,0], "ddelbow_c": [0,0], "tau_J": [-0.149589,-41.9247,-22.2641,4.9942,-0.25317,-2.63887,0.0414016], "tau_J_d": [0,0,0,0,0,0,0], "dtau_J": [-31.3915,134.228,-65.5067,56.4941,-8.89587,31.408,-48.2716], "q": [0.0506798,1.57259,-0.92448,-1.34605,-2.33678,2.39623,1.26569], "dq": [0.00024432,-0.0018294,0.000135956,0.000221053,-4.02605e-05,-0.00037521,0.00236051], "q_d": [0.0506558,1.57247,-0.924738,-1.34617,-2.33675,2.39611,1.26568], "dq_d": [0,0,0,0,0,0,0], "ddq_d": [0,0,0,0,0,0,0], "joint_contact": [0,0,0,0,0,0,0], "cartesian_contact": [0,0,0,0,0,0], "joint_collision": [0,0,0,0,0,0,0], "cartesian_collision": [0,0,0,0,0,0], "tau_ext_hat_filtered": [-0.203829,-0.0144769,0.10501,-0.592331,0.546567,-1.13366,0.100282], "O_F_ext_hat_K": [-3.71264,2.75458,-0.210048,-0.99282,-1.1138,-0.104584], "K_F_ext_hat_K": [0.111714,-0.964711,-4.52464,-0.118912,-1.67182,0.212085], "O_dP_EE_d": [0,0,0,0,0,0], "O_ddP_O": [0,0,-9.81], "O_T_EE_c": [0.017252,-0.0129563,-0.999758,0,0.750229,0.66115,0.00437796,0,0.660945,-0.750137,0.0211268,0,0.608531,-0.510999,-0.00554955,1], "O_dP_EE_c": [0,0,0,0,0,0], "O_ddP_EE_c": [0,0,0,0,0,0], "theta": [0.0506693,1.56965,-0.926042,-1.3457,-2.33681,2.39593,1.26569], "dtheta": [0,0,0,0,0,0,0], "current_errors": [], "last_motion_errors": [], "control_command_success_rate": 0, "robot_mode": "User stopped", "time": 3446945}