{"O_T_EE": [0.0469834,-0.0404325,-0.998067,0,0.673102,0.739534,0.00172673,0,0.73805,-0.671895,0.0619623,0,0.665949,-0.429854,-0.00541931,1], "O_T_EE_d": [0.0470184,-0.0405081,-0.998063,0,0.673116,0.739522,0.00169545,0,0.738035,-0.671904,0.062039,0,0.66593,-0.429854,-0.00539888,1], "F_T_NE": [0.7071,-0.7071,0,0,0.7071,0.7071,0,0,0,0,1,0,0,0,0.1034,1], "NE_T_EE": [1,0,0,0,0,1,0,0,0,0,1,0,0,0,0,1], "F_T_EE": [0.7071,-0.7071,0,0,0.7071,0.7071,0,0,0,0,1,0,0,0,0.1034,1], "EE_T_K": [1,0,0,0,0,1,0,0,0,0,1,0,0,0,0,1], "m_ee": 0.73, "F_x_Cee": [-0.01,0,0.03], "I_ee": [0.001,0,0,0,0.0025,0,0,0,0.0017], "m_load": 0, "F_x_Cload": [0,0,0], "I_load": [0,0,0,0,0,0,0,0,0], "m_total": 0.73, "F_x_Ctotal": [-0.01,0,0.03], "I_total": [0.001,0,0,0,0.0025,0,0,0,0.0017], "elbow": [-0.395831,-1], "elbow_d": [-0.395843,-1], "elbow_c": [-0.395843,-1], "delbow_c": [0,0], "ddelbow_c": [0,0], "tau_J": [0.112252,-46.5624,-10.7907,12.3932,-0.0252036,-2.72859,0.000202917], "tau_J_d": [0,0,0,0,0,0,0], "dtau_J": [130.552,-159.981,-46.397,1.40168,-1.36695,-16.3389,-57.6139], "q": [-0.192395,1.2777,-0.395831,-1.41393,-2.65406,2.09242,0.915523], "dq": [-0.000736538,0.000444928,-0.000868223,-0.0021671,0.0022319,0.000473001,0.00122005], "q_d": [-0.192367,1.27764,-0.395843,-1.41406,-2.65404,2.09229,0.915514], "dq_d": [0,0,0,0,0,0,0], "ddq_d": [0,0,0,0,0,0,0], "joint_contact": [0,0,0,0,0,0,0], "cartesian_contact": [0,0,0,0,0,0], "joint_collision": [0,0,0,0,0,0,0], "cartesian_collision": [0,0,0,0,0,0], "tau_ext_hat_filtered": [0.184785,0.528526,0.320986,-1.41045,0.37791,-0.930143,0.0452888], "O_F_ext_hat_K": [-7.52633,5.26109,1.5341,-1.45079,-2.00628,0.234562], "K_F_ext_hat_K": [-2.09751,-1.17261,-8.99465,0.0366799,-1.31027,0.0817873], "O_dP_EE_d": [0,0,0,0,0,0], "O_ddP_O": [0,0,-9.81], "O_T_EE_c": [0.0470184,-0.0405081,-0.998063,0,0.673116,0.739522,0.00169545,0,0.738035,-0.671904,0.062039,0,0.66593,-0.429854,-0.00539888,1], "O_dP_EE_c": [0,0,0,0,0,0], "O_ddP_EE_c": [0,0,0,0,0,0], "theta": [-0.192387,1.27443,-0.396588,-1.41306,-2.65406,2.09212,0.915523], "dtheta": [0,0,0,0,0,0,0], "current_errors": [], "last_motion_errors": ["joint_position_limits_violation"], "control_command_success_rate": 0, "robot_mode": "User stopped", "time": 9388207}