{"O_T_EE": [0.0293631,-0.063796,-0.997521,0,0.932448,0.361253,0.00434389,0,0.360087,-0.930282,0.0700953,0,0.402145,-0.690129,-0.00695539,1], "O_T_EE_d": [0.0293697,-0.0639482,-0.997511,0,0.932599,0.360862,0.00432441,0,0.359694,-0.930423,0.0702378,0,0.401835,-0.690237,-0.00691518,1], "F_T_NE": [0.7071,-0.7071,0,0,0.7071,0.7071,0,0,0,0,1,0,0,0,0.1034,1], "NE_T_EE": [1,0,0,0,0,1,0,0,0,0,1,0,0,0,0,1], "F_T_EE": [0.7071,-0.7071,0,0,0.7071,0.7071,0,0,0,0,1,0,0,0,0.1034,1], "EE_T_K": [1,0,0,0,0,1,0,0,0,0,1,0,0,0,0,1], "m_ee": 0.73, "F_x_Cee": [-0.01,0,0.03], "I_ee": [0.001,0,0,0,0.0025,0,0,0,0.0017], "m_load": 0, "F_x_Cload": [0,0,0], "I_load": [0,0,0,0,0,0,0,0,0], "m_total": 0.73, "F_x_Ctotal": [-0.01,0,0.03], "I_total": [0.001,0,0,0,0.0025,0,0,0,0.0017], "elbow": [-0.174518,-1], "elbow_d": [-0.174604,-1], "elbow_c": [-0.174604,-1], "delbow_c": [0,0], "ddelbow_c": [0,0], "tau_J": [-0.185295,-48.7127,-5.61735,13.4286,-0.0343589,-3.16988,0.234578], "tau_J_d": [0,0,0,0,0,0,0], "dtau_J": [-127.679,-21.2671,-90.9893,56.9776,-11.1341,-16.4103,109.207], "q": [-0.853051,1.24448,-0.174518,-1.3934,-2.80603,2.03295,0.786934], "dq": [0.000113588,0.000509308,0.000304666,-0.000424482,-0.000199458,-0.000170445,-0.00275436], "q_d": [-0.853325,1.24429,-0.174604,-1.39383,-2.80597,2.03261,0.787015], "dq_d": [0,0,0,0,0,0,0], "ddq_d": [0,0,0,0,0,0,0], "joint_contact": [0,0,0,0,0,0,0], "cartesian_contact": [0,0,0,0,0,0], "joint_collision": [0,0,0,0,0,0,0], "cartesian_collision": [0,0,0,0,0,0], "tau_ext_hat_filtered": [-0.211093,-0.0288888,-0.339281,-2.01985,0.346504,-1.37904,0.180904], "O_F_ext_hat_K": [-8.26112,13.097,4.88541,-4.56264,-2.57238,-0.22399], "K_F_ext_hat_K": [-5.95152,-2.95057,-14.8162,-0.20509,-1.43496,0.171874], "O_dP_EE_d": [0,0,0,0,0,0], "O_ddP_O": [0,0,-9.81], "O_T_EE_c": [0.0293697,-0.0639482,-0.997511,0,0.932599,0.360862,0.00432441,0,0.359694,-0.930423,0.0702378,0,0.401835,-0.690237,-0.00691518,1], "O_dP_EE_c": [0,0,0,0,0,0], "O_ddP_EE_c": [0,0,0,0,0,0], "theta": [-0.853063,1.24106,-0.174912,-1.39246,-2.80603,2.0326,0.786961], "dtheta": [0,0,0,0,0,0,0], "current_errors": [], "last_motion_errors": ["joint_position_limits_violation"], "control_command_success_rate": 0, "robot_mode": "User stopped", "time": 10741590}