{"O_T_EE": [0.0450253,-0.0574771,-0.997321,0,0.905211,0.424623,0.0163953,0,0.422551,-0.903542,0.071149,0,0.443674,-0.662784,-0.00669479,1], "O_T_EE_d": [0.0450299,-0.0576549,-0.997311,0,0.905399,0.424224,0.0163554,0,0.422148,-0.903718,0.0713048,0,0.443403,-0.662882,-0.00667798,1], "F_T_NE": [0.7071,-0.7071,0,0,0.7071,0.7071,0,0,0,0,1,0,0,0,0.1034,1], "NE_T_EE": [1,0,0,0,0,1,0,0,0,0,1,0,0,0,0,1], "F_T_EE": [0.7071,-0.7071,0,0,0.7071,0.7071,0,0,0,0,1,0,0,0,0.1034,1], "EE_T_K": [1,0,0,0,0,1,0,0,0,0,1,0,0,0,0,1], "m_ee": 0.73, "F_x_Cee": [-0.01,0,0.03], "I_ee": [0.001,0,0,0,0.0025,0,0,0,0.0017], "m_load": 0, "F_x_Cload": [0,0,0], "I_load": [0,0,0,0,0,0,0,0,0], "m_total": 0.73, "F_x_Ctotal": [-0.01,0,0.03], "I_total": [0.001,0,0,0,0.0025,0,0,0,0.0017], "elbow": [-0.13515,-1], "elbow_d": [-0.135203,-1], "elbow_c": [-0.135203,-1], "delbow_c": [0,0], "ddelbow_c": [0,0], "tau_J": [-0.708976,-49.9545,-4.68107,13.7341,0.350163,-3.51045,0.000202917], "tau_J_d": [0,0,0,0,0,0,0], "dtau_J": [-189.048,91.4394,57.6514,-37.3564,-9.6001,19.8546,-71.4317], "q": [-0.824501,1.23544,-0.13515,-1.40387,-2.84044,2.01884,0.780911], "dq": [0.00140885,0.000101946,-0.00133701,-2.51954e-05,0.000299673,-0.000478485,0.00101501], "q_d": [-0.824737,1.23531,-0.135203,-1.40425,-2.84029,2.01845,0.780901], "dq_d": [0,0,0,0,0,0,0], "ddq_d": [0,0,0,0,0,0,0], "joint_contact": [0,0,0,0,0,0,0], "cartesian_contact": [0,0,0,0,0,0], "joint_collision": [0,0,0,0,0,0,0], "cartesian_collision": [0,0,0,0,0,0], "tau_ext_hat_filtered": [-0.662327,-1.17446,-0.519916,-1.79167,0.73806,-1.7273,0.0420825], "O_F_ext_hat_K": [-10.0065,14.4147,7.26677,-5.92967,-3.8363,-0.615549], "K_F_ext_hat_K": [-8.52653,-2.81808,-16.7355,0.362353,-1.38982,0.0755129], "O_dP_EE_d": [0,0,0,0,0,0], "O_ddP_O": [0,0,-9.81], "O_T_EE_c": [0.0450299,-0.0576549,-0.997311,0,0.905399,0.424224,0.0163554,0,0.422148,-0.903718,0.0713048,0,0.443403,-0.662882,-0.00667798,1], "O_dP_EE_c": [0,0,0,0,0,0], "O_ddP_EE_c": [0,0,0,0,0,0], "theta": [-0.82455,1.23193,-0.135479,-1.40291,-2.8404,2.01845,0.780911], "dtheta": [0,0,0,0,0,0,0], "current_errors": [], "last_motion_errors": ["joint_position_limits_violation"], "control_command_success_rate": 0, "robot_mode": "User stopped", "time": 10724471}