{"O_T_EE": [0.0115589,-0.019451,-0.999734,0,0.966779,0.2555,0.00620686,0,0.255317,-0.966613,0.0217585,0,0.315206,-0.737407,-0.00734386,1], "O_T_EE_d": [0.0115677,-0.019615,-0.999731,0,0.966835,0.255288,0.00617824,0,0.255103,-0.966665,0.021918,0,0.315028,-0.737491,-0.00727285,1], "F_T_NE": [0.7071,-0.7071,0,0,0.7071,0.7071,0,0,0,0,1,0,0,0,0.1034,1], "NE_T_EE": [1,0,0,0,0,1,0,0,0,0,1,0,0,0,0,1], "F_T_EE": [0.7071,-0.7071,0,0,0.7071,0.7071,0,0,0,0,1,0,0,0,0.1034,1], "EE_T_K": [1,0,0,0,0,1,0,0,0,0,1,0,0,0,0,1], "m_ee": 0.73, "F_x_Cee": [-0.01,0,0.03], "I_ee": [0.001,0,0,0,0.0025,0,0,0,0.0017], "m_load": 0, "F_x_Cload": [0,0,0], "I_load": [0,0,0,0,0,0,0,0,0], "m_total": 0.73, "F_x_Ctotal": [-0.01,0,0.03], "I_total": [0.001,0,0,0,0.0025,0,0,0,0.0017], "elbow": [-1.11885,-1], "elbow_d": [-1.11888,-1], "elbow_c": [-1.11888,-1], "delbow_c": [0,0], "ddelbow_c": [0,0], "tau_J": [-0.0742106,-40.6075,-23.6526,0.471491,-0.902279,-2.66908,0.102742], "tau_J_d": [0,0,0,0,0,0,0], "dtau_J": [-119.488,-144.786,-44.2301,16.6208,-6.29853,-3.42176,49.2529], "q": [-0.351564,1.74581,-1.11885,-1.27155,-2.19091,2.53058,1.37057], "dq": [0.00145438,0.00167112,0.000808726,7.55825e-05,4.24836e-05,-0.000161798,-0.000844429], "q_d": [-0.351737,1.74576,-1.11888,-1.27169,-2.1909,2.53044,1.37057], "dq_d": [0,0,0,0,0,0,0], "ddq_d": [0,0,0,0,0,0,0], "joint_contact": [0,0,0,0,0,0,0], "cartesian_contact": [0,0,0,0,0,0], "joint_collision": [0,0,0,0,0,0,0], "cartesian_collision": [0,0,0,0,0,0], "tau_ext_hat_filtered": [-0.0226526,-0.115313,0.342707,-0.563932,0.189409,-1.24963,0.0777069], "O_F_ext_hat_K": [-2.52614,4.36463,0.106562,-1.38505,-0.651549,0.118988], "K_F_ext_hat_K": [-0.220634,-1.32642,-4.86155,-0.608982,-1.45295,0.286698], "O_dP_EE_d": [0,0,0,0,0,0], "O_ddP_O": [0,0,-9.81], "O_T_EE_c": [0.0115677,-0.019615,-0.999731,0,0.966835,0.255288,0.00617824,0,0.255103,-0.966665,0.021918,0,0.315028,-0.737491,-0.00727285,1], "O_dP_EE_c": [0,0,0,0,0,0], "O_ddP_EE_c": [0,0,0,0,0,0], "theta": [-0.351569,1.74296,-1.12051,-1.27152,-2.191,2.53028,1.37058], "dtheta": [0,0,0,0,0,0,0], "current_errors": [], "last_motion_errors": ["joint_position_limits_violation"], "control_command_success_rate": 0, "robot_mode": "User stopped", "time": 10863008}