{"O_T_EE": [-0.00335685,0.013698,-0.999891,0,0.997101,0.0759288,-0.0023073,0,0.0758903,-0.997019,-0.0139135,0,0.173336,-0.786382,-0.00810783,1], "O_T_EE_d": [-0.00337714,0.0136309,-0.999892,0,0.997116,0.0757354,-0.00233531,0,0.0756968,-0.997035,-0.0138476,0,0.173185,-0.786408,-0.00807076,1], "F_T_NE": [0.7071,-0.7071,0,0,0.7071,0.7071,0,0,0,0,1,0,0,0,0.1034,1], "NE_T_EE": [1,0,0,0,0,1,0,0,0,0,1,0,0,0,0,1], "F_T_EE": [0.7071,-0.7071,0,0,0.7071,0.7071,0,0,0,0,1,0,0,0,0.1034,1], "EE_T_K": [1,0,0,0,0,1,0,0,0,0,1,0,0,0,0,1], "m_ee": 0.73, "F_x_Cee": [-0.01,0,0.03], "I_ee": [0.001,0,0,0,0.0025,0,0,0,0.0017], "m_load": 0, "F_x_Cload": [0,0,0], "I_load": [0,0,0,0,0,0,0,0,0], "m_total": 0.73, "F_x_Ctotal": [-0.01,0,0.03], "I_total": [0.001,0,0,0,0.0025,0,0,0,0.0017], "elbow": [-1.06588,-1], "elbow_d": [-1.06592,-1], "elbow_c": [-1.06592,-1], "delbow_c": [0,0], "ddelbow_c": [0,0], "tau_J": [0.112252,-41.3216,-22.9425,2.34802,-0.518673,-2.24794,0.132954], "tau_J_d": [0,0,0,0,0,0,0], "dtau_J": [13.5368,120.389,38.2461,83.52,-7.43598,-36.2675,-24.741], "q": [-0.576007,1.69001,-1.06588,-1.25934,-2.27563,2.53291,1.35021], "dq": [-0.000353728,0.0013249,0.000961562,-0.00112617,-0.00316733,0.000450773,-4.93314e-05], "q_d": [-0.576106,1.68999,-1.06592,-1.25948,-2.27562,2.53286,1.35024], "dq_d": [0,0,0,0,0,0,0], "ddq_d": [0,0,0,0,0,0,0], "joint_contact": [0,0,0,0,0,0,0], "cartesian_contact": [0,0,0,0,0,0], "joint_collision": [0,0,0,0,0,0,0], "cartesian_collision": [0,0,0,0,0,0], "tau_ext_hat_filtered": [0.130304,0.04657,0.413578,-0.430974,0.550828,-0.88396,0.145539], "O_F_ext_hat_K": [-0.75378,4.32209,-0.480673,-1.10293,-0.266604,0.19289], "K_F_ext_hat_K": [0.542366,-0.422323,-4.35972,-0.0362678,-1.53872,0.239418], "O_dP_EE_d": [0,0,0,0,0,0], "O_ddP_O": [0,0,-9.81], "O_T_EE_c": [-0.00337714,0.0136309,-0.999892,0,0.997116,0.0757354,-0.00233531,0,0.0756968,-0.997035,-0.0138476,0,0.173185,-0.786408,-0.00807076,1], "O_dP_EE_c": [0,0,0,0,0,0], "O_ddP_EE_c": [0,0,0,0,0,0], "theta": [-0.576,1.68711,-1.06749,-1.25917,-2.27569,2.53266,1.35023], "dtheta": [0,0,0,0,0,0,0], "current_errors": [], "last_motion_errors": [], "control_command_success_rate": 0, "robot_mode": "User stopped", "time": 3758675}