{"O_T_EE": [-0.00970325,0.0157584,-0.999819,0,0.979423,0.201672,-0.0063267,0,0.201539,-0.979326,-0.0173914,0,0.269276,-0.756871,-0.00739441,1], "O_T_EE_d": [-0.00971517,0.0155929,-0.999822,0,0.979443,0.201571,-0.00637352,0,0.20144,-0.979349,-0.017231,0,0.26917,-0.756922,-0.00733107,1], "F_T_NE": [0.7071,-0.7071,0,0,0.7071,0.7071,0,0,0,0,1,0,0,0,0.1034,1], "NE_T_EE": [1,0,0,0,0,1,0,0,0,0,1,0,0,0,0,1], "F_T_EE": [0.7071,-0.7071,0,0,0.7071,0.7071,0,0,0,0,1,0,0,0,0.1034,1], "EE_T_K": [1,0,0,0,0,1,0,0,0,0,1,0,0,0,0,1], "m_ee": 0.73, "F_x_Cee": [-0.01,0,0.03], "I_ee": [0.001,0,0,0,0.0025,0,0,0,0.0017], "m_load": 0, "F_x_Cload": [0,0,0], "I_load": [0,0,0,0,0,0,0,0,0], "m_total": 0.73, "F_x_Ctotal": [-0.01,0,0.03], "I_total": [0.001,0,0,0,0.0025,0,0,0,0.0017], "elbow": [-0.992949,-1], "elbow_d": [-0.993022,-1], "elbow_c": [-0.993022,-1], "delbow_c": [0,0], "ddelbow_c": [0,0], "tau_J": [0.0368734,-42,-22.4902,3.84368,-0.472897,-2.34773,0.184224], "tau_J_d": [0,0,0,0,0,0,0], "dtau_J": [18.6076,30.7914,-119.69,-107.767,8.31675,24.189,76.071], "q": [-0.476975,1.62576,-0.992949,-1.28469,-2.33631,2.48686,1.31034], "dq": [3.08767e-06,-0.000444634,0.000334838,-0.00187329,-0.000101742,-0.000189749,-0.000807769], "q_d": [-0.477056,1.62574,-0.993022,-1.28478,-2.33629,2.48672,1.31035], "dq_d": [0,0,0,0,0,0,0], "ddq_d": [0,0,0,0,0,0,0], "joint_contact": [0,0,0,0,0,0,0], "cartesian_contact": [0,0,0,0,0,0], "joint_collision": [0,0,0,0,0,0,0], "cartesian_collision": [0,0,0,0,0,0], "tau_ext_hat_filtered": [0.118351,0.0139324,0.358654,-0.653841,0.492215,-0.969152,0.141129], "O_F_ext_hat_K": [-2.02002,5.61732,0.274389,-1.62493,-0.624938,0.203518], "K_F_ext_hat_K": [-0.166222,-0.847354,-5.91307,-0.214544,-1.54434,0.256461], "O_dP_EE_d": [0,0,0,0,0,0], "O_ddP_O": [0,0,-9.81], "O_T_EE_c": [-0.00971517,0.0155929,-0.999822,0,0.979443,0.201571,-0.00637352,0,0.20144,-0.979349,-0.017231,0,0.26917,-0.756922,-0.00733107,1], "O_dP_EE_c": [0,0,0,0,0,0], "O_ddP_EE_c": [0,0,0,0,0,0], "theta": [-0.476972,1.62281,-0.994528,-1.28442,-2.33637,2.4866,1.31036], "dtheta": [0,0,0,0,0,0,0], "current_errors": [], "last_motion_errors": [], "control_command_success_rate": 0, "robot_mode": "User stopped", "time": 3736518}