{"O_T_EE": [-0.00179748,0.0190198,-0.999808,0,0.987779,0.155795,0.00118791,0,0.155791,-0.987606,-0.0190677,0,0.221569,-0.772986,-0.00747976,1], "O_T_EE_d": [-0.00182456,0.0189947,-0.999808,0,0.987813,0.155579,0.00115308,0,0.155574,-0.987641,-0.0190475,0,0.221408,-0.773006,-0.00746872,1], "F_T_NE": [0.7071,-0.7071,0,0,0.7071,0.7071,0,0,0,0,1,0,0,0,0.1034,1], "NE_T_EE": [1,0,0,0,0,1,0,0,0,0,1,0,0,0,0,1], "F_T_EE": [0.7071,-0.7071,0,0,0.7071,0.7071,0,0,0,0,1,0,0,0,0.1034,1], "EE_T_K": [1,0,0,0,0,1,0,0,0,0,1,0,0,0,0,1], "m_ee": 0.73, "F_x_Cee": [-0.01,0,0.03], "I_ee": [0.001,0,0,0,0.0025,0,0,0,0.0017], "m_load": 0, "F_x_Cload": [0,0,0], "I_load": [0,0,0,0,0,0,0,0,0], "m_total": 0.73, "F_x_Ctotal": [-0.01,0,0.03], "I_total": [0.001,0,0,0,0.0025,0,0,0,0.0017], "elbow": [-0.919795,-1], "elbow_d": [-0.919806,-1], "elbow_c": [-0.919806,-1], "delbow_c": [0,0], "ddelbow_c": [0,0], "tau_J": [0.298714,-42.5277,-21.2167,5.37902,-0.326412,-2.20766,0.143025], "tau_J_d": [0,0,0,0,0,0,0], "dtau_J": [46.595,-209.065,-34.3914,-19.7148,29.0623,7.43034,-9.59014], "q": [-0.58015,1.56873,-0.919795,-1.29609,-2.41153,2.43591,1.28937], "dq": [-0.000196856,0.00161346,0.001495,-0.00647826,-0.000294335,-0.000205148,0.000354074], "q_d": [-0.580251,1.56869,-0.919806,-1.29626,-2.41151,2.43586,1.28937], "dq_d": [0,0,0,0,0,0,0], "ddq_d": [0,0,0,0,0,0,0], "joint_contact": [0,0,0,0,0,0,0], "cartesian_contact": [0,0,0,0,0,0], "joint_collision": [0,0,0,0,0,0,0], "cartesian_collision": [0,0,0,0,0,0], "tau_ext_hat_filtered": [0.306799,0.459328,0.725478,-0.839911,0.526304,-0.814444,0.168938], "O_F_ext_hat_K": [-1.76657,6.914,0.0407544,-1.48723,-0.479366,0.362906], "K_F_ext_hat_K": [0.0939333,-0.667777,-7.1043,-0.202976,-1.56415,0.238964], "O_dP_EE_d": [0,0,0,0,0,0], "O_ddP_O": [0,0,-9.81], "O_T_EE_c": [-0.00182456,0.0189947,-0.999808,0,0.987813,0.155579,0.00115308,0,0.155574,-0.987641,-0.0190475,0,0.221408,-0.773006,-0.00746872,1], "O_dP_EE_c": [0,0,0,0,0,0], "O_ddP_EE_c": [0,0,0,0,0,0], "theta": [-0.580129,1.56575,-0.921283,-1.29571,-2.41156,2.43567,1.28938], "dtheta": [0,0,0,-0.024584,0,0,0], "current_errors": [], "last_motion_errors": [], "control_command_success_rate": 0, "robot_mode": "User stopped", "time": 3715323}