{"O_T_EE": [0.00186999,-0.00793763,-0.999957,0,0.985528,-0.169429,0.00318793,0,-0.16945,-0.98551,0.00750607,0,-0.0255392,-0.810596,-0.00837599,1], "O_T_EE_d": [0.0018386,-0.0079083,-0.999957,0,0.985476,-0.169729,0.0031543,0,-0.16975,-0.985459,0.00748152,0,-0.0257703,-0.810555,-0.00839416,1], "F_T_NE": [0.7071,-0.7071,0,0,0.7071,0.7071,0,0,0,0,1,0,0,0,0.1034,1], "NE_T_EE": [1,0,0,0,0,1,0,0,0,0,1,0,0,0,0,1], "F_T_EE": [0.7071,-0.7071,0,0,0.7071,0.7071,0,0,0,0,1,0,0,0,0.1034,1], "EE_T_K": [1,0,0,0,0,1,0,0,0,0,1,0,0,0,0,1], "m_ee": 0.73, "F_x_Cee": [-0.01,0,0.03], "I_ee": [0.001,0,0,0,0.0025,0,0,0,0.0017], "m_load": 0, "F_x_Cload": [0,0,0], "I_load": [0,0,0,0,0,0,0,0,0], "m_total": 0.73, "F_x_Ctotal": [-0.01,0,0.03], "I_total": [0.001,0,0,0,0.0025,0,0,0,0.0017], "elbow": [-1.0165,-1], "elbow_d": [-1.01649,-1], "elbow_c": [-1.01649,-1], "delbow_c": [0,0], "ddelbow_c": [0,0], "tau_J": [0.338387,-41.6628,-21.4032,3.68896,-0.500362,-2.08772,0.174153], "tau_J_d": [0,0,0,0,0,0,0], "dtau_J": [-9.64826,55.7184,20.0835,24.7838,-14.0025,-6.70311,26.9382], "q": [-0.866068,1.66154,-1.0165,-1.23409,-2.28391,2.48825,1.29802], "dq": [0.000393635,-0.00153699,5.33926e-05,6.288e-05,-0.000802832,0.000157573,-0.00108972], "q_d": [-0.866252,1.66155,-1.01649,-1.23424,-2.2839,2.48822,1.29804], "dq_d": [0,0,0,0,0,0,0], "ddq_d": [0,0,0,0,0,0,0], "joint_contact": [0,0,0,0,0,0,0], "cartesian_contact": [0,0,0,0,0,0], "joint_collision": [0,0,0,0,0,0,0], "cartesian_collision": [0,0,0,0,0,0], "tau_ext_hat_filtered": [0.299768,0.873745,1.20117,-0.549832,0.473963,-0.637583,0.180206], "O_F_ext_hat_K": [0.49342,5.07739,-1.48826,-0.230203,-0.0477028,0.357645], "K_F_ext_hat_K": [1.44885,-0.378727,-5.0986,-0.0900838,-1.45651,0.256771], "O_dP_EE_d": [0,0,0,0,0,0], "O_ddP_O": [0,0,-9.81], "O_T_EE_c": [0.0018386,-0.0079083,-0.999957,0,0.985476,-0.169729,0.0031543,0,-0.16975,-0.985459,0.00748152,0,-0.0257703,-0.810555,-0.00839416,1], "O_dP_EE_c": [0,0,0,0,0,0], "O_ddP_EE_c": [0,0,0,0,0,0], "theta": [-0.866044,1.65862,-1.018,-1.23384,-2.28397,2.48802,1.29804], "dtheta": [0,0,0,0,0,0,0], "current_errors": [], "last_motion_errors": [], "control_command_success_rate": 0, "robot_mode": "User stopped", "time": 4100250}