{"O_T_EE": [-4.4004e-05,0.0184852,-0.99982,0,0.973222,-0.229784,-0.0042912,0,-0.229826,-0.973066,-0.0179804,0,-0.075482,-0.808413,-0.00818732,1], "O_T_EE_d": [-5.81192e-05,0.0185334,-0.999819,0,0.973152,-0.230081,-0.00432152,0,-0.230124,-0.972995,-0.0180228,0,-0.0757081,-0.808358,-0.00821249,1], "F_T_NE": [0.7071,-0.7071,0,0,0.7071,0.7071,0,0,0,0,1,0,0,0,0.1034,1], "NE_T_EE": [1,0,0,0,0,1,0,0,0,0,1,0,0,0,0,1], "F_T_EE": [0.7071,-0.7071,0,0,0.7071,0.7071,0,0,0,0,1,0,0,0,0.1034,1], "EE_T_K": [1,0,0,0,0,1,0,0,0,0,1,0,0,0,0,1], "m_ee": 0.73, "F_x_Cee": [-0.01,0,0.03], "I_ee": [0.001,0,0,0,0.0025,0,0,0,0.0017], "m_load": 0, "F_x_Cload": [0,0,0], "I_load": [0,0,0,0,0,0,0,0,0], "m_total": 0.73, "F_x_Ctotal": [-0.01,0,0.03], "I_total": [0.001,0,0,0,0.0025,0,0,0,0.0017], "elbow": [-0.909828,-1], "elbow_d": [-0.909835,-1], "elbow_c": [-0.909835,-1], "delbow_c": [0,0], "ddelbow_c": [0,0], "tau_J": [-0.0345378,-43.3212,-20.4272,5.79955,-0.344723,-2.07765,0.153096], "tau_J_d": [0,0,0,0,0,0,0], "dtau_J": [35.2583,-1.66351,136.395,-130.894,20.7188,23.1713,-34.1479], "q": [-0.984241,1.57204,-0.909828,-1.24445,-2.38355,2.45726,1.2354], "dq": [0.000463113,0.000774942,-0.000994587,0.000400207,7.09667e-05,-0.000412055,-0.0004963], "q_d": [-0.984434,1.57205,-0.909835,-1.24458,-2.38353,2.45725,1.23542], "dq_d": [0,0,0,0,0,0,0], "ddq_d": [0,0,0,0,0,0,0], "joint_contact": [0,0,0,0,0,0,0], "cartesian_contact": [0,0,0,0,0,0], "joint_collision": [0,0,0,0,0,0,0], "cartesian_collision": [0,0,0,0,0,0], "tau_ext_hat_filtered": [0.0182251,0.542369,0.768301,-0.989016,0.531202,-0.648913,0.173523], "O_F_ext_hat_K": [0.713524,6.748,-0.00709025,-1.3641,0.0638384,0.0881267], "K_F_ext_hat_K": [0.131798,-0.856149,-6.7301,-0.0193071,-1.40317,0.258825], "O_dP_EE_d": [0,0,0,0,0,0], "O_ddP_O": [0,0,-9.81], "O_T_EE_c": [-5.81192e-05,0.0185334,-0.999819,0,0.973152,-0.230081,-0.00432152,0,-0.230124,-0.972995,-0.0180228,0,-0.0757081,-0.808358,-0.00821249,1], "O_dP_EE_c": [0,0,0,0,0,0], "O_ddP_EE_c": [0,0,0,0,0,0], "theta": [-0.984244,1.569,-0.911261,-1.24404,-2.38359,2.45703,1.23542], "dtheta": [0,0,0,0,0,0,0], "current_errors": [], "last_motion_errors": [], "control_command_success_rate": 0, "robot_mode": "User stopped", "time": 4077312}