{"O_T_EE": [0.00873744,-0.0160028,-0.999824,0,0.792589,-0.609512,0.016682,0,-0.609684,-0.792611,0.00735818,0,-0.408816,-0.717169,0.00179754,1], "O_T_EE_d": [0.00864994,-0.0158893,-0.999827,0,0.79254,-0.60958,0.0165441,0,-0.609748,-0.792561,0.00732026,0,-0.408883,-0.717072,0.0017089,1], "F_T_NE": [0.7071,-0.7071,0,0,0.7071,0.7071,0,0,0,0,1,0,0,0,0.1034,1], "NE_T_EE": [1,0,0,0,0,1,0,0,0,0,1,0,0,0,0,1], "F_T_EE": [0.7071,-0.7071,0,0,0.7071,0.7071,0,0,0,0,1,0,0,0,0.1034,1], "EE_T_K": [1,0,0,0,0,1,0,0,0,0,1,0,0,0,0,1], "m_ee": 0.73, "F_x_Cee": [-0.01,0,0.03], "I_ee": [0.001,0,0,0,0.0025,0,0,0,0.0017], "m_load": 0, "F_x_Cload": [0,0,0], "I_load": [0,0,0,0,0,0,0,0,0], "m_total": 0.73, "F_x_Ctotal": [-0.01,0,0.03], "I_total": [0.001,0,0,0,0.0025,0,0,0,0.0017], "elbow": [2.40001,-1], "elbow_d": [2.39998,-1], "elbow_c": [2.39998,-1], "delbow_c": [0,0], "ddelbow_c": [0,0], "tau_J": [1.00886,46.3712,-17.1661,10.2826,-0.308102,-2.59859,0.0514724], "tau_J_d": [0,0,0,0,0,0,0], "dtau_J": [-69.4505,-82.6621,157.728,-40.4221,15.2876,-12.7857,-28.1625], "q": [1.60701,-1.4698,2.40001,-1.2089,-2.48272,2.37894,1.12213], "dq": [0.0014368,0.000209649,-0.00173706,0.00152145,-0.00026381,2.09578e-05,0.000701863], "q_d": [1.60698,-1.46993,2.39998,-1.20901,-2.48271,2.37882,1.12213], "dq_d": [0,0,0,0,0,0,0], "ddq_d": [0,0,0,0,0,0,0], "joint_contact": [0,0,0,0,0,0,0], "cartesian_contact": [0,0,0,0,0,0], "joint_collision": [0,0,0,0,0,0,0], "cartesian_collision": [0,0,0,0,0,0], "tau_ext_hat_filtered": [0.978531,-0.210096,0.713527,-0.579495,0.41279,-1.00099,0.0805617], "O_F_ext_hat_K": [5.3994,6.96913,0.935888,-2.04622,1.27749,1.02638], "K_F_ext_hat_K": [-1.00009,0.0473444,-8.80885,-0.0292843,-1.61941,0.129121], "O_dP_EE_d": [0,0,0,0,0,0], "O_ddP_O": [0,0,-9.81], "O_T_EE_c": [0.00864994,-0.0158893,-0.999827,0,0.79254,-0.60958,0.0165441,0,-0.609748,-0.792561,0.00732026,0,-0.408883,-0.717072,0.0017089,1], "O_dP_EE_c": [0,0,0,0,0,0], "O_ddP_EE_c": [0,0,0,0,0,0], "theta": [1.60708,-1.46655,2.3988,-1.20818,-2.48275,2.37865,1.12214], "dtheta": [0,0,0,0,0,0,0], "current_errors": [], "last_motion_errors": [], "control_command_success_rate": 0, "robot_mode": "User stopped", "time": 4222105}