{"O_T_EE": [-0.00575565,-0.0115277,-0.999907,0,0.711576,-0.702584,0.00400395,0,-0.702578,-0.711501,0.0122469,0,-0.49525,-0.657919,-0.00856345,1], "O_T_EE_d": [-0.00568903,-0.0115579,-0.999907,0,0.711433,-0.702728,0.00407508,0,-0.702724,-0.711358,0.0122208,0,-0.495341,-0.657816,-0.00860265,1], "F_T_NE": [0.7071,-0.7071,0,0,0.7071,0.7071,0,0,0,0,1,0,0,0,0.1034,1], "NE_T_EE": [1,0,0,0,0,1,0,0,0,0,1,0,0,0,0,1], "F_T_EE": [0.7071,-0.7071,0,0,0.7071,0.7071,0,0,0,0,1,0,0,0,0.1034,1], "EE_T_K": [1,0,0,0,0,1,0,0,0,0,1,0,0,0,0,1], "m_ee": 0.73, "F_x_Cee": [-0.01,0,0.03], "I_ee": [0.001,0,0,0,0.0025,0,0,0,0.0017], "m_load": 0, "F_x_Cload": [0,0,0], "I_load": [0,0,0,0,0,0,0,0,0], "m_total": 0.73, "F_x_Ctotal": [-0.01,0,0.03], "I_total": [0.001,0,0,0,0.0025,0,0,0,0.0017], "elbow": [-0.972669,-1], "elbow_d": [-0.972575,-1], "elbow_c": [-0.972575,-1], "delbow_c": [0,0], "ddelbow_c": [0,0], "tau_J": [-0.185295,-43.2458,-20.2051,4.87914,-0.445431,-2.18751,0.174153], "tau_J_d": [0,0,0,0,0,0,0], "dtau_J": [82.1809,-97.9816,66.6867,-31.2492,13.4682,31.1309,3.04906], "q": [-1.54654,1.64268,-0.972669,-1.16231,-2.30539,2.47899,1.24042], "dq": [-0.00127853,0.000879381,-0.000811831,-0.000914864,1.81164e-05,-0.000663897,0.000414953], "q_d": [-1.54669,1.64267,-0.972575,-1.16239,-2.30536,2.47893,1.24042], "dq_d": [0,0,0,0,0,0,0], "ddq_d": [0,0,0,0,0,0,0], "joint_contact": [0,0,0,0,0,0,0], "cartesian_contact": [0,0,0,0,0,0], "joint_collision": [0,0,0,0,0,0,0], "cartesian_collision": [0,0,0,0,0,0], "tau_ext_hat_filtered": [-0.249648,0.964429,1.07031,-0.931134,0.477258,-0.688278,0.183148], "O_F_ext_hat_K": [3.11925,4.60472,-1.25606,-0.410222,0.203756,-0.163439], "K_F_ext_hat_K": [1.18493,-1.02067,-5.48316,-0.0673275,-1.50674,0.290734], "O_dP_EE_d": [0,0,0,0,0,0], "O_ddP_O": [0,0,-9.81], "O_T_EE_c": [-0.00568903,-0.0115579,-0.999907,0,0.711433,-0.702728,0.00407508,0,-0.702724,-0.711358,0.0122208,0,-0.495341,-0.657816,-0.00860265,1], "O_dP_EE_c": [0,0,0,0,0,0], "O_ddP_EE_c": [0,0,0,0,0,0], "theta": [-1.54655,1.63965,-0.974087,-1.16197,-2.30544,2.47875,1.24043], "dtheta": [0,0,0,0,0,0,0], "current_errors": [], "last_motion_errors": [], "control_command_success_rate": 0, "robot_mode": "User stopped", "time": 4378190}