{"O_T_EE": [0.00363359,-0.00133543,-0.999983,0,0.666473,-0.745508,0.00341733,0,-0.745514,-0.666487,-0.00181888,0,-0.535667,-0.627838,-0.00855462,1], "O_T_EE_d": [0.00364751,-0.00136777,-0.999983,0,0.666394,-0.745579,0.00345052,0,-0.745585,-0.666408,-0.00180807,0,-0.535733,-0.627773,-0.00857011,1], "F_T_NE": [0.7071,-0.7071,0,0,0.7071,0.7071,0,0,0,0,1,0,0,0,0.1034,1], "NE_T_EE": [1,0,0,0,0,1,0,0,0,0,1,0,0,0,0,1], "F_T_EE": [0.7071,-0.7071,0,0,0.7071,0.7071,0,0,0,0,1,0,0,0,0.1034,1], "EE_T_K": [1,0,0,0,0,1,0,0,0,0,1,0,0,0,0,1], "m_ee": 0.73, "F_x_Cee": [-0.01,0,0.03], "I_ee": [0.001,0,0,0,0.0025,0,0,0,0.0017], "m_load": 0, "F_x_Cload": [0,0,0], "I_load": [0,0,0,0,0,0,0,0,0], "m_total": 0.73, "F_x_Ctotal": [-0.01,0,0.03], "I_total": [0.001,0,0,0,0.0025,0,0,0,0.0017], "elbow": [-0.921236,-1], "elbow_d": [-0.921208,-1], "elbow_c": [-0.921208,-1], "delbow_c": [0,0], "ddelbow_c": [0,0], "tau_J": [0.298714,-43.9599,-19.3045,6.68029,-0.500362,-2.25801,0.285847], "tau_J_d": [0,0,0,0,0,0,0], "dtau_J": [31.1883,-22.0974,84.1511,106.803,-57.2611,-43.6534,107.061], "q": [-1.63855,1.60479,-0.921236,-1.15689,-2.3515,2.47277,1.21074], "dq": [0.000215573,0.000130345,5.94896e-06,0.00442727,0.00106531,0.000680788,-0.00311751], "q_d": [-1.63867,1.6048,-0.921208,-1.15689,-2.35149,2.47273,1.21076], "dq_d": [0,0,0,0,0,0,0], "ddq_d": [0,0,0,0,0,0,0], "joint_contact": [0,0,0,0,0,0,0], "cartesian_contact": [0,0,0,0,0,0], "joint_collision": [0,0,0,0,0,0,0], "cartesian_collision": [0,0,0,0,0,0], "tau_ext_hat_filtered": [0.38929,0.987505,1.22496,-0.461362,0.419365,-0.753445,0.243465], "O_F_ext_hat_K": [3.55535,3.64212,-1.63949,-0.205127,0.0184239,0.456809], "K_F_ext_hat_K": [1.64755,-0.351295,-5.07501,-0.181437,-1.53406,0.325344], "O_dP_EE_d": [0,0,0,0,0,0], "O_ddP_O": [0,0,-9.81], "O_T_EE_c": [0.00364751,-0.00136777,-0.999983,0,0.666394,-0.745579,0.00345052,0,-0.745585,-0.666408,-0.00180807,0,-0.535733,-0.627773,-0.00857011,1], "O_dP_EE_c": [0,0,0,0,0,0], "O_ddP_EE_c": [0,0,0,0,0,0], "theta": [-1.63853,1.6017,-0.92259,-1.15642,-2.35155,2.47252,1.21078], "dtheta": [0,0,0,0.0252344,0,0,0], "current_errors": [], "last_motion_errors": [], "control_command_success_rate": 0, "robot_mode": "User stopped", "time": 4354477}