{"O_T_EE": [-0.00600447,0.0244612,-0.999673,0,-0.868731,-0.495216,-0.00689957,0,-0.495232,0.868423,0.0242242,0,-0.550505,0.657012,0.108135,1], "O_T_EE_d": [-0.00603635,0.0245894,-0.99967,0,-0.868759,-0.495167,-0.00693402,0,-0.495183,0.868447,0.0243517,0,-0.550469,0.657052,0.108173,1], "F_T_NE": [0.7071,-0.7071,0,0,0.7071,0.7071,0,0,0,0,1,0,0,0,0.1034,1], "NE_T_EE": [1,0,0,0,0,1,0,0,0,0,1,0,0,0,0,1], "F_T_EE": [0.7071,-0.7071,0,0,0.7071,0.7071,0,0,0,0,1,0,0,0,0.1034,1], "EE_T_K": [1,0,0,0,0,1,0,0,0,0,1,0,0,0,0,1], "m_ee": 0.73, "F_x_Cee": [-0.01,0,0.03], "I_ee": [0.001,0,0,0,0.0025,0,0,0,0.0017], "m_load": 0, "F_x_Cload": [0,0,0], "I_load": [0,0,0,0,0,0,0,0,0], "m_total": 0.73, "F_x_Ctotal": [-0.01,0,0.03], "I_total": [0.001,0,0,0,0.0025,0,0,0,0.0017], "elbow": [2.88449,-1], "elbow_d": [2.88445,-1], "elbow_c": [2.88445,-1], "delbow_c": [0,0], "ddelbow_c": [0,0], "tau_J": [-0.221,50.402,-6.66868,17.0666,-0.308102,-2.67824,0.0313308], "tau_J_d": [0,0,0,0,0,0,0], "dtau_J": [-130.397,-43.8172,-47.9042,22.1545,20.4872,-10.8645,33.0131], "q": [-0.655221,-1.1134,2.88449,-1.26402,-2.74341,2.34909,0.723906], "dq": [-0.000157815,-5.23247e-05,0.000270287,-0.000890365,-0.000346401,0.000323361,-0.000332213], "q_d": [-0.655251,-1.11337,2.88445,-1.26405,-2.74342,2.34897,0.723905], "dq_d": [0,0,0,0,0,0,0], "ddq_d": [0,0,0,0,0,0,0], "joint_contact": [0,0,0,0,0,0,0], "cartesian_contact": [0,0,0,0,0,0], "joint_collision": [0,0,0,0,0,0,0], "cartesian_collision": [0,0,0,0,0,0], "tau_ext_hat_filtered": [-0.197519,-0.517482,-0.199168,-1.41655,0.213666,-0.961647,0.0152116], "O_F_ext_hat_K": [6.86296,-8.14098,0.231472,2.53021,1.76633,-0.174434], "K_F_ext_hat_K": [-0.471752,-1.93216,-10.463,0.159902,-1.74432,0.0334583], "O_dP_EE_d": [0,0,0,0,0,0], "O_ddP_O": [0,0,-9.81], "O_T_EE_c": [-0.00603635,0.0245894,-0.99967,0,-0.868759,-0.495167,-0.00693402,0,-0.495183,0.868447,0.0243517,0,-0.550469,0.657052,0.108173,1], "O_dP_EE_c": [0,0,0,0,0,0], "O_ddP_EE_c": [0,0,0,0,0,0], "theta": [-0.655237,-1.10986,2.88402,-1.26282,-2.74345,2.34879,0.72391], "dtheta": [0,0,0,0,0,0,0], "current_errors": [], "last_motion_errors": ["joint_position_limits_violation"], "control_command_success_rate": 0, "robot_mode": "User stopped", "time": 1017714}