{"O_T_EE": [-0.0255906,0.0571618,-0.998027,0,-0.925874,-0.3778,0.00210208,0,-0.376942,0.924119,0.062594,0,-0.468345,0.714774,0.107699,1], "O_T_EE_d": [-0.0255904,0.0573439,-0.998017,0,-0.925898,-0.377742,0.00203689,0,-0.376884,0.924132,0.0627623,0,-0.468296,0.714809,0.107714,1], "F_T_NE": [0.7071,-0.7071,0,0,0.7071,0.7071,0,0,0,0,1,0,0,0,0.1034,1], "NE_T_EE": [1,0,0,0,0,1,0,0,0,0,1,0,0,0,0,1], "F_T_EE": [0.7071,-0.7071,0,0,0.7071,0.7071,0,0,0,0,1,0,0,0,0.1034,1], "EE_T_K": [1,0,0,0,0,1,0,0,0,0,1,0,0,0,0,1], "m_ee": 0.73, "F_x_Cee": [-0.01,0,0.03], "I_ee": [0.001,0,0,0,0.0025,0,0,0,0.0017], "m_load": 0, "F_x_Cload": [0,0,0], "I_load": [0,0,0,0,0,0,0,0,0], "m_total": 0.73, "F_x_Ctotal": [-0.01,0,0.03], "I_total": [0.001,0,0,0,0.0025,0,0,0,0.0017], "elbow": [2.8195,-1], "elbow_d": [2.81945,-1], "elbow_c": [2.81945,-1], "delbow_c": [0,0], "ddelbow_c": [0,0], "tau_J": [-0.109916,50.5527,-8.09294,17.1817,-0.25317,-2.93916,0.0313308], "tau_J_d": [0,0,0,0,0,0,0], "dtau_J": [140.908,20.5053,-42.3554,-156.868,3.23335,34.3371,-86.3945], "q": [-0.718579,-1.12998,2.8195,-1.28038,-2.69374,2.30352,0.762102], "dq": [-0.00126564,0.000238804,0.000917825,0.000761316,-0.000205601,-0.000377449,0.00195478], "q_d": [-0.7186,-1.13001,2.81945,-1.28041,-2.69374,2.30332,0.762097], "dq_d": [0,0,0,0,0,0,0], "ddq_d": [0,0,0,0,0,0,0], "joint_contact": [0,0,0,0,0,0,0], "cartesian_contact": [0,0,0,0,0,0], "joint_collision": [0,0,0,0,0,0,0], "cartesian_collision": [0,0,0,0,0,0], "tau_ext_hat_filtered": [-0.214519,0.0594729,-0.0187524,-0.775189,0.274631,-1.16404,0.0793525], "O_F_ext_hat_K": [4.57612,-7.08898,0.361394,2.48602,1.44729,-0.104578], "K_F_ext_hat_K": [-0.883022,-1.55796,-8.25337,0.160857,-1.6527,0.164055], "O_dP_EE_d": [0,0,0,0,0,0], "O_ddP_O": [0,0,-9.81], "O_T_EE_c": [-0.0255904,0.0573439,-0.998017,0,-0.925898,-0.377742,0.00203689,0,-0.376884,0.924132,0.0627623,0,-0.468296,0.714809,0.107714,1], "O_dP_EE_c": [0,0,0,0,0,0], "O_ddP_EE_c": [0,0,0,0,0,0], "theta": [-0.718587,-1.12643,2.81894,-1.27917,-2.69377,2.30319,0.762106], "dtheta": [0,0,0,0,0,0,0], "current_errors": [], "last_motion_errors": ["joint_position_limits_violation"], "control_command_success_rate": 0, "robot_mode": "User stopped", "time": 1041529}