{"O_T_EE": [-0.00958037,0.0413439,-0.999089,0,-0.978148,-0.20786,0.000777991,0,-0.207643,0.977284,0.0424326,0,-0.334513,0.783729,0.107709,1], "O_T_EE_d": [-0.0095084,0.0412716,-0.999093,0,-0.978176,-0.207731,0.000728178,0,-0.207516,0.977315,0.0423468,0,-0.334407,0.783721,0.107615,1], "F_T_NE": [0.7071,-0.7071,0,0,0.7071,0.7071,0,0,0,0,1,0,0,0,0.1034,1], "NE_T_EE": [1,0,0,0,0,1,0,0,0,0,1,0,0,0,0,1], "F_T_EE": [0.7071,-0.7071,0,0,0.7071,0.7071,0,0,0,0,1,0,0,0,0.1034,1], "EE_T_K": [1,0,0,0,0,1,0,0,0,0,1,0,0,0,0,1], "m_ee": 0.73, "F_x_Cee": [-0.01,0,0.03], "I_ee": [0.001,0,0,0,0.0025,0,0,0,0.0017], "m_load": 0, "F_x_Cload": [0,0,0], "I_load": [0,0,0,0,0,0,0,0,0], "m_total": 0.73, "F_x_Ctotal": [-0.01,0,0.03], "I_total": [0.001,0,0,0,0.0025,0,0,0,0.0017], "elbow": [2.699,-1], "elbow_d": [2.69898,-1], "elbow_c": [2.69898,-1], "delbow_c": [0,0], "ddelbow_c": [0,0], "tau_J": [0.0011678,48.6683,-10.4931,15.69,-0.170772,-2.61873,0.0926712], "tau_J_d": [0,0,0,0,0,0,0], "dtau_J": [-33.82,-84.5211,-171.446,-97.5211,9.51898,-1.80461,-78.6819], "q": [-0.810005,-1.14987,2.699,-1.28279,-2.63805,2.35777,0.826513], "dq": [3.26975e-05,0.000991413,0.0024562,0.00192137,-0.000400304,2.77123e-06,0.00225075], "q_d": [-0.810044,-1.14992,2.69898,-1.28294,-2.63801,2.35769,0.826533], "dq_d": [0,0,0,0,0,0,0], "ddq_d": [0,0,0,0,0,0,0], "joint_contact": [0,0,0,0,0,0,0], "cartesian_contact": [0,0,0,0,0,0], "joint_collision": [0,0,0,0,0,0,0], "cartesian_collision": [0,0,0,0,0,0], "tau_ext_hat_filtered": [-0.0246661,-1.18148,0.503862,-1.42196,0.406829,-0.865813,0.131715], "O_F_ext_hat_K": [2.76093,-7.35944,-1.53736,1.29786,0.362158,0.0586094], "K_F_ext_hat_K": [1.20527,-1.17209,-7.83078,0.246716,-1.79328,0.200657], "O_dP_EE_d": [0,0,0,0,0,0], "O_ddP_O": [0,0,-9.81], "O_T_EE_c": [-0.0095084,0.0412716,-0.999093,0,-0.978176,-0.207731,0.000728178,0,-0.207516,0.977315,0.0423468,0,-0.334407,0.783721,0.107615,1], "O_dP_EE_c": [0,0,0,0,0,0], "O_ddP_EE_c": [0,0,0,0,0,0], "theta": [-0.810006,-1.14645,2.69827,-1.28169,-2.63807,2.35748,0.826523], "dtheta": [0,0,0,0,0,0,0], "current_errors": [], "last_motion_errors": ["joint_position_limits_violation"], "control_command_success_rate": 0, "robot_mode": "User stopped", "time": 1082098}