{"O_T_EE": [-0.0228645,0.0570528,-0.9981,0,-0.987061,-0.159716,0.013482,0,-0.158646,0.985513,0.0599676,0,-0.286875,0.800503,0.107401,1], "O_T_EE_d": [-0.0228278,0.0571593,-0.998094,0,-0.987079,-0.159612,0.0134352,0,-0.158543,0.985523,0.0600655,0,-0.286775,0.800537,0.107412,1], "F_T_NE": [0.7071,-0.7071,0,0,0.7071,0.7071,0,0,0,0,1,0,0,0,0.1034,1], "NE_T_EE": [1,0,0,0,0,1,0,0,0,0,1,0,0,0,0,1], "F_T_EE": [0.7071,-0.7071,0,0,0.7071,0.7071,0,0,0,0,1,0,0,0,0.1034,1], "EE_T_K": [1,0,0,0,0,1,0,0,0,0,1,0,0,0,0,1], "m_ee": 0.73, "F_x_Cee": [-0.01,0,0.03], "I_ee": [0.001,0,0,0,0.0025,0,0,0,0.0017], "m_load": 0, "F_x_Cload": [0,0,0], "I_load": [0,0,0,0,0,0,0,0,0], "m_total": 0.73, "F_x_Ctotal": [-0.01,0,0.03], "I_total": [0.001,0,0,0,0.0025,0,0,0,0.0017], "elbow": [2.67262,-1], "elbow_d": [2.67255,-1], "elbow_c": [2.67255,-1], "delbow_c": [0,0], "ddelbow_c": [0,0], "tau_J": [-0.447135,48.9698,-11.5405,15.2655,-0.353878,-2.73866,0.122884], "tau_J_d": [0,0,0,0,0,0,0], "dtau_J": [-24.0227,70.0735,117.944,-102.137,9.29463,24.3179,-26.4409], "q": [-0.847873,-1.1577,2.67262,-1.29632,-2.64012,2.33462,0.869864], "dq": [0.000260147,-0.00131907,-0.000828692,-0.0023346,0.000336203,0.0016426,0.000408797], "q_d": [-0.84794,-1.15772,2.67255,-1.29635,-2.64011,2.33451,0.869886], "dq_d": [0,0,0,0,0,0,0], "ddq_d": [0,0,0,0,0,0,0], "joint_contact": [0,0,0,0,0,0,0], "cartesian_contact": [0,0,0,0,0,0], "joint_collision": [0,0,0,0,0,0,0], "cartesian_collision": [0,0,0,0,0,0], "tau_ext_hat_filtered": [-0.394053,-0.495398,0.0456542,-1.38892,0.249011,-0.971178,0.164471], "O_F_ext_hat_K": [3.80176,-8.83161,-0.0151163,2.52911,0.904656,-0.28564], "K_F_ext_hat_K": [-0.575717,-2.34227,-9.30771,-0.23157,-1.64907,0.254192], "O_dP_EE_d": [0,0,0,0,0,0], "O_ddP_O": [0,0,-9.81], "O_T_EE_c": [-0.0228278,0.0571593,-0.998094,0,-0.987079,-0.159612,0.0134352,0,-0.158543,0.985523,0.0600655,0,-0.286775,0.800537,0.107412,1], "O_dP_EE_c": [0,0,0,0,0,0], "O_ddP_EE_c": [0,0,0,0,0,0], "theta": [-0.847905,-1.15426,2.67181,-1.29525,-2.64016,2.33432,0.869877], "dtheta": [0,0,0,0,0,0,0], "current_errors": [], "last_motion_errors": ["joint_position_limits_violation"], "control_command_success_rate": 0, "robot_mode": "User stopped", "time": 1100034}