{"O_T_EE": [0.0181514,0.0231622,-0.999557,0,-0.946082,0.323754,-0.0096781,0,0.323393,0.945857,0.0277904,0,0.114044,0.830642,0.0965198,1], "O_T_EE_d": [0.0181965,0.0230749,-0.999558,0,-0.946081,0.323755,-0.00974906,0,0.323393,0.945859,0.0277225,0,0.114033,0.8306,0.0964337,1], "F_T_NE": [0.7071,-0.7071,0,0,0.7071,0.7071,0,0,0,0,1,0,0,0,0.1034,1], "NE_T_EE": [1,0,0,0,0,1,0,0,0,0,1,0,0,0,0,1], "F_T_EE": [0.7071,-0.7071,0,0,0.7071,0.7071,0,0,0,0,1,0,0,0,0.1034,1], "EE_T_K": [1,0,0,0,0,1,0,0,0,0,1,0,0,0,0,1], "m_ee": 0.73, "F_x_Cee": [-0.01,0,0.03], "I_ee": [0.001,0,0,0,0.0025,0,0,0,0.0017], "m_load": 0, "F_x_Cload": [0,0,0], "I_load": [0,0,0,0,0,0,0,0,0], "m_total": 0.73, "F_x_Ctotal": [-0.01,0,0.03], "I_total": [0.001,0,0,0,0.0025,0,0,0,0.0017], "elbow": [-0.0509469,-1], "elbow_d": [-0.0509768,-1], "elbow_c": [-0.0509768,-1], "delbow_c": [0,0], "ddelbow_c": [0,0], "tau_J": [-0.109916,-49.165,-1.64213,16.9159,-0.372189,-2.53816,-0.0199387], "tau_J_d": [0,0,0,0,0,0,0], "dtau_J": [68.728,25.9669,18.9646,-108.595,-0.12774,10.3478,-86.6493], "q": [1.51345,1.05805,-0.0509469,-1.37895,-2.82491,2.23362,0.615493], "dq": [-0.000741721,0.000356989,-0.00112222,0.000861733,-5.76587e-05,-0.000122629,0.00130982], "q_d": [1.51349,1.0581,-0.0509768,-1.37906,-2.8249,2.23352,0.615483], "dq_d": [0,0,0,0,0,0,0], "ddq_d": [0,0,0,0,0,0,0], "joint_contact": [0,0,0,0,0,0,0], "cartesian_contact": [0,0,0,0,0,0], "joint_collision": [0,0,0,0,0,0,0], "cartesian_collision": [0,0,0,0,0,0], "tau_ext_hat_filtered": [-0.0589211,1.09275,0.00784588,-1.27377,0.0775048,-0.863031,0.0330497], "O_F_ext_hat_K": [-1.13885,-6.80105,-1.27914,1.1654,-0.410973,0.00825572], "K_F_ext_hat_K": [1.1004,-1.11207,-6.83666,0.180182,-1.62991,0.0809657], "O_dP_EE_d": [0,0,0,0,0,0], "O_ddP_O": [0,0,-9.81], "O_T_EE_c": [0.0181965,0.0230749,-0.999558,0,-0.946081,0.323755,-0.00974906,0,0.323393,0.945859,0.0277225,0,0.114033,0.8306,0.0964337,1], "O_dP_EE_c": [0,0,0,0,0,0], "O_ddP_EE_c": [0,0,0,0,0,0], "theta": [1.51344,1.0546,-0.0510624,-1.37776,-2.82495,2.23334,0.615491], "dtheta": [0,0,0,0,0,0,0], "current_errors": [], "last_motion_errors": ["joint_position_limits_violation"], "control_command_success_rate": 0, "robot_mode": "User stopped", "time": 1764185}