{"O_T_EE": [0.0171481,0.0260578,-0.999504,0,-0.969009,0.246775,-0.0101913,0,0.246391,0.968722,0.0294825,0,0.0639067,0.836631,0.0959869,1], "O_T_EE_d": [0.0171482,0.0258817,-0.999508,0,-0.969003,0.246797,-0.0102342,0,0.246415,0.968721,0.0293122,0,0.0639209,0.836563,0.0958827,1], "F_T_NE": [0.7071,-0.7071,0,0,0.7071,0.7071,0,0,0,0,1,0,0,0,0.1034,1], "NE_T_EE": [1,0,0,0,0,1,0,0,0,0,1,0,0,0,0,1], "F_T_EE": [0.7071,-0.7071,0,0,0.7071,0.7071,0,0,0,0,1,0,0,0,0.1034,1], "EE_T_K": [1,0,0,0,0,1,0,0,0,0,1,0,0,0,0,1], "m_ee": 0.73, "F_x_Cee": [-0.01,0,0.03], "I_ee": [0.001,0,0,0,0.0025,0,0,0,0.0017], "m_load": 0, "F_x_Cload": [0,0,0], "I_load": [0,0,0,0,0,0,0,0,0], "m_total": 0.73, "F_x_Ctotal": [-0.01,0,0.03], "I_total": [0.001,0,0,0,0.0025,0,0,0,0.0017], "elbow": [0.000869551,-1], "elbow_d": [0.000866016,-1], "elbow_c": [0.000866016,-1], "delbow_c": [0,0], "ddelbow_c": [0,0], "tau_J": [0.151925,-48.4112,-0.142498,16.2653,-0.40881,-2.19759,0.0514724], "tau_J_d": [0,0,0,0,0,0,0], "dtau_J": [-203.527,-36.2953,4.65281,91.0157,3.80465,-15.6084,-4.81223], "q": [1.52895,1.05863,0.000869551,-1.37947,-2.87851,2.22699,0.605356], "dq": [0.0031848,0.00109722,0.000635217,0.00576308,0.00945084,0.000143024,-0.000825525], "q_d": [1.52894,1.05863,0.000866016,-1.37969,-2.87851,2.22695,0.605359], "dq_d": [0,0,0,0,0,0,0], "ddq_d": [0,0,0,0,0,0,0], "joint_contact": [0,0,0,0,0,0,0], "cartesian_contact": [0,0,0,0,0,0], "joint_collision": [0,0,0,0,0,0,0], "cartesian_collision": [0,0,0,0,0,0], "tau_ext_hat_filtered": [0.267232,2.00812,0.244533,-2.05991,0.0410126,-0.509593,0.0642764], "O_F_ext_hat_K": [-1.11144,-7.96728,-1.94847,0.648177,-0.259547,0.318303], "K_F_ext_hat_K": [1.72087,-0.869287,-8.04937,0.121054,-1.53411,0.101204], "O_dP_EE_d": [0,0,0,0,0,0], "O_ddP_O": [0,0,-9.81], "O_T_EE_c": [0.0171482,0.0258817,-0.999508,0,-0.969003,0.246797,-0.0102342,0,0.246415,0.968721,0.0293122,0,0.0639209,0.836563,0.0958827,1], "O_dP_EE_c": [0,0,0,0,0,0], "O_ddP_EE_c": [0,0,0,0,0,0], "theta": [1.52896,1.05524,0.000859668,-1.37833,-2.87856,2.22675,0.605362], "dtheta": [0,0,0,0,0.0375167,0,0], "current_errors": [], "last_motion_errors": ["joint_position_limits_violation"], "control_command_success_rate": 0, "robot_mode": "User stopped", "time": 1747333}