{"O_T_EE": [0.0198899,0.0292174,-0.999366,0,-0.908397,0.418045,-0.00585742,0,0.417616,0.907955,0.0348565,0,0.211489,0.808526,0.0967438,1], "O_T_EE_d": [0.0199126,0.029148,-0.999367,0,-0.908398,0.418043,-0.00590718,0,0.417614,0.907958,0.034803,0,0.21147,0.808489,0.0966627,1], "F_T_NE": [0.7071,-0.7071,0,0,0.7071,0.7071,0,0,0,0,1,0,0,0,0.1034,1], "NE_T_EE": [1,0,0,0,0,1,0,0,0,0,1,0,0,0,0,1], "F_T_EE": [0.7071,-0.7071,0,0,0.7071,0.7071,0,0,0,0,1,0,0,0,0.1034,1], "EE_T_K": [1,0,0,0,0,1,0,0,0,0,1,0,0,0,0,1], "m_ee": 0.73, "F_x_Cee": [-0.01,0,0.03], "I_ee": [0.001,0,0,0,0.0025,0,0,0,0.0017], "m_load": 0, "F_x_Cload": [0,0,0], "I_load": [0,0,0,0,0,0,0,0,0], "m_total": 0.73, "F_x_Ctotal": [-0.01,0,0.03], "I_total": [0.001,0,0,0,0.0025,0,0,0,0.0017], "elbow": [-0.122668,-1], "elbow_d": [-0.122672,-1], "elbow_c": [-0.122672,-1], "delbow_c": [0,0], "ddelbow_c": [0,0], "tau_J": [-0.109916,-49.2007,-3.44328,16.8008,-0.280636,-2.65901,0.0926712], "tau_J_d": [0,0,0,0,0,0,0], "dtau_J": [-8.4629,133.815,32.4519,-4.86252,5.07913,-38.5978,-63.9651], "q": [1.4483,1.05499,-0.122668,-1.39478,-2.82267,2.2318,0.680727], "dq": [0.000582762,-0.00158986,-0.000325773,0.0033644,-6.25654e-05,0.00076729,0.00182266], "q_d": [1.44833,1.05505,-0.122672,-1.39489,-2.82266,2.23169,0.68072], "dq_d": [0,0,0,0,0,0,0], "ddq_d": [0,0,0,0,0,0,0], "joint_contact": [0,0,0,0,0,0,0], "cartesian_contact": [0,0,0,0,0,0], "joint_collision": [0,0,0,0,0,0,0], "cartesian_collision": [0,0,0,0,0,0], "tau_ext_hat_filtered": [-0.11904,0.795274,-0.0508766,-1.28383,0.18782,-0.918338,0.122854], "O_F_ext_hat_K": [-2.02143,-7.68241,-0.673173,1.76261,-0.614497,-0.0955774], "K_F_ext_hat_K": [0.408087,-1.37141,-7.84293,0.119827,-1.6545,0.139705], "O_dP_EE_d": [0,0,0,0,0,0], "O_ddP_O": [0,0,-9.81], "O_T_EE_c": [0.0199126,0.029148,-0.999367,0,-0.908398,0.418043,-0.00590718,0,0.417614,0.907958,0.034803,0,0.21147,0.808489,0.0966627,1], "O_dP_EE_c": [0,0,0,0,0,0], "O_ddP_EE_c": [0,0,0,0,0,0], "theta": [1.44829,1.05154,-0.12291,-1.3936,-2.8227,2.2315,0.680738], "dtheta": [0,0,0,0,0,0,0], "current_errors": [], "last_motion_errors": ["joint_position_limits_violation"], "control_command_success_rate": 0, "robot_mode": "User stopped", "time": 1791209}