{"O_T_EE": [0.00133486,-0.0236778,-0.999709,0,-0.703555,0.710405,-0.0177651,0,0.710632,0.703388,-0.0157106,0,0.477802,0.676902,0.0968386,1], "O_T_EE_d": [0.00138425,-0.0235778,-0.999711,0,-0.703528,0.710432,-0.0177294,0,0.710659,0.703363,-0.0156045,0,0.477845,0.676888,0.0968938,1], "F_T_NE": [0.7071,-0.7071,0,0,0.7071,0.7071,0,0,0,0,1,0,0,0,0.1034,1], "NE_T_EE": [1,0,0,0,0,1,0,0,0,0,1,0,0,0,0,1], "F_T_EE": [0.7071,-0.7071,0,0,0.7071,0.7071,0,0,0,0,1,0,0,0,0.1034,1], "EE_T_K": [1,0,0,0,0,1,0,0,0,0,1,0,0,0,0,1], "m_ee": 0.73, "F_x_Cee": [-0.01,0,0.03], "I_ee": [0.001,0,0,0,0.0025,0,0,0,0.0017], "m_load": 0, "F_x_Cload": [0,0,0], "I_load": [0,0,0,0,0,0,0,0,0], "m_total": 0.73, "F_x_Ctotal": [-0.01,0,0.03], "I_total": [0.001,0,0,0,0.0025,0,0,0,0.0017], "elbow": [-1.08869,-1], "elbow_d": [-1.08872,-1], "elbow_c": [-1.08872,-1], "delbow_c": [0,0], "ddelbow_c": [0,0], "tau_J": [-0.82006,-42.6427,-24.2914,5.26397,-0.656002,-2.3578,0.143025], "tau_J_d": [0,0,0,0,0,0,0], "dtau_J": [-40.3739,112.84,-105.785,155.773,4.7783,-16.4688,51.8547], "q": [1.7355,1.48555,-1.08869,-1.31861,-2.42391,2.63154,1.33223], "dq": [2.37923e-05,-0.00158134,0.00139393,-0.00312214,-0.0127853,0.000214185,-0.00161941], "q_d": [1.73546,1.4855,-1.08872,-1.31865,-2.4239,2.63147,1.33225], "dq_d": [0,0,0,0,0,0,0], "ddq_d": [0,0,0,0,0,0,0], "joint_contact": [0,0,0,0,0,0,0], "cartesian_contact": [0,0,0,0,0,0], "joint_collision": [0,0,0,0,0,0,0], "cartesian_collision": [0,0,0,0,0,0], "tau_ext_hat_filtered": [-0.647478,0.229082,0.0704744,-0.727711,0.587317,-1.00662,0.124784], "O_F_ext_hat_K": [-1.16329,-3.18996,-1.59978,0.709848,-0.478739,-0.584441], "K_F_ext_hat_K": [1.67333,-1.41933,-3.04532,-0.123513,-1.8498,0.25691], "O_dP_EE_d": [0,0,0,0,0,0], "O_ddP_O": [0,0,-9.81], "O_T_EE_c": [0.00138425,-0.0235778,-0.999711,0,-0.703528,0.710432,-0.0177294,0,0.710659,0.703363,-0.0156045,0,0.477845,0.676888,0.0968938,1], "O_dP_EE_c": [0,0,0,0,0,0], "O_ddP_EE_c": [0,0,0,0,0,0], "theta": [1.73544,1.48256,-1.09039,-1.31824,-2.42398,2.63128,1.33225], "dtheta": [0,0,0,0,-0.0375462,0,0], "current_errors": [], "last_motion_errors": [], "control_command_success_rate": 0, "robot_mode": "User stopped", "time": 4634021}