{"O_T_EE": [0.0196776,0.0180445,-0.999634,0,-0.812827,0.582463,-0.0054863,0,0.582162,0.812653,0.026129,0,0.352169,0.754054,0.096949,1], "O_T_EE_d": [0.0197657,0.0181682,-0.99963,0,-0.812809,0.582487,-0.005485,0,0.582183,0.812633,0.0262811,0,0.352176,0.754053,0.0970215,1], "F_T_NE": [0.7071,-0.7071,0,0,0.7071,0.7071,0,0,0,0,1,0,0,0,0.1034,1], "NE_T_EE": [1,0,0,0,0,1,0,0,0,0,1,0,0,0,0,1], "F_T_EE": [0.7071,-0.7071,0,0,0.7071,0.7071,0,0,0,0,1,0,0,0,0.1034,1], "EE_T_K": [1,0,0,0,0,1,0,0,0,0,1,0,0,0,0,1], "m_ee": 0.73, "F_x_Cee": [-0.01,0,0.03], "I_ee": [0.001,0,0,0,0.0025,0,0,0,0.0017], "m_load": 0, "F_x_Cload": [0,0,0], "I_load": [0,0,0,0,0,0,0,0,0], "m_total": 0.73, "F_x_Ctotal": [-0.01,0,0.03], "I_total": [0.001,0,0,0,0.0025,0,0,0,0.0017], "elbow": [-0.00628064,-1], "elbow_d": [-0.00628368,-1], "elbow_c": [-0.00628368,-1], "delbow_c": [0,0], "ddelbow_c": [0,0], "tau_J": [0.112252,-49.6172,-0.444012,16.9913,-0.170772,-2.66908,0.112813], "tau_J_d": [0,0,0,0,0,0,0], "dtau_J": [5.70413,-54.8717,128.083,48.2562,1.60003,2.64078,9.09311], "q": [1.17745,1.03607,-0.00628064,-1.41972,-2.85937,2.21158,0.607827], "dq": [0.000627541,0.000916462,-0.000644616,-0.00126568,0.000182647,-2.0144e-05,-0.000869293], "q_d": [1.17745,1.03595,-0.00628368,-1.41983,-2.85936,2.21144,0.607823], "dq_d": [0,0,0,0,0,0,0], "ddq_d": [0,0,0,0,0,0,0], "joint_contact": [0,0,0,0,0,0,0], "cartesian_contact": [0,0,0,0,0,0], "joint_collision": [0,0,0,0,0,0,0], "cartesian_collision": [0,0,0,0,0,0], "tau_ext_hat_filtered": [0.177142,0.330112,0.0976155,-1.07935,0.282167,-0.995266,0.0928738], "O_F_ext_hat_K": [-4.16336,-7.11613,0.042363,2.06878,-1.25394,0.177524], "K_F_ext_hat_K": [-0.252684,-0.761044,-8.20559,0.467039,-1.57895,0.0933451], "O_dP_EE_d": [0,0,0,0,0,0], "O_ddP_O": [0,0,-9.81], "O_T_EE_c": [0.0197657,0.0181682,-0.99963,0,-0.812809,0.582487,-0.005485,0,0.582183,0.812633,0.0262811,0,0.352176,0.754053,0.0970215,1], "O_dP_EE_c": [0,0,0,0,0,0], "O_ddP_EE_c": [0,0,0,0,0,0], "theta": [1.17745,1.03259,-0.00631169,-1.41853,-2.85939,2.21129,0.60784], "dtheta": [0,0,0,0,0,0,0], "current_errors": [], "last_motion_errors": ["joint_position_limits_violation"], "control_command_success_rate": 0, "robot_mode": "User stopped", "time": 2037683}