{"O_T_EE": [-0.0138276,-0.0279726,-0.999503,0,-0.782545,0.622544,-0.00659678,0,0.622431,0.78208,-0.0304987,0,0.394398,0.731806,0.0972314,1], "O_T_EE_d": [-0.0138047,-0.0278793,-0.999506,0,-0.782525,0.622569,-0.00655744,0,0.622456,0.782063,-0.0304112,0,0.394419,0.731802,0.0972825,1], "F_T_NE": [0.7071,-0.7071,0,0,0.7071,0.7071,0,0,0,0,1,0,0,0,0.1034,1], "NE_T_EE": [1,0,0,0,0,1,0,0,0,0,1,0,0,0,0,1], "F_T_EE": [0.7071,-0.7071,0,0,0.7071,0.7071,0,0,0,0,1,0,0,0,0.1034,1], "EE_T_K": [1,0,0,0,0,1,0,0,0,0,1,0,0,0,0,1], "m_ee": 0.73, "F_x_Cee": [-0.01,0,0.03], "I_ee": [0.001,0,0,0,0.0025,0,0,0,0.0017], "m_load": 0, "F_x_Cload": [0,0,0], "I_load": [0,0,0,0,0,0,0,0,0], "m_total": 0.73, "F_x_Ctotal": [-0.01,0,0.03], "I_total": [0.001,0,0,0,0.0025,0,0,0,0.0017], "elbow": [-0.926827,-1], "elbow_d": [-0.926866,-1], "elbow_c": [-0.926866,-1], "delbow_c": [0,0], "ddelbow_c": [0,0], "tau_J": [-0.633598,-43.698,-21.1017,8.90197,-0.463741,-2.30836,0.132954], "tau_J_d": [0,0,0,0,0,0,0], "dtau_J": [-87.2451,49.876,-104.703,54.25,-0.732393,14.1764,19.8421], "q": [1.76821,1.35293,-0.926827,-1.32597,-2.49891,2.57193,1.20607], "dq": [0.000458055,-0.00123173,0.000943873,4.3243e-05,-0.000191081,-0.000140676,0.000564372], "q_d": [1.76822,1.35288,-0.926866,-1.32603,-2.49889,2.57188,1.2061], "dq_d": [0,0,0,0,0,0,0], "ddq_d": [0,0,0,0,0,0,0], "joint_contact": [0,0,0,0,0,0,0], "cartesian_contact": [0,0,0,0,0,0], "joint_collision": [0,0,0,0,0,0,0], "cartesian_collision": [0,0,0,0,0,0], "tau_ext_hat_filtered": [-0.69038,0.983029,0.536815,-1.06332,0.572228,-0.874561,0.14155], "O_F_ext_hat_K": [-1.19919,-3.9124,-2.63941,0.129333,-0.0830455,-0.615357], "K_F_ext_hat_K": [2.76417,-1.47984,-3.72573,-0.045153,-1.94257,0.256557], "O_dP_EE_d": [0,0,0,0,0,0], "O_ddP_O": [0,0,-9.81], "O_T_EE_c": [-0.0138047,-0.0278793,-0.999506,0,-0.782525,0.622569,-0.00655744,0,0.622456,0.782063,-0.0304112,0,0.394419,0.731802,0.0972825,1], "O_dP_EE_c": [0,0,0,0,0,0], "O_ddP_EE_c": [0,0,0,0,0,0], "theta": [1.76816,1.34986,-0.928308,-1.32535,-2.49897,2.57168,1.20609], "dtheta": [0,0,0,0,0,0,0], "current_errors": [], "last_motion_errors": [], "control_command_success_rate": 0, "robot_mode": "User stopped", "time": 4607338}