{"O_T_EE": [0.0278031,0.0244757,-0.999304,0,-0.842865,0.53801,-0.0102732,0,0.537394,0.84258,0.0355887,0,0.306526,0.774883,0.0970077,1], "O_T_EE_d": [0.0279102,0.0244967,-0.999301,0,-0.84283,0.538063,-0.01035,0,0.537443,0.842546,0.0356647,0,0.306562,0.774851,0.0969873,1], "F_T_NE": [0.7071,-0.7071,0,0,0.7071,0.7071,0,0,0,0,1,0,0,0,0.1034,1], "NE_T_EE": [1,0,0,0,0,1,0,0,0,0,1,0,0,0,0,1], "F_T_EE": [0.7071,-0.7071,0,0,0.7071,0.7071,0,0,0,0,1,0,0,0,0.1034,1], "EE_T_K": [1,0,0,0,0,1,0,0,0,0,1,0,0,0,0,1], "m_ee": 0.73, "F_x_Cee": [-0.01,0,0.03], "I_ee": [0.001,0,0,0,0.0025,0,0,0,0.0017], "m_load": 0, "F_x_Cload": [0,0,0], "I_load": [0,0,0,0,0,0,0,0,0], "m_total": 0.73, "F_x_Ctotal": [-0.01,0,0.03], "I_total": [0.001,0,0,0,0.0025,0,0,0,0.0017], "elbow": [0.0440614,-1], "elbow_d": [0.0440004,-1], "elbow_c": [0.0440004,-1], "delbow_c": [0,0], "ddelbow_c": [0,0], "tau_J": [-0.149589,-49.3157,0.53194,16.7612,-0.344723,-2.58852,0.0615432], "tau_J_d": [0,0,0,0,0,0,0], "dtau_J": [0.99851,-36.3696,-64.6388,106.869,-25.8857,45.7427,53.4195], "q": [1.19916,1.04228,0.0440614,-1.4165,-2.87408,2.19193,0.570116], "dq": [-0.000601534,0.000714507,-0.000727166,-0.0025791,3.78121e-05,-0.000828738,0.000307688], "q_d": [1.19916,1.0423,0.0440004,-1.41657,-2.87407,2.19177,0.570106], "dq_d": [0,0,0,0,0,0,0], "ddq_d": [0,0,0,0,0,0,0], "joint_contact": [0,0,0,0,0,0,0], "cartesian_contact": [0,0,0,0,0,0], "joint_collision": [0,0,0,0,0,0,0], "cartesian_collision": [0,0,0,0,0,0], "tau_ext_hat_filtered": [-0.139908,0.692501,-0.0714543,-1.32892,0.0947237,-0.929743,0.0672386], "O_F_ext_hat_K": [-3.24086,-7.795,-0.332622,1.90168,-0.96163,-0.0705035], "K_F_ext_hat_K": [0.0514973,-1.45879,-8.32137,0.212943,-1.58389,0.115987], "O_dP_EE_d": [0,0,0,0,0,0], "O_ddP_O": [0,0,-9.81], "O_T_EE_c": [0.0279102,0.0244967,-0.999301,0,-0.84283,0.538063,-0.01035,0,0.537443,0.842546,0.0356647,0,0.306562,0.774851,0.0969873,1], "O_dP_EE_c": [0,0,0,0,0,0], "O_ddP_EE_c": [0,0,0,0,0,0], "theta": [1.19915,1.03882,0.0440988,-1.41533,-2.87411,2.19164,0.570123], "dtheta": [0,0,0,0,0,0,0], "current_errors": [], "last_motion_errors": ["joint_position_limits_violation"], "control_command_success_rate": 0, "robot_mode": "User stopped", "time": 2022123}