{"O_T_EE": [-0.0199716,-0.0232106,-0.999521,0,-0.655627,0.755059,-0.00443357,0,0.754816,0.655237,-0.0302979,0,0.517381,0.645438,0.0965432,1], "O_T_EE_d": [-0.0198806,-0.0230663,-0.999527,0,-0.655651,0.755038,-0.00438327,0,0.754797,0.655266,-0.0301347,0,0.517424,0.645437,0.0965948,1], "F_T_NE": [0.7071,-0.7071,0,0,0.7071,0.7071,0,0,0,0,1,0,0,0,0.1034,1], "NE_T_EE": [1,0,0,0,0,1,0,0,0,0,1,0,0,0,0,1], "F_T_EE": [0.7071,-0.7071,0,0,0.7071,0.7071,0,0,0,0,1,0,0,0,0.1034,1], "EE_T_K": [1,0,0,0,0,1,0,0,0,0,1,0,0,0,0,1], "m_ee": 0.73, "F_x_Cee": [-0.01,0,0.03], "I_ee": [0.001,0,0,0,0.0025,0,0,0,0.0017], "m_load": 0, "F_x_Cload": [0,0,0], "I_load": [0,0,0,0,0,0,0,0,0], "m_total": 0.73, "F_x_Ctotal": [-0.01,0,0.03], "I_total": [0.001,0,0,0,0.0025,0,0,0,0.0017], "elbow": [-1.18465,-1], "elbow_d": [-1.18468,-1], "elbow_c": [-1.18468,-1], "delbow_c": [0,0], "ddelbow_c": [0,0], "tau_J": [-0.371757,-41.6985,-24.4024,3.3081,-0.810726,-2.32851,0.112813], "tau_J_d": [0,0,0,0,0,0,0], "dtau_J": [46.5225,147.085,183.662,31.2553,-14.7678,-9.42998,-11.8049], "q": [1.71173,1.56762,-1.18465,-1.3004,-2.39882,2.70424,1.44021], "dq": [-0.000963616,-0.00126171,-0.00164666,-0.000267755,-0.000510274,0.00058028,0.000243491], "q_d": [1.71166,1.56761,-1.18468,-1.30039,-2.3988,2.70408,1.44025], "dq_d": [0,0,0,0,0,0,0], "ddq_d": [0,0,0,0,0,0,0], "joint_contact": [0,0,0,0,0,0,0], "cartesian_contact": [0,0,0,0,0,0], "joint_collision": [0,0,0,0,0,0,0], "cartesian_collision": [0,0,0,0,0,0], "tau_ext_hat_filtered": [-0.401379,0.535708,0.822466,-0.382474,0.606261,-1.08893,0.145075], "O_F_ext_hat_K": [-0.577667,-2.07821,-2.91815,-0.144949,0.274087,-0.321688], "K_F_ext_hat_K": [2.97658,-1.17752,-1.70934,-0.383848,-1.90094,0.376156], "O_dP_EE_d": [0,0,0,0,0,0], "O_ddP_O": [0,0,-9.81], "O_T_EE_c": [-0.0198806,-0.0230663,-0.999527,0,-0.655651,0.755038,-0.00438327,0,0.754797,0.655266,-0.0301347,0,0.517424,0.645437,0.0965948,1], "O_dP_EE_c": [0,0,0,0,0,0], "O_ddP_EE_c": [0,0,0,0,0,0], "theta": [1.7117,1.56469,-1.18636,-1.30017,-2.39891,2.70398,1.44023], "dtheta": [0,0,0,0,0,0,0], "current_errors": [], "last_motion_errors": [], "control_command_success_rate": 0, "robot_mode": "User stopped", "time": 4780293}