{"O_T_EE": [0.00509613,0.000805631,-0.999977,0,-0.5247,0.851273,-0.00198818,0,0.851269,0.524709,0.00476101,0,0.600923,0.566118,0.0966845,1], "O_T_EE_d": [0.00519885,0.000864884,-0.999976,0,-0.52471,0.851267,-0.00199169,0,0.851262,0.524718,0.00487952,0,0.600915,0.566135,0.0967495,1], "F_T_NE": [0.7071,-0.7071,0,0,0.7071,0.7071,0,0,0,0,1,0,0,0,0.1034,1], "NE_T_EE": [1,0,0,0,0,1,0,0,0,0,1,0,0,0,0,1], "F_T_EE": [0.7071,-0.7071,0,0,0.7071,0.7071,0,0,0,0,1,0,0,0,0.1034,1], "EE_T_K": [1,0,0,0,0,1,0,0,0,0,1,0,0,0,0,1], "m_ee": 0.73, "F_x_Cee": [-0.01,0,0.03], "I_ee": [0.001,0,0,0,0.0025,0,0,0,0.0017], "m_load": 0, "F_x_Cload": [0,0,0], "I_load": [0,0,0,0,0,0,0,0,0], "m_total": 0.73, "F_x_Ctotal": [-0.01,0,0.03], "I_total": [0.001,0,0,0,0.0025,0,0,0,0.0017], "elbow": [0.0569859,-1], "elbow_d": [0.0569954,-1], "elbow_c": [0.0569954,-1], "delbow_c": [0,0], "ddelbow_c": [0,0], "tau_J": [0.560555,-49.2403,1.35714,16.6461,-0.390499,-2.58852,-0.0300095], "tau_J_d": [0,0,0,0,0,0,0], "dtau_J": [-18.3997,-67.2262,-25.5226,-94.7732,-29.7715,14.2545,-65.0453], "q": [0.751563,1.01382,0.0569859,-1.45578,-2.85563,2.20741,0.559595], "dq": [0.000408731,0.0003884,-0.000666638,0.000770098,0.000263203,-0.000135451,0.000787564], "q_d": [0.751583,1.01372,0.0569954,-1.45587,-2.85563,2.20731,0.559585], "dq_d": [0,0,0,0,0,0,0], "ddq_d": [0,0,0,0,0,0,0], "joint_contact": [0,0,0,0,0,0,0], "cartesian_contact": [0,0,0,0,0,0], "joint_collision": [0,0,0,0,0,0,0], "cartesian_collision": [0,0,0,0,0,0], "tau_ext_hat_filtered": [0.593676,0.324445,0.327187,-1.27022,0.0465926,-0.979289,0.0271229], "O_F_ext_hat_K": [-7.32485,-5.34077,0.210534,1.53993,-2.22105,0.613244], "K_F_ext_hat_K": [-0.252165,-0.703536,-9.03676,0.327557,-1.65407,0.0408964], "O_dP_EE_d": [0,0,0,0,0,0], "O_ddP_O": [0,0,-9.81], "O_T_EE_c": [0.00519885,0.000864884,-0.999976,0,-0.52471,0.851267,-0.00199169,0,0.851262,0.524718,0.00487952,0,0.600915,0.566135,0.0967495,1], "O_dP_EE_c": [0,0,0,0,0,0], "O_ddP_EE_c": [0,0,0,0,0,0], "theta": [0.751603,1.01037,0.0570801,-1.45461,-2.85567,2.20713,0.559591], "dtheta": [0,0,0,0,0,0,0], "current_errors": [], "last_motion_errors": [], "control_command_success_rate": 0, "robot_mode": "User stopped", "time": 520342}