{"O_T_EE": [0.000608555,0.0114619,-0.999924,0,-0.214724,0.976602,0.0110639,0,0.976674,0.214705,0.00305551,0,0.760476,0.31592,0.106602,1], "O_T_EE_d": [0.000923467,0.0115656,-0.999923,0,-0.214733,0.9766,0.0110975,0,0.976672,0.21471,0.00338543,0,0.76052,0.315943,0.106775,1], "F_T_NE": [0.7071,-0.7071,0,0,0.7071,0.7071,0,0,0,0,1,0,0,0,0.1034,1], "NE_T_EE": [1,0,0,0,0,1,0,0,0,0,1,0,0,0,0,1], "F_T_EE": [0.7071,-0.7071,0,0,0.7071,0.7071,0,0,0,0,1,0,0,0,0.1034,1], "EE_T_K": [1,0,0,0,0,1,0,0,0,0,1,0,0,0,0,1], "m_ee": 0.73, "F_x_Cee": [-0.01,0,0.03], "I_ee": [0.001,0,0,0,0.0025,0,0,0,0.0017], "m_load": 0, "F_x_Cload": [0,0,0], "I_load": [0,0,0,0,0,0,0,0,0], "m_total": 0.73, "F_x_Ctotal": [-0.01,0,0.03], "I_total": [0.001,0,0,0,0.0025,0,0,0,0.0017], "elbow": [2.79612,-1], "elbow_d": [2.79607,-1], "elbow_c": [2.79607,-1], "delbow_c": [0,0], "ddelbow_c": [0,0], "tau_J": [0.298714,48.5572,-8.58091,16.3803,-0.454586,-2.81923,-0.00986788], "tau_J_d": [0,0,0,0,0,0,0], "dtau_J": [4.74498,-2.76945,26.1256,-31.2874,-17.611,3.84599,-86.4937], "q": [-2.43142,-1.02813,2.79612,-1.4597,-2.73811,2.29972,0.826591], "dq": [0.000547474,-0.000347004,-0.0011103,0.000435366,-0.00711527,0.000579406,0.00231772], "q_d": [-2.43138,-1.02796,2.79607,-1.45972,-2.73811,2.29955,0.826587], "dq_d": [0,0,0,0,0,0,0], "ddq_d": [0,0,0,0,0,0,0], "joint_contact": [0,0,0,0,0,0,0], "cartesian_contact": [0,0,0,0,0,0], "joint_collision": [0,0,0,0,0,0,0], "cartesian_collision": [0,0,0,0,0,0], "tau_ext_hat_filtered": [0.310111,0.268012,0.068537,-0.637618,0.073608,-1.15503,0.0604869], "O_F_ext_hat_K": [-7.24789,-2.73153,0.427113,0.897562,-2.75358,0.369428], "K_F_ext_hat_K": [-0.462809,-1.10662,-7.664,-0.175641,-1.71693,0.105346], "O_dP_EE_d": [0,0,0,0,0,0], "O_ddP_O": [0,0,-9.81], "O_T_EE_c": [0.000923467,0.0115656,-0.999923,0,-0.214733,0.9766,0.0110975,0,0.976672,0.21471,0.00338543,0,0.76052,0.315943,0.106775,1], "O_dP_EE_c": [0,0,0,0,0,0], "O_ddP_EE_c": [0,0,0,0,0,0], "theta": [-2.43139,-1.02472,2.79552,-1.45855,-2.73817,2.2994,0.82659], "dtheta": [0,0,0,0,0,0,0], "current_errors": [], "last_motion_errors": [], "control_command_success_rate": 0, "robot_mode": "User stopped", "time": 889582}