{"O_T_EE": [-0.0290662,-0.000715458,-0.999568,0,0.0792624,0.99684,-0.00301836,0,0.99643,-0.0793174,-0.0289182,0,0.817332,0.0746885,0.103477,1], "O_T_EE_d": [-0.0289037,-0.0006736,-0.999572,0,0.079304,0.996836,-0.00296492,0,0.996431,-0.0793573,-0.0287594,0,0.817347,0.0746385,0.103541,1], "F_T_NE": [0.7071,-0.7071,0,0,0.7071,0.7071,0,0,0,0,1,0,0,0,0.1034,1], "NE_T_EE": [1,0,0,0,0,1,0,0,0,0,1,0,0,0,0,1], "F_T_EE": [0.7071,-0.7071,0,0,0.7071,0.7071,0,0,0,0,1,0,0,0,0.1034,1], "EE_T_K": [1,0,0,0,0,1,0,0,0,0,1,0,0,0,0,1], "m_ee": 0.73, "F_x_Cee": [-0.01,0,0.03], "I_ee": [0.001,0,0,0,0.0025,0,0,0,0.0017], "m_load": 0, "F_x_Cload": [0,0,0], "I_load": [0,0,0,0,0,0,0,0,0], "m_total": 0.73, "F_x_Ctotal": [-0.01,0,0.03], "I_total": [0.001,0,0,0,0.0025,0,0,0,0.0017], "elbow": [2.25759,-1], "elbow_d": [2.25754,-1], "elbow_c": [2.25754,-1], "delbow_c": [0,0], "ddelbow_c": [0,0], "tau_J": [0.112252,43.6179,-20.8398,9.82238,-0.381344,-2.49879,0.184224], "tau_J_d": [0,0,0,0,0,0,0], "dtau_J": [-13.3698,-71.8027,-67.0914,-86.0005,32.0287,-4.40999,2.88487], "q": [-2.35076,-1.28564,2.25759,-1.40709,-2.55336,2.52047,1.20316], "dq": [0.00050626,0.00037252,-0.000250127,0.000486862,0.00132886,5.43877e-05,-0.000619783], "q_d": [-2.35078,-1.28559,2.25754,-1.40716,-2.55334,2.52033,1.20322], "dq_d": [0,0,0,0,0,0,0], "ddq_d": [0,0,0,0,0,0,0], "joint_contact": [0,0,0,0,0,0,0], "cartesian_contact": [0,0,0,0,0,0], "joint_collision": [0,0,0,0,0,0,0], "cartesian_collision": [0,0,0,0,0,0], "tau_ext_hat_filtered": [0.126181,-0.259895,0.301737,-0.773252,0.567018,-1.06345,0.172293], "O_F_ext_hat_K": [-6.34293,-0.58212,-1.11742,0.0735028,-1.76488,0.182736], "K_F_ext_hat_K": [1.30175,-1.07968,-6.2418,-0.186083,-2.00839,0.251403], "O_dP_EE_d": [0,0,0,0,0,0], "O_ddP_O": [0,0,-9.81], "O_T_EE_c": [-0.0289037,-0.0006736,-0.999572,0,0.079304,0.996836,-0.00296492,0,0.996431,-0.0793573,-0.0287594,0,0.817347,0.0746385,0.103541,1], "O_dP_EE_c": [0,0,0,0,0,0], "O_ddP_EE_c": [0,0,0,0,0,0], "theta": [-2.35075,-1.28258,2.25613,-1.4064,-2.55341,2.52019,1.20318], "dtheta": [0,0,0,0,0,0,0], "current_errors": [], "last_motion_errors": [], "control_command_success_rate": 0, "robot_mode": "User stopped", "time": 5145700}