{"O_T_EE": [-0.0353407,-0.00592087,-0.999348,0,-0.0428084,0.999064,-0.00440532,0,0.998458,0.0426257,-0.0355617,0,0.803012,0.174188,0.104028,1], "O_T_EE_d": [-0.0351604,-0.00588219,-0.999355,0,-0.0428114,0.999064,-0.00437424,0,0.998464,0.0426307,-0.03538,0,0.803035,0.174179,0.10412,1], "F_T_NE": [0.7071,-0.7071,0,0,0.7071,0.7071,0,0,0,0,1,0,0,0,0.1034,1], "NE_T_EE": [1,0,0,0,0,1,0,0,0,0,1,0,0,0,0,1], "F_T_EE": [0.7071,-0.7071,0,0,0.7071,0.7071,0,0,0,0,1,0,0,0,0.1034,1], "EE_T_K": [1,0,0,0,0,1,0,0,0,0,1,0,0,0,0,1], "m_ee": 0.73, "F_x_Cee": [-0.01,0,0.03], "I_ee": [0.001,0,0,0,0.0025,0,0,0,0.0017], "m_load": 0, "F_x_Cload": [0,0,0], "I_load": [0,0,0,0,0,0,0,0,0], "m_total": 0.73, "F_x_Ctotal": [-0.01,0,0.03], "I_total": [0.001,0,0,0,0.0025,0,0,0,0.0017], "elbow": [2.29245,-1], "elbow_d": [2.29239,-1], "elbow_c": [2.29239,-1], "delbow_c": [0,0], "ddelbow_c": [0,0], "tau_J": [0.524849,43.8441,-19.8282,10.8221,-0.399654,-2.52809,0.0816849], "tau_J_d": [0,0,0,0,0,0,0], "dtau_J": [68.4536,-54.8391,-140.423,41.4114,-41.1136,-29.7936,-83.0501], "q": [-2.25268,-1.25902,2.29245,-1.4055,-2.57089,2.51583,1.17315], "dq": [8.44669e-05,0.000896885,0.00203413,-0.000375673,0.000293197,0.00115397,0.000717801], "q_d": [-2.25266,-1.25893,2.29239,-1.40556,-2.57089,2.5157,1.17317], "dq_d": [0,0,0,0,0,0,0], "ddq_d": [0,0,0,0,0,0,0], "joint_contact": [0,0,0,0,0,0,0], "cartesian_contact": [0,0,0,0,0,0], "joint_collision": [0,0,0,0,0,0,0], "cartesian_collision": [0,0,0,0,0,0], "tau_ext_hat_filtered": [0.484735,-0.450617,0.60443,-0.573837,0.532475,-1.07712,0.114827], "O_F_ext_hat_K": [-5.74142,-0.641211,-1.69379,0.0489244,-1.30237,0.53859], "K_F_ext_hat_K": [1.89943,-0.387375,-5.69967,-0.0509531,-2.07546,0.1869], "O_dP_EE_d": [0,0,0,0,0,0], "O_ddP_O": [0,0,-9.81], "O_T_EE_c": [-0.0351604,-0.00588219,-0.999355,0,-0.0428114,0.999064,-0.00437424,0,0.998464,0.0426307,-0.03538,0,0.803035,0.174179,0.10412,1], "O_dP_EE_c": [0,0,0,0,0,0], "O_ddP_EE_c": [0,0,0,0,0,0], "theta": [-2.25265,-1.25594,2.29106,-1.40474,-2.57094,2.51555,1.17316], "dtheta": [0,0,0,0,0,0,0], "current_errors": [], "last_motion_errors": [], "control_command_success_rate": 0, "robot_mode": "User stopped", "time": 5119014}