{"O_T_EE": [-0.0219721,0.00482382,-0.999737,0,0.0138853,0.999884,0.00451936,0,0.999662,-0.0137826,-0.0220369,0,0.811852,0.124339,0.104023,1], "O_T_EE_d": [-0.0216933,0.00486878,-0.999743,0,0.0138098,0.999885,0.00456981,0,0.999669,-0.0137074,-0.0217585,0,0.81189,0.124362,0.104133,1], "F_T_NE": [0.7071,-0.7071,0,0,0.7071,0.7071,0,0,0,0,1,0,0,0,0.1034,1], "NE_T_EE": [1,0,0,0,0,1,0,0,0,0,1,0,0,0,0,1], "F_T_EE": [0.7071,-0.7071,0,0,0.7071,0.7071,0,0,0,0,1,0,0,0,0.1034,1], "EE_T_K": [1,0,0,0,0,1,0,0,0,0,1,0,0,0,0,1], "m_ee": 0.73, "F_x_Cee": [-0.01,0,0.03], "I_ee": [0.001,0,0,0,0.0025,0,0,0,0.0017], "m_load": 0, "F_x_Cload": [0,0,0], "I_load": [0,0,0,0,0,0,0,0,0], "m_total": 0.73, "F_x_Ctotal": [-0.01,0,0.03], "I_total": [0.001,0,0,0,0.0025,0,0,0,0.0017], "elbow": [2.30949,-1], "elbow_d": [2.30943,-1], "elbow_c": [2.30943,-1], "delbow_c": [0,0], "ddelbow_c": [0,0], "tau_J": [0.227303,43.8441,-19.602,10.9729,-0.454586,-2.56837,0.214436], "tau_J_d": [0,0,0,0,0,0,0], "dtau_J": [106.716,47.0717,-1.96044,-95.2748,1.94545,-0.856058,72.5772], "q": [-2.32206,-1.24971,2.30949,-1.41527,-2.57672,2.48697,1.17194], "dq": [-0.00077225,-0.000674006,0.000138982,0.000189306,-0.00534046,-0.000231714,-0.00251351], "q_d": [-2.32204,-1.24965,2.30943,-1.41527,-2.57671,2.48676,1.17196], "dq_d": [0,0,0,0,0,0,0], "ddq_d": [0,0,0,0,0,0,0], "joint_contact": [0,0,0,0,0,0,0], "cartesian_contact": [0,0,0,0,0,0], "joint_collision": [0,0,0,0,0,0,0], "cartesian_collision": [0,0,0,0,0,0], "tau_ext_hat_filtered": [0.261222,-0.498578,0.466818,-0.542814,0.421351,-1.10778,0.176722], "O_F_ext_hat_K": [-5.12062,-0.816177,-1.72498,0.0853194,-1.10164,0.306721], "K_F_ext_hat_K": [1.83314,-0.894997,-5.06963,-0.3468,-1.96474,0.23464], "O_dP_EE_d": [0,0,0,0,0,0], "O_ddP_O": [0,0,-9.81], "O_T_EE_c": [-0.0216933,0.00486878,-0.999743,0,0.0138098,0.999885,0.00456981,0,0.999669,-0.0137074,-0.0217585,0,0.81189,0.124362,0.104133,1], "O_dP_EE_c": [0,0,0,0,0,0], "O_ddP_EE_c": [0,0,0,0,0,0], "theta": [-2.32204,-1.24664,2.30811,-1.4145,-2.57678,2.48668,1.17197], "dtheta": [0,0,0,0,0,0,0], "current_errors": [], "last_motion_errors": [], "control_command_success_rate": 0, "robot_mode": "User stopped", "time": 5096019}