{"O_T_EE": [-0.0266098,0.0106309,-0.99958,0,0.154731,0.987926,0.00638786,0,0.987598,-0.154499,-0.0279339,0,0.819552,0.0249592,0.0998945,1], "O_T_EE_d": [-0.0263823,0.0106256,-0.999586,0,0.154715,0.987929,0.00641823,0,0.987607,-0.154485,-0.0277083,0,0.819589,0.0249278,0.100014,1], "F_T_NE": [0.7071,-0.7071,0,0,0.7071,0.7071,0,0,0,0,1,0,0,0,0.1034,1], "NE_T_EE": [1,0,0,0,0,1,0,0,0,0,1,0,0,0,0,1], "F_T_EE": [0.7071,-0.7071,0,0,0.7071,0.7071,0,0,0,0,1,0,0,0,0.1034,1], "EE_T_K": [1,0,0,0,0,1,0,0,0,0,1,0,0,0,0,1], "m_ee": 0.73, "F_x_Cee": [-0.01,0,0.03], "I_ee": [0.001,0,0,0,0.0025,0,0,0,0.0017], "m_load": 0, "F_x_Cload": [0,0,0], "I_load": [0,0,0,0,0,0,0,0,0], "m_total": 0.73, "F_x_Ctotal": [-0.01,0,0.03], "I_total": [0.001,0,0,0,0.0025,0,0,0,0.0017], "elbow": [1.87558,-1], "elbow_d": [1.87547,-1], "elbow_c": [1.87547,-1], "delbow_c": [0,0], "ddelbow_c": [0,0], "tau_J": [-0.336051,40.6028,-25.9418,0.776972,-0.95721,-2.23787,0.132954], "tau_J_d": [0,0,0,0,0,0,0], "dtau_J": [20.6283,-68.6644,6.00347,-110.994,-4.13921,0.114488,-18.0283], "q": [-2.2417,-1.63804,1.87558,-1.32753,-2.38148,2.74529,1.54681], "dq": [-9.91214e-05,0.00025812,-0.000556124,0.00318172,0.000313769,-8.04661e-05,-0.00142534], "q_d": [-2.24173,-1.63798,1.87547,-1.32757,-2.38144,2.74516,1.54681], "dq_d": [0,0,0,0,0,0,0], "ddq_d": [0,0,0,0,0,0,0], "joint_contact": [0,0,0,0,0,0,0], "cartesian_contact": [0,0,0,0,0,0], "joint_collision": [0,0,0,0,0,0,0], "cartesian_collision": [0,0,0,0,0,0], "tau_ext_hat_filtered": [-0.355994,-0.304062,0.239417,-0.56638,0.603413,-1.09413,0.139412], "O_F_ext_hat_K": [-3.07222,-1.09793,-1.97075,0.0578818,-0.685685,-0.317635], "K_F_ext_hat_K": [2.04004,-1.57266,-2.80944,-0.526429,-1.96706,0.291364], "O_dP_EE_d": [0,0,0,0,0,0], "O_ddP_O": [0,0,-9.81], "O_T_EE_c": [-0.0263823,0.0106256,-0.999586,0,0.154715,0.987929,0.00641823,0,0.987607,-0.154485,-0.0277083,0,0.819589,0.0249278,0.100014,1], "O_dP_EE_c": [0,0,0,0,0,0], "O_ddP_EE_c": [0,0,0,0,0,0], "theta": [-2.24172,-1.63519,1.87376,-1.32748,-2.38159,2.74504,1.54682], "dtheta": [0,0,0,0,0,0,0], "current_errors": [], "last_motion_errors": [], "control_command_success_rate": 0, "robot_mode": "User stopped", "time": 5290511}