{"O_T_EE": [-0.0305787,0.00257955,-0.999519,0,0.467725,0.883781,-0.0120285,0,0.883342,-0.467878,-0.028232,0,0.770335,-0.275502,0.0944412,1], "O_T_EE_d": [-0.0303597,0.0024722,-0.999526,0,0.467743,0.883772,-0.0120214,0,0.883341,-0.467895,-0.0279879,0,0.770355,-0.275569,0.0945649,1], "F_T_NE": [0.7071,-0.7071,0,0,0.7071,0.7071,0,0,0,0,1,0,0,0,0.1034,1], "NE_T_EE": [1,0,0,0,0,1,0,0,0,0,1,0,0,0,0,1], "F_T_EE": [0.7071,-0.7071,0,0,0.7071,0.7071,0,0,0,0,1,0,0,0,0.1034,1], "EE_T_K": [1,0,0,0,0,1,0,0,0,0,1,0,0,0,0,1], "m_ee": 0.73, "F_x_Cee": [-0.01,0,0.03], "I_ee": [0.001,0,0,0,0.0025,0,0,0,0.0017], "m_load": 0, "F_x_Cload": [0,0,0], "I_load": [0,0,0,0,0,0,0,0,0], "m_total": 0.73, "F_x_Ctotal": [-0.01,0,0.03], "I_total": [0.001,0,0,0,0.0025,0,0,0,0.0017], "elbow": [-0.948173,-1], "elbow_d": [-0.948278,-1], "elbow_c": [-0.948278,-1], "delbow_c": [0,0], "ddelbow_c": [0,0], "tau_J": [0.0368734,-42.98,-22.4148,8.40606,-0.463741,-2.34773,0.112813], "tau_J_d": [0,0,0,0,0,0,0], "dtau_J": [67.978,-42.7557,3.83355,-61.837,-10.9866,-29.9415,-43.3572], "q": [0.398357,1.35411,-0.948173,-1.4075,-2.56156,2.52165,1.29326], "dq": [-0.00121559,0.000203291,0.000567223,0.00184943,0.000264067,0.000764691,0.00106309], "q_d": [0.398308,1.35403,-0.948278,-1.40751,-2.56155,2.52151,1.29327], "dq_d": [0,0,0,0,0,0,0], "ddq_d": [0,0,0,0,0,0,0], "joint_contact": [0,0,0,0,0,0,0], "cartesian_contact": [0,0,0,0,0,0], "joint_collision": [0,0,0,0,0,0,0], "cartesian_collision": [0,0,0,0,0,0], "tau_ext_hat_filtered": [-0.0450766,0.106166,0.213298,-0.561252,0.553948,-0.957626,0.152217], "O_F_ext_hat_K": [-4.56587,1.35979,-1.01547,-0.433551,-1.29983,0.0167617], "K_F_ext_hat_K": [1.15813,-0.921622,-4.64077,-0.213453,-1.73536,0.249334], "O_dP_EE_d": [0,0,0,0,0,0], "O_ddP_O": [0,0,-9.81], "O_T_EE_c": [-0.0303597,0.0024722,-0.999526,0,0.467743,0.883772,-0.0120214,0,0.883341,-0.467895,-0.0279879,0,0.770355,-0.275569,0.0945649,1], "O_dP_EE_c": [0,0,0,0,0,0], "O_ddP_EE_c": [0,0,0,0,0,0], "theta": [0.398359,1.35109,-0.949745,-1.40691,-2.56161,2.52139,1.29328], "dtheta": [0,0,0,0,0,0,0], "current_errors": [], "last_motion_errors": [], "control_command_success_rate": 0, "robot_mode": "User stopped", "time": 5473276}