{"O_T_EE": [-0.0293793,-0.0116045,-0.999491,0,0.305163,0.95208,-0.0200241,0,0.951846,-0.305601,-0.0244306,0,0.807332,-0.129946,0.0943231,1], "O_T_EE_d": [-0.0292993,-0.0116067,-0.999494,0,0.305141,0.952087,-0.0200011,0,0.951855,-0.305578,-0.0243543,0,0.807322,-0.129931,0.0943181,1], "F_T_NE": [0.7071,-0.7071,0,0,0.7071,0.7071,0,0,0,0,1,0,0,0,0.1034,1], "NE_T_EE": [1,0,0,0,0,1,0,0,0,0,1,0,0,0,0,1], "F_T_EE": [0.7071,-0.7071,0,0,0.7071,0.7071,0,0,0,0,1,0,0,0,0.1034,1], "EE_T_K": [1,0,0,0,0,1,0,0,0,0,1,0,0,0,0,1], "m_ee": 0.73, "F_x_Cee": [-0.01,0,0.03], "I_ee": [0.001,0,0,0,0.0025,0,0,0,0.0017], "m_load": 0, "F_x_Cload": [0,0,0], "I_load": [0,0,0,0,0,0,0,0,0], "m_total": 0.73, "F_x_Ctotal": [-0.01,0,0.03], "I_total": [0.001,0,0,0,0.0025,0,0,0,0.0017], "elbow": [-0.778731,-1], "elbow_d": [-0.778717,-1], "elbow_c": [-0.778717,-1], "delbow_c": [0,0], "ddelbow_c": [0,0], "tau_J": [0.524849,-44.5272,-18.63,11.0522,-0.436275,-2.43837,0.184224], "tau_J_d": [0,0,0,0,0,0,0], "dtau_J": [1.84295,117.703,-80.448,70.6913,29.8487,-1.04576,89.5339], "q": [0.478624,1.22841,-0.778731,-1.43246,-2.61433,2.44478,1.13152], "dq": [-0.000304121,-0.000544082,0.00121481,-0.00131951,-0.000404127,-0.000328685,-0.00100084], "q_d": [0.478667,1.22841,-0.778717,-1.43255,-2.61431,2.44464,1.13154], "dq_d": [0,0,0,0,0,0,0], "ddq_d": [0,0,0,0,0,0,0], "joint_contact": [0,0,0,0,0,0,0], "cartesian_contact": [0,0,0,0,0,0], "joint_collision": [0,0,0,0,0,0,0], "cartesian_collision": [0,0,0,0,0,0], "tau_ext_hat_filtered": [0.490225,0.0816481,0.506767,-1.19499,0.362037,-0.965978,0.158041], "O_F_ext_hat_K": [-9.72046,1.70285,0.358778,-0.488143,-3.00058,0.584931], "K_F_ext_hat_K": [-0.0927778,-1.35228,-9.78154,-0.444014,-1.80335,0.269329], "O_dP_EE_d": [0,0,0,0,0,0], "O_ddP_O": [0,0,-9.81], "O_T_EE_c": [-0.0292993,-0.0116067,-0.999494,0,0.305141,0.952087,-0.0200011,0,0.951855,-0.305578,-0.0243543,0,0.807322,-0.129931,0.0943181,1], "O_dP_EE_c": [0,0,0,0,0,0], "O_ddP_EE_c": [0,0,0,0,0,0], "theta": [0.47866,1.22529,-0.780039,-1.43169,-2.61438,2.44451,1.13154], "dtheta": [0,0,0,0,0,0,0], "current_errors": [], "last_motion_errors": [], "control_command_success_rate": 0, "robot_mode": "User stopped", "time": 1262257}