{"O_T_EE": [-0.0097126,0.0140953,-0.999844,0,0.583659,0.811966,0.00577698,0,0.811937,-0.583523,-0.0161135,0,0.73135,-0.368412,0.093823,1], "O_T_EE_d": [-0.00957161,0.0139711,-0.999847,0,0.583745,0.811905,0.0057567,0,0.811877,-0.583612,-0.0159271,0,0.731303,-0.368533,0.0939123,1], "F_T_NE": [0.7071,-0.7071,0,0,0.7071,0.7071,0,0,0,0,1,0,0,0,0.1034,1], "NE_T_EE": [1,0,0,0,0,1,0,0,0,0,1,0,0,0,0,1], "F_T_EE": [0.7071,-0.7071,0,0,0.7071,0.7071,0,0,0,0,1,0,0,0,0.1034,1], "EE_T_K": [1,0,0,0,0,1,0,0,0,0,1,0,0,0,0,1], "m_ee": 0.73, "F_x_Cee": [-0.01,0,0.03], "I_ee": [0.001,0,0,0,0.0025,0,0,0,0.0017], "m_load": 0, "F_x_Cload": [0,0,0], "I_load": [0,0,0,0,0,0,0,0,0], "m_total": 0.73, "F_x_Ctotal": [-0.01,0,0.03], "I_total": [0.001,0,0,0,0.0025,0,0,0,0.0017], "elbow": [-1.20384,-1], "elbow_d": [-1.20392,-1], "elbow_c": [-1.20392,-1], "delbow_c": [0,0], "ddelbow_c": [0,0], "tau_J": [0.298714,-41.397,-26.1639,2.19726,-0.819881,-2.3578,0.184224], "tau_J_d": [0,0,0,0,0,0,0], "dtau_J": [3.01118,11.1036,6.28024,-89.6398,-21.4834,33.9741,118.993], "q": [0.390432,1.59712,-1.20384,-1.35283,-2.42189,2.66495,1.52215], "dq": [-0.000145052,-0.00164467,0.000452953,0.000879129,0.00440474,-0.00137956,-0.000875794], "q_d": [0.390335,1.59707,-1.20392,-1.35294,-2.42187,2.6648,1.52215], "dq_d": [0,0,0,0,0,0,0], "ddq_d": [0,0,0,0,0,0,0], "joint_contact": [0,0,0,0,0,0,0], "cartesian_contact": [0,0,0,0,0,0], "joint_collision": [0,0,0,0,0,0,0], "cartesian_collision": [0,0,0,0,0,0], "tau_ext_hat_filtered": [0.321489,-0.498156,-0.143862,-0.257193,0.588838,-1.18784,0.138471], "O_F_ext_hat_K": [-4.06894,1.89468,-0.315008,-0.810456,-1.76369,0.384823], "K_F_ext_hat_K": [0.381192,-0.838293,-4.40424,-0.513593,-1.74332,0.32486], "O_dP_EE_d": [0,0,0,0,0,0], "O_ddP_O": [0,0,-9.81], "O_T_EE_c": [-0.00957161,0.0139711,-0.999847,0,0.583745,0.811905,0.0057567,0,0.811877,-0.583612,-0.0159271,0,0.731303,-0.368533,0.0939123,1], "O_dP_EE_c": [0,0,0,0,0,0], "O_ddP_EE_c": [0,0,0,0,0,0], "theta": [0.390452,1.59422,-1.20568,-1.35267,-2.42198,2.66469,1.52217], "dtheta": [0,0,0,0,0,0,0], "current_errors": [], "last_motion_errors": [], "control_command_success_rate": 0, "robot_mode": "User stopped", "time": 5744888}