{"O_T_EE": [-0.0265547,0.0263229,-0.999291,0,0.677614,0.735404,0.0013651,0,0.734932,-0.67711,-0.037366,0,0.681251,-0.455389,0.0933336,1], "O_T_EE_d": [-0.0264166,0.0261457,-0.999299,0,0.677656,0.735365,0.00132619,0,0.734899,-0.677159,-0.0371444,0,0.681223,-0.455482,0.0934691,1], "F_T_NE": [0.7071,-0.7071,0,0,0.7071,0.7071,0,0,0,0,1,0,0,0,0.1034,1], "NE_T_EE": [1,0,0,0,0,1,0,0,0,0,1,0,0,0,0,1], "F_T_EE": [0.7071,-0.7071,0,0,0.7071,0.7071,0,0,0,0,1,0,0,0,0.1034,1], "EE_T_K": [1,0,0,0,0,1,0,0,0,0,1,0,0,0,0,1], "m_ee": 0.73, "F_x_Cee": [-0.01,0,0.03], "I_ee": [0.001,0,0,0,0.0025,0,0,0,0.0017], "m_load": 0, "F_x_Cload": [0,0,0], "I_load": [0,0,0,0,0,0,0,0,0], "m_total": 0.73, "F_x_Ctotal": [-0.01,0,0.03], "I_total": [0.001,0,0,0,0.0025,0,0,0,0.0017], "elbow": [-1.33066,-1], "elbow_d": [-1.3308,-1], "elbow_c": [-1.3308,-1], "delbow_c": [0,0], "ddelbow_c": [0,0], "tau_J": [-0.371757,-40.6829,-26.5765,-1.78986,-1.2044,-1.98793,0.194295], "tau_J_d": [0,0,0,0,0,0,0], "dtau_J": [-88.5552,126.239,-22.8081,-77.3234,-19.7696,-21.5066,109.617], "q": [0.296702,1.7231,-1.33066,-1.31312,-2.42012,2.76381,1.6794], "dq": [0.00159262,-0.0011538,0.000624987,-0.00405388,9.58873e-05,0.000166278,-0.00160928], "q_d": [0.296633,1.72305,-1.3308,-1.31322,-2.42012,2.76369,1.6794], "dq_d": [0,0,0,0,0,0,0], "ddq_d": [0,0,0,0,0,0,0], "joint_contact": [0,0,0,0,0,0,0], "cartesian_contact": [0,0,0,0,0,0], "joint_collision": [0,0,0,0,0,0,0], "cartesian_collision": [0,0,0,0,0,0], "tau_ext_hat_filtered": [-0.25125,-0.415483,-0.159078,-0.783045,0.482318,-1.03341,0.129785], "O_F_ext_hat_K": [-4.85736,1.52812,0.193375,-0.867127,-1.90936,-0.204851], "K_F_ext_hat_K": [-0.0240282,-2.16741,-4.61176,-0.983408,-1.40385,0.392832], "O_dP_EE_d": [0,0,0,0,0,0], "O_ddP_O": [0,0,-9.81], "O_T_EE_c": [-0.0264166,0.0261457,-0.999299,0,0.677656,0.735365,0.00132619,0,0.734899,-0.677159,-0.0371444,0,0.681223,-0.455482,0.0934691,1], "O_dP_EE_c": [0,0,0,0,0,0], "O_ddP_EE_c": [0,0,0,0,0,0], "theta": [0.296675,1.72025,-1.33253,-1.31324,-2.42026,2.76359,1.67942], "dtheta": [0,0,0,0,0,0,0], "current_errors": [], "last_motion_errors": [], "control_command_success_rate": 0, "robot_mode": "User stopped", "time": 5767584}