{"O_T_EE": [-0.0573942,0.00477379,-0.998331,0,0.544888,0.838052,-0.0273183,0,0.836539,-0.545557,-0.0507015,0,0.75244,-0.32195,0.0935628,1], "O_T_EE_d": [-0.0572845,0.00474304,-0.998337,0,0.544994,0.837984,-0.0272905,0,0.836477,-0.545661,-0.0505894,0,0.752393,-0.322033,0.0936282,1], "F_T_NE": [0.7071,-0.7071,0,0,0.7071,0.7071,0,0,0,0,1,0,0,0,0.1034,1], "NE_T_EE": [1,0,0,0,0,1,0,0,0,0,1,0,0,0,0,1], "F_T_EE": [0.7071,-0.7071,0,0,0.7071,0.7071,0,0,0,0,1,0,0,0,0.1034,1], "EE_T_K": [1,0,0,0,0,1,0,0,0,0,1,0,0,0,0,1], "m_ee": 0.73, "F_x_Cee": [-0.01,0,0.03], "I_ee": [0.001,0,0,0,0.0025,0,0,0,0.0017], "m_load": 0, "F_x_Cload": [0,0,0], "I_load": [0,0,0,0,0,0,0,0,0], "m_total": 0.73, "F_x_Ctotal": [-0.01,0,0.03], "I_total": [0.001,0,0,0,0.0025,0,0,0,0.0017], "elbow": [-1.27082,-1], "elbow_d": [-1.27085,-1], "elbow_c": [-1.27085,-1], "delbow_c": [0,0], "ddelbow_c": [0,0], "tau_J": [0.0011678,-41.3216,-26.3544,0.316766,-0.920589,-2.00716,0.0615432], "tau_J_d": [0,0,0,0,0,0,0], "dtau_J": [-22.8813,64.1108,42.9918,-8.21444,28.4224,-5.49664,-45.2931], "q": [0.466653,1.65319,-1.27082,-1.32183,-2.42812,2.75565,1.56984], "dq": [0.000361555,-0.000843641,-0.00198137,0.00100548,-0.000877046,0.000218385,0.00175099], "q_d": [0.466641,1.65312,-1.27085,-1.32202,-2.42812,2.75556,1.56987], "dq_d": [0,0,0,0,0,0,0], "ddq_d": [0,0,0,0,0,0,0], "joint_contact": [0,0,0,0,0,0,0], "cartesian_contact": [0,0,0,0,0,0], "joint_collision": [0,0,0,0,0,0,0], "cartesian_collision": [0,0,0,0,0,0], "tau_ext_hat_filtered": [0.0495171,-0.53481,-0.214863,-0.609625,0.67646,-0.986441,0.1021], "O_F_ext_hat_K": [-4.37992,1.60447,-0.254627,-0.762789,-1.93228,0.104248], "K_F_ext_hat_K": [0.513254,-1.035,-4.5264,-0.274911,-1.82343,0.338457], "O_dP_EE_d": [0,0,0,0,0,0], "O_ddP_O": [0,0,-9.81], "O_T_EE_c": [-0.0572845,0.00474304,-0.998337,0,0.544994,0.837984,-0.0272905,0,0.836477,-0.545661,-0.0505894,0,0.752393,-0.322033,0.0936282,1], "O_dP_EE_c": [0,0,0,0,0,0], "O_ddP_EE_c": [0,0,0,0,0,0], "theta": [0.466653,1.6503,-1.27267,-1.32181,-2.42822,2.75543,1.56985], "dtheta": [0,0,0,0,0,0,0], "current_errors": [], "last_motion_errors": [], "control_command_success_rate": 0, "robot_mode": "User stopped", "time": 5531394}