{"O_T_EE": [-0.036096,0.0260762,-0.998998,0,0.720194,0.693714,-0.0079146,0,0.692826,-0.719772,-0.043821,0,0.653382,-0.49707,0.0941499,1], "O_T_EE_d": [-0.0359467,0.0258471,-0.99901,0,0.720273,0.693631,-0.00797095,0,0.692751,-0.71986,-0.0435515,0,0.653333,-0.497198,0.0943219,1], "F_T_NE": [0.7071,-0.7071,0,0,0.7071,0.7071,0,0,0,0,1,0,0,0,0.1034,1], "NE_T_EE": [1,0,0,0,0,1,0,0,0,0,1,0,0,0,0,1], "F_T_EE": [0.7071,-0.7071,0,0,0.7071,0.7071,0,0,0,0,1,0,0,0,0.1034,1], "EE_T_K": [1,0,0,0,0,1,0,0,0,0,1,0,0,0,0,1], "m_ee": 0.73, "F_x_Cee": [-0.01,0,0.03], "I_ee": [0.001,0,0,0,0.0025,0,0,0,0.0017], "m_load": 0, "F_x_Cload": [0,0,0], "I_load": [0,0,0,0,0,0,0,0,0], "m_total": 0.73, "F_x_Ctotal": [-0.01,0,0.03], "I_total": [0.001,0,0,0,0.0025,0,0,0,0.0017], "elbow": [-1.09328,-1], "elbow_d": [-1.0935,-1], "elbow_c": [-1.0935,-1], "delbow_c": [0,0], "ddelbow_c": [0,0], "tau_J": [-0.41143,-42.0754,-24.4778,5.18463,-0.665157,-2.23787,0.112813], "tau_J_d": [0,0,0,0,0,0,0], "dtau_J": [-74.2932,-26.3281,52.4632,-0.0505184,-13.3597,0.050353,33.4621], "q": [0.153011,1.48255,-1.09328,-1.357,-2.50291,2.63034,1.42301], "dq": [0.001575,0.000607918,-0.000695017,0.000434436,-0.00199526,-0.000205099,-0.000844152], "q_d": [0.152948,1.48248,-1.0935,-1.35708,-2.50289,2.63024,1.42304], "dq_d": [0,0,0,0,0,0,0], "ddq_d": [0,0,0,0,0,0,0], "joint_contact": [0,0,0,0,0,0,0], "cartesian_contact": [0,0,0,0,0,0], "joint_collision": [0,0,0,0,0,0,0], "cartesian_collision": [0,0,0,0,0,0], "tau_ext_hat_filtered": [-0.369575,0.194401,0.208077,-0.676458,0.612001,-1.01566,0.121317], "O_F_ext_hat_K": [-3.76333,1.88011,-1.49635,-0.600184,-0.904912,-0.300997], "K_F_ext_hat_K": [1.67975,-1.39425,-3.89501,-0.338616,-1.90338,0.276562], "O_dP_EE_d": [0,0,0,0,0,0], "O_ddP_O": [0,0,-9.81], "O_T_EE_c": [-0.0359467,0.0258471,-0.99901,0,0.720273,0.693631,-0.00797095,0,0.692751,-0.71986,-0.0435515,0,0.653333,-0.497198,0.0943219,1], "O_dP_EE_c": [0,0,0,0,0,0], "O_ddP_EE_c": [0,0,0,0,0,0], "theta": [0.152983,1.47959,-1.095,-1.35663,-2.50298,2.63009,1.42302], "dtheta": [0,0,0,0,0,0,0], "current_errors": [], "last_motion_errors": [], "control_command_success_rate": 0, "robot_mode": "User stopped", "time": 5931695}