{"O_T_EE": [-0.0342079,0.021471,-0.999174,0,0.753533,0.657292,-0.0116737,0,0.656512,-0.753324,-0.0386644,0,0.622057,-0.536085,0.0943948,1], "O_T_EE_d": [-0.0340419,0.0211891,-0.999186,0,0.753588,0.657228,-0.0117371,0,0.656457,-0.753389,-0.0383418,0,0.622023,-0.536195,0.0945956,1], "F_T_NE": [0.7071,-0.7071,0,0,0.7071,0.7071,0,0,0,0,1,0,0,0,0.1034,1], "NE_T_EE": [1,0,0,0,0,1,0,0,0,0,1,0,0,0,0,1], "F_T_EE": [0.7071,-0.7071,0,0,0.7071,0.7071,0,0,0,0,1,0,0,0,0.1034,1], "EE_T_K": [1,0,0,0,0,1,0,0,0,0,1,0,0,0,0,1], "m_ee": 0.73, "F_x_Cee": [-0.01,0,0.03], "I_ee": [0.001,0,0,0,0.0025,0,0,0,0.0017], "m_load": 0, "F_x_Cload": [0,0,0], "I_load": [0,0,0,0,0,0,0,0,0], "m_total": 0.73, "F_x_Ctotal": [-0.01,0,0.03], "I_total": [0.001,0,0,0,0.0025,0,0,0,0.0017], "elbow": [-0.961036,-1], "elbow_d": [-0.961274,-1], "elbow_c": [-0.961274,-1], "delbow_c": [0,0], "ddelbow_c": [0,0], "tau_J": [0.263009,-43.9996,-22.9028,8.29101,-0.463741,-2.31844,0.163167], "tau_J_d": [0,0,0,0,0,0,0], "dtau_J": [-28.0702,-93.6662,-70.8562,31.2298,21.3682,24.9548,43.3521], "q": [0.0275389,1.3672,-0.961036,-1.38519,-2.56543,2.54694,1.3077], "dq": [0.000511736,0.00143909,0.000396016,5.91338e-05,1.79428e-05,-0.00040313,-0.00165957], "q_d": [0.0275293,1.36708,-0.961274,-1.38528,-2.56541,2.54682,1.30771], "dq_d": [0,0,0,0,0,0,0], "ddq_d": [0,0,0,0,0,0,0], "joint_contact": [0,0,0,0,0,0,0], "cartesian_contact": [0,0,0,0,0,0], "joint_collision": [0,0,0,0,0,0,0], "cartesian_collision": [0,0,0,0,0,0], "tau_ext_hat_filtered": [0.306883,-0.716685,-0.175454,-0.502845,0.589688,-0.999824,0.160391], "O_F_ext_hat_K": [-5.11355,4.69223,0.865159,-1.94542,-2.31647,0.38297], "K_F_ext_hat_K": [-0.588785,-0.779173,-6.92533,-0.197566,-1.63673,0.286145], "O_dP_EE_d": [0,0,0,0,0,0], "O_ddP_O": [0,0,-9.81], "O_T_EE_c": [-0.0340419,0.0211891,-0.999186,0,0.753588,0.657228,-0.0117371,0,0.656457,-0.753389,-0.0383418,0,0.622023,-0.536195,0.0945956,1], "O_dP_EE_c": [0,0,0,0,0,0], "O_ddP_EE_c": [0,0,0,0,0,0], "theta": [0.0275573,1.36411,-0.962643,-1.38461,-2.56549,2.54669,1.30772], "dtheta": [0,0,0,0,0,0,0], "current_errors": [], "last_motion_errors": [], "control_command_success_rate": 0, "robot_mode": "User stopped", "time": 5911287}