{"O_T_EE": [-0.0291554,0.0369824,-0.998881,0,0.812755,0.582585,-0.00215323,0,0.581864,-0.811924,-0.0470441,0,0.580364,-0.582199,0.0946122,1], "O_T_EE_d": [-0.0290216,0.0366897,-0.998896,0,0.812798,0.582525,-0.00221854,0,0.581811,-0.81198,-0.046728,0,0.58033,-0.582313,0.0948046,1], "F_T_NE": [0.7071,-0.7071,0,0,0.7071,0.7071,0,0,0,0,1,0,0,0,0.1034,1], "NE_T_EE": [1,0,0,0,0,1,0,0,0,0,1,0,0,0,0,1], "F_T_EE": [0.7071,-0.7071,0,0,0.7071,0.7071,0,0,0,0,1,0,0,0,0.1034,1], "EE_T_K": [1,0,0,0,0,1,0,0,0,0,1,0,0,0,0,1], "m_ee": 0.73, "F_x_Cee": [-0.01,0,0.03], "I_ee": [0.001,0,0,0,0.0025,0,0,0,0.0017], "m_load": 0, "F_x_Cload": [0,0,0], "I_load": [0,0,0,0,0,0,0,0,0], "m_total": 0.73, "F_x_Ctotal": [-0.01,0,0.03], "I_total": [0.001,0,0,0,0.0025,0,0,0,0.0017], "elbow": [-0.961193,-1], "elbow_d": [-0.961429,-1], "elbow_c": [-0.961429,-1], "delbow_c": [0,0], "ddelbow_c": [0,0], "tau_J": [0.112252,-43.8488,-22.6767,8.48144,-0.509518,-2.44844,0.122884], "tau_J_d": [0,0,0,0,0,0,0], "dtau_J": [0.841927,129.093,97.6177,6.47652,9.3738,35.837,-36.4326], "q": [-0.0525818,1.36543,-0.961193,-1.37165,-2.53912,2.57396,1.29047], "dq": [-0.000936128,-0.000839143,-0.00103272,-0.000613531,-0.000107184,-0.000145945,0.000414272], "q_d": [-0.052624,1.36535,-0.961429,-1.37167,-2.5391,2.57386,1.29047], "dq_d": [0,0,0,0,0,0,0], "ddq_d": [0,0,0,0,0,0,0], "joint_contact": [0,0,0,0,0,0,0], "cartesian_contact": [0,0,0,0,0,0], "joint_collision": [0,0,0,0,0,0,0], "cartesian_collision": [0,0,0,0,0,0], "tau_ext_hat_filtered": [0.0627401,-0.395852,-0.142185,-0.47649,0.576652,-1.10758,0.162833], "O_F_ext_hat_K": [-4.16948,4.00741,-0.0500714,-1.65636,-1.66142,0.133438], "K_F_ext_hat_K": [0.319788,-1.05402,-5.67742,-0.244744,-1.81733,0.281062], "O_dP_EE_d": [0,0,0,0,0,0], "O_ddP_O": [0,0,-9.81], "O_T_EE_c": [-0.0290216,0.0366897,-0.998896,0,0.812798,0.582525,-0.00221854,0,0.581811,-0.81198,-0.046728,0,0.58033,-0.582313,0.0948046,1], "O_dP_EE_c": [0,0,0,0,0,0], "O_ddP_EE_c": [0,0,0,0,0,0], "theta": [-0.052574,1.36236,-0.962784,-1.37105,-2.53918,2.57369,1.29049], "dtheta": [0,0,0,0,0,0,0], "current_errors": [], "last_motion_errors": [], "control_command_success_rate": 0, "robot_mode": "User stopped", "time": 6107954}