{"O_T_EE": [-0.00783782,0.0161736,-0.999829,0,0.83889,0.544279,0.00222825,0,0.544233,-0.838745,-0.0178341,0,0.543801,-0.616685,0.0943007,1], "O_T_EE_d": [-0.00769474,0.0158396,-0.999835,0,0.83898,0.54414,0.00216358,0,0.544096,-0.838841,-0.0174765,0,0.543688,-0.616861,0.0944853,1], "F_T_NE": [0.7071,-0.7071,0,0,0.7071,0.7071,0,0,0,0,1,0,0,0,0.1034,1], "NE_T_EE": [1,0,0,0,0,1,0,0,0,0,1,0,0,0,0,1], "F_T_EE": [0.7071,-0.7071,0,0,0.7071,0.7071,0,0,0,0,1,0,0,0,0.1034,1], "EE_T_K": [1,0,0,0,0,1,0,0,0,0,1,0,0,0,0,1], "m_ee": 0.73, "F_x_Cee": [-0.01,0,0.03], "I_ee": [0.001,0,0,0,0.0025,0,0,0,0.0017], "m_load": 0, "F_x_Cload": [0,0,0], "I_load": [0,0,0,0,0,0,0,0,0], "m_total": 0.73, "F_x_Ctotal": [-0.01,0,0.03], "I_total": [0.001,0,0,0,0.0025,0,0,0,0.0017], "elbow": [-0.858039,-1], "elbow_d": [-0.858274,-1], "elbow_c": [-0.858274,-1], "delbow_c": [0,0], "ddelbow_c": [0,0], "tau_J": [-0.0345378,-44.186,-20.7644,10.2826,-0.363033,-2.5583,0.163167], "tau_J_d": [0,0,0,0,0,0,0], "dtau_J": [43.5547,131.096,-132.923,-51.5761,20.9308,3.78254,27.9312], "q": [-0.169148,1.29481,-0.858039,-1.39879,-2.57863,2.47962,1.21547], "dq": [0.000342387,-0.00100252,0.00123047,0.000523339,0.00853021,-0.000260497,-0.000698734], "q_d": [-0.169291,1.29474,-0.858274,-1.3988,-2.57861,2.47945,1.21549], "dq_d": [0,0,0,0,0,0,0], "ddq_d": [0,0,0,0,0,0,0], "joint_contact": [0,0,0,0,0,0,0], "cartesian_contact": [0,0,0,0,0,0], "joint_collision": [0,0,0,0,0,0,0], "cartesian_collision": [0,0,0,0,0,0], "tau_ext_hat_filtered": [-0.010292,-0.025916,0.0579877,-0.532369,0.528961,-1.10054,0.150677], "O_F_ext_hat_K": [-3.7476,3.97386,-0.667245,-1.37585,-1.19039,0.052636], "K_F_ext_hat_K": [0.76079,-0.982438,-5.36072,-0.211052,-1.83766,0.233965], "O_dP_EE_d": [0,0,0,0,0,0], "O_ddP_O": [0,0,-9.81], "O_T_EE_c": [-0.00769474,0.0158396,-0.999835,0,0.83898,0.54414,0.00216358,0,0.544096,-0.838841,-0.0174765,0,0.543688,-0.616861,0.0944853,1], "O_dP_EE_c": [0,0,0,0,0,0], "O_ddP_EE_c": [0,0,0,0,0,0], "theta": [-0.16915,1.29171,-0.859496,-1.39806,-2.57867,2.47933,1.21548], "dtheta": [0,0,0,0,0.03765,0,0], "current_errors": [], "last_motion_errors": [], "control_command_success_rate": 0, "robot_mode": "User stopped", "time": 6088556}