{"O_T_EE": [-0.0339312,0.0319583,-0.998903,0,0.874389,0.484999,-0.0141849,0,0.484023,-0.873928,-0.0444014,0,0.506283,-0.648892,0.0938444,1], "O_T_EE_d": [-0.0338608,0.0316955,-0.998914,0,0.874492,0.48481,-0.0142602,0,0.483841,-0.874042,-0.0441344,0,0.506144,-0.649042,0.0940163,1], "F_T_NE": [0.7071,-0.7071,0,0,0.7071,0.7071,0,0,0,0,1,0,0,0,0.1034,1], "NE_T_EE": [1,0,0,0,0,1,0,0,0,0,1,0,0,0,0,1], "F_T_EE": [0.7071,-0.7071,0,0,0.7071,0.7071,0,0,0,0,1,0,0,0,0.1034,1], "EE_T_K": [1,0,0,0,0,1,0,0,0,0,1,0,0,0,0,1], "m_ee": 0.73, "F_x_Cee": [-0.01,0,0.03], "I_ee": [0.001,0,0,0,0.0025,0,0,0,0.0017], "m_load": 0, "F_x_Cload": [0,0,0], "I_load": [0,0,0,0,0,0,0,0,0], "m_total": 0.73, "F_x_Ctotal": [-0.01,0,0.03], "I_total": [0.001,0,0,0,0.0025,0,0,0,0.0017], "elbow": [-1.08351,-1], "elbow_d": [-1.08374,-1], "elbow_c": [-1.08374,-1], "delbow_c": [0,0], "ddelbow_c": [0,0], "tau_J": [0.151925,-42.8689,-24.3271,5.37902,-0.646847,-2.24794,0.112813], "tau_J_d": [0,0,0,0,0,0,0], "dtau_J": [109.811,2.61708,18.3433,-120.302,-25.7312,19.2629,-77.2433], "q": [-0.116559,1.47592,-1.08351,-1.34521,-2.49864,2.63241,1.39819], "dq": [-0.00140857,0.000683532,0.000463689,0.000157883,0.00705625,-0.00161103,0.000754252], "q_d": [-0.116688,1.47585,-1.08374,-1.34533,-2.49862,2.63232,1.39819], "dq_d": [0,0,0,0,0,0,0], "ddq_d": [0,0,0,0,0,0,0], "joint_contact": [0,0,0,0,0,0,0], "cartesian_contact": [0,0,0,0,0,0], "joint_collision": [0,0,0,0,0,0,0], "cartesian_collision": [0,0,0,0,0,0], "tau_ext_hat_filtered": [0.099188,-0.299735,0.163821,-0.670485,0.622628,-1.01629,0.169731], "O_F_ext_hat_K": [-4.06977,4.82929,-0.247014,-1.67794,-1.46318,0.188122], "K_F_ext_hat_K": [0.539182,-1.21287,-6.17934,-0.375132,-1.80161,0.366795], "O_dP_EE_d": [0,0,0,0,0,0], "O_ddP_O": [0,0,-9.81], "O_T_EE_c": [-0.0338608,0.0316955,-0.998914,0,0.874492,0.48481,-0.0142602,0,0.483841,-0.874042,-0.0441344,0,0.506144,-0.649042,0.0940163,1], "O_dP_EE_c": [0,0,0,0,0,0], "O_ddP_EE_c": [0,0,0,0,0,0], "theta": [-0.116547,1.47292,-1.08522,-1.34483,-2.49872,2.63216,1.3982], "dtheta": [0,0,0,0,0,0,0], "current_errors": [], "last_motion_errors": [], "control_command_success_rate": 0, "robot_mode": "User stopped", "time": 6127751}