{"O_T_EE": [-0.0143447,0.0415922,-0.999022,0,0.988735,0.1494,-0.007977,0,0.148925,-0.987901,-0.0432676,0,0.243271,-0.792324,0.0932542,1], "O_T_EE_d": [-0.0143621,0.0415031,-0.999026,0,0.988776,0.149124,-0.00801962,0,0.148649,-0.987947,-0.0431798,0,0.243052,-0.792375,0.0933092,1], "F_T_NE": [0.7071,-0.7071,0,0,0.7071,0.7071,0,0,0,0,1,0,0,0,0.1034,1], "NE_T_EE": [1,0,0,0,0,1,0,0,0,0,1,0,0,0,0,1], "F_T_EE": [0.7071,-0.7071,0,0,0.7071,0.7071,0,0,0,0,1,0,0,0,0.1034,1], "EE_T_K": [1,0,0,0,0,1,0,0,0,0,1,0,0,0,0,1], "m_ee": 0.73, "F_x_Cee": [-0.01,0,0.03], "I_ee": [0.001,0,0,0,0.0025,0,0,0,0.0017], "m_load": 0, "F_x_Cload": [0,0,0], "I_load": [0,0,0,0,0,0,0,0,0], "m_total": 0.73, "F_x_Ctotal": [-0.01,0,0.03], "I_total": [0.001,0,0,0,0.0025,0,0,0,0.0017], "elbow": [-1.17252,-1], "elbow_d": [-1.17259,-1], "elbow_c": [-1.17259,-1], "delbow_c": [0,0], "ddelbow_c": [0,0], "tau_J": [-0.296379,-42,-24.704,2.99865,-0.819881,-2.01723,0.153096], "tau_J_d": [0,0,0,0,0,0,0], "dtau_J": [-22.4814,0.953406,-84.2048,-115.527,-10.2014,-2.58786,32.308], "q": [-0.466173,1.56597,-1.17252,-1.29511,-2.47149,2.68495,1.49103], "dq": [0.000246024,-0.000174542,0.000649494,0.00146807,0.000464752,5.30545e-05,-0.00128978], "q_d": [-0.466314,1.56593,-1.17259,-1.29531,-2.47149,2.68488,1.49105], "dq_d": [0,0,0,0,0,0,0], "ddq_d": [0,0,0,0,0,0,0], "joint_contact": [0,0,0,0,0,0,0], "cartesian_contact": [0,0,0,0,0,0], "joint_collision": [0,0,0,0,0,0,0], "cartesian_collision": [0,0,0,0,0,0], "tau_ext_hat_filtered": [-0.278895,0.392753,0.497501,-0.781764,0.615792,-0.868998,0.147469], "O_F_ext_hat_K": [-2.11756,4.33034,-1.64944,-0.891537,-0.38515,-0.227149], "K_F_ext_hat_K": [1.85835,-1.43362,-4.52194,-0.395579,-1.8656,0.297369], "O_dP_EE_d": [0,0,0,0,0,0], "O_ddP_O": [0,0,-9.81], "O_T_EE_c": [-0.0143621,0.0415031,-0.999026,0,0.988776,0.149124,-0.00801962,0,0.148649,-0.987947,-0.0431798,0,0.243052,-0.792375,0.0933092,1], "O_dP_EE_c": [0,0,0,0,0,0], "O_ddP_EE_c": [0,0,0,0,0,0], "theta": [-0.466193,1.56302,-1.17425,-1.2949,-2.47158,2.68473,1.49104], "dtheta": [0,0,0,0,0,0,0], "current_errors": [], "last_motion_errors": [], "control_command_success_rate": 0, "robot_mode": "User stopped", "time": 6615232}