{"O_T_EE": [-0.0311429,0.0419942,-0.998623,0,0.978513,0.204972,-0.0218963,0,0.203774,-0.977866,-0.0474762,0,0.2906,-0.774972,0.0925924,1], "O_T_EE_d": [-0.0311034,0.0418591,-0.99863,0,0.978576,0.204673,-0.0218996,0,0.20348,-0.977935,-0.0473292,0,0.290341,-0.77507,0.0926662,1], "F_T_NE": [0.7071,-0.7071,0,0,0.7071,0.7071,0,0,0,0,1,0,0,0,0.1034,1], "NE_T_EE": [1,0,0,0,0,1,0,0,0,0,1,0,0,0,0,1], "F_T_EE": [0.7071,-0.7071,0,0,0.7071,0.7071,0,0,0,0,1,0,0,0,0.1034,1], "EE_T_K": [1,0,0,0,0,1,0,0,0,0,1,0,0,0,0,1], "m_ee": 0.73, "F_x_Cee": [-0.01,0,0.03], "I_ee": [0.001,0,0,0,0.0025,0,0,0,0.0017], "m_load": 0, "F_x_Cload": [0,0,0], "I_load": [0,0,0,0,0,0,0,0,0], "m_total": 0.73, "F_x_Ctotal": [-0.01,0,0.03], "I_total": [0.001,0,0,0,0.0025,0,0,0,0.0017], "elbow": [-1.32553,-1], "elbow_d": [-1.32557,-1], "elbow_c": [-1.32557,-1], "delbow_c": [0,0], "ddelbow_c": [0,0], "tau_J": [-0.260673,-41.4367,-25.791,-1.25428,-1.29596,-1.99709,0.153096], "tau_J_d": [0,0,0,0,0,0,0], "dtau_J": [-34.1581,66.526,-19.3059,-13.0522,11.2232,34.8314,122.765], "q": [-0.361892,1.71233,-1.32553,-1.26261,-2.42536,2.77977,1.63551], "dq": [-0.000387449,-0.000470073,0.000280861,0.00197102,0.00234889,-0.000530264,-0.0023117], "q_d": [-0.362139,1.71229,-1.32557,-1.26278,-2.42536,2.77963,1.63553], "dq_d": [0,0,0,0,0,0,0], "ddq_d": [0,0,0,0,0,0,0], "joint_contact": [0,0,0,0,0,0,0], "cartesian_contact": [0,0,0,0,0,0], "joint_collision": [0,0,0,0,0,0,0], "cartesian_collision": [0,0,0,0,0,0], "tau_ext_hat_filtered": [-0.298151,-0.0868634,0.0793541,-0.799971,0.390457,-1.0599,0.117702], "O_F_ext_hat_K": [-3.53956,4.49289,-0.141934,-1.62123,-0.989427,-0.255507], "K_F_ext_hat_K": [0.440655,-2.53953,-5.10798,-1.16888,-1.45696,0.363258], "O_dP_EE_d": [0,0,0,0,0,0], "O_ddP_O": [0,0,-9.81], "O_T_EE_c": [-0.0311034,0.0418591,-0.99863,0,0.978576,0.204673,-0.0218996,0,0.20348,-0.977935,-0.0473292,0,0.290341,-0.77507,0.0926662,1], "O_dP_EE_c": [0,0,0,0,0,0], "O_ddP_EE_c": [0,0,0,0,0,0], "theta": [-0.361911,1.70943,-1.32734,-1.2627,-2.42551,2.77954,1.63552], "dtheta": [0,0,0,0,0,0,0], "current_errors": [], "last_motion_errors": [], "control_command_success_rate": 0, "robot_mode": "User stopped", "time": 6373713}