{"O_T_EE": [-0.0255739,0.0566851,-0.998055,0,0.964945,0.262231,-0.00983194,0,0.261169,-0.963338,-0.0614055,0,0.336202,-0.755189,0.092539,1], "O_T_EE_d": [-0.0255955,0.0565355,-0.998063,0,0.965019,0.261955,-0.00990951,0,0.260893,-0.963422,-0.0612639,0,0.335978,-0.755275,0.0926242,1], "F_T_NE": [0.7071,-0.7071,0,0,0.7071,0.7071,0,0,0,0,1,0,0,0,0.1034,1], "NE_T_EE": [1,0,0,0,0,1,0,0,0,0,1,0,0,0,0,1], "F_T_EE": [0.7071,-0.7071,0,0,0.7071,0.7071,0,0,0,0,1,0,0,0,0.1034,1], "EE_T_K": [1,0,0,0,0,1,0,0,0,0,1,0,0,0,0,1], "m_ee": 0.73, "F_x_Cee": [-0.01,0,0.03], "I_ee": [0.001,0,0,0,0.0025,0,0,0,0.0017], "m_load": 0, "F_x_Cload": [0,0,0], "I_load": [0,0,0,0,0,0,0,0,0], "m_total": 0.73, "F_x_Ctotal": [-0.01,0,0.03], "I_total": [0.001,0,0,0,0.0025,0,0,0,0.0017], "elbow": [-1.35412,-1], "elbow_d": [-1.3542,-1], "elbow_c": [-1.3542,-1], "delbow_c": [0,0], "ddelbow_c": [0,0], "tau_J": [-0.336051,-41.5875,-25.8664,-1.82953,-1.54223,-1.93758,-0.0199387], "tau_J_d": [0,0,0,0,0,0,0], "dtau_J": [-89.374,129.761,-233.616,-92.3109,-11.1863,27.6135,-61.818], "q": [-0.295153,1.7383,-1.35412,-1.25516,-2.44932,2.80801,1.70609], "dq": [0.000870689,-0.00114832,0.00252717,-0.00416153,0.000255174,-0.000734768,0.00169617], "q_d": [-0.295293,1.73827,-1.3542,-1.2554,-2.44932,2.80792,1.70609], "dq_d": [0,0,0,0,0,0,0], "ddq_d": [0,0,0,0,0,0,0], "joint_contact": [0,0,0,0,0,0,0], "cartesian_contact": [0,0,0,0,0,0], "joint_collision": [0,0,0,0,0,0,0], "cartesian_collision": [0,0,0,0,0,0], "tau_ext_hat_filtered": [-0.250118,-0.430719,0.105896,-0.630494,0.242788,-1.12154,0.0187024], "O_F_ext_hat_K": [-3.91766,3.69266,0.646691,-1.52121,-1.30774,-0.194862], "K_F_ext_hat_K": [-0.335931,-2.8184,-4.62017,-1.54289,-0.872731,0.427127], "O_dP_EE_d": [0,0,0,0,0,0], "O_ddP_O": [0,0,-9.81], "O_T_EE_c": [-0.0255955,0.0565355,-0.998063,0,0.965019,0.261955,-0.00990951,0,0.260893,-0.963422,-0.0612639,0,0.335978,-0.755275,0.0926242,1], "O_dP_EE_c": [0,0,0,0,0,0], "O_ddP_EE_c": [0,0,0,0,0,0], "theta": [-0.295176,1.73538,-1.35594,-1.25529,-2.44949,2.80779,1.70609], "dtheta": [0,0,0,0,0,0,0], "current_errors": [], "last_motion_errors": [], "control_command_success_rate": 0, "robot_mode": "User stopped", "time": 6402980}