{"O_T_EE": [-0.0315991,0.0664662,-0.997279,0,0.996182,0.0832224,-0.0260178,0,0.0812681,-0.994312,-0.0688435,0,0.195522,-0.806861,0.0927795,1], "O_T_EE_d": [-0.0315542,0.0664101,-0.997284,0,0.996204,0.0829624,-0.0259955,0,0.0810122,-0.994337,-0.0687771,0,0.19531,-0.806905,0.0928059,1], "F_T_NE": [0.7071,-0.7071,0,0,0.7071,0.7071,0,0,0,0,1,0,0,0,0.1034,1], "NE_T_EE": [1,0,0,0,0,1,0,0,0,0,1,0,0,0,0,1], "F_T_EE": [0.7071,-0.7071,0,0,0.7071,0.7071,0,0,0,0,1,0,0,0,0.1034,1], "EE_T_K": [1,0,0,0,0,1,0,0,0,0,1,0,0,0,0,1], "m_ee": 0.73, "F_x_Cee": [-0.01,0,0.03], "I_ee": [0.001,0,0,0,0.0025,0,0,0,0.0017], "m_load": 0, "F_x_Cload": [0,0,0], "I_load": [0,0,0,0,0,0,0,0,0], "m_total": 0.73, "F_x_Ctotal": [-0.01,0,0.03], "I_total": [0.001,0,0,0,0.0025,0,0,0,0.0017], "elbow": [-1.2725,-1], "elbow_d": [-1.27251,-1], "elbow_c": [-1.27251,-1], "delbow_c": [0,0], "ddelbow_c": [0,0], "tau_J": [-0.185295,-42.1508,-25.1523,0.546869,-0.984676,-1.73708,0.0414016], "tau_J_d": [0,0,0,0,0,0,0], "dtau_J": [69.9921,-119.462,-59.9382,-82.4923,-0.418363,-1.50677,-105.969], "q": [-0.508715,1.65481,-1.2725,-1.25004,-2.46784,2.77687,1.58966], "dq": [-0.00101456,0.00074695,-6.20727e-05,0.000258299,-0.00011884,-0.00018122,0.00108229], "q_d": [-0.508911,1.65478,-1.27251,-1.25015,-2.46782,2.77679,1.58968], "dq_d": [0,0,0,0,0,0,0], "ddq_d": [0,0,0,0,0,0,0], "joint_contact": [0,0,0,0,0,0,0], "cartesian_contact": [0,0,0,0,0,0], "joint_collision": [0,0,0,0,0,0,0], "cartesian_collision": [0,0,0,0,0,0], "tau_ext_hat_filtered": [-0.209822,0.0783774,0.370211,-0.824052,0.672729,-0.782232,0.0987991], "O_F_ext_hat_K": [-1.76493,4.79518,-1.19313,-1.32889,-0.428389,-0.162273], "K_F_ext_hat_K": [1.5644,-1.32811,-4.8292,-0.298094,-1.88956,0.322694], "O_dP_EE_d": [0,0,0,0,0,0], "O_ddP_O": [0,0,-9.81], "O_T_EE_c": [-0.0315542,0.0664101,-0.997284,0,0.996204,0.0829624,-0.0259955,0,0.0810122,-0.994337,-0.0687771,0,0.19531,-0.806905,0.0928059,1], "O_dP_EE_c": [0,0,0,0,0,0], "O_ddP_EE_c": [0,0,0,0,0,0], "theta": [-0.508729,1.65185,-1.27427,-1.25,-2.46795,2.77667,1.58967], "dtheta": [0,0,0,0,0,0,0], "current_errors": [], "last_motion_errors": [], "control_command_success_rate": 0, "robot_mode": "User stopped", "time": 6634329}