{"O_T_EE": [-0.0249948,-0.00790346,-0.999647,0,0.999019,-0.0364911,-0.0246906,0,-0.0362837,-0.999303,0.00880796,0,0.0950332,-0.826259,0.093321,1], "O_T_EE_d": [-0.024999,-0.0077922,-0.999647,0,0.999017,-0.0365362,-0.0246984,0,-0.0363315,-0.999302,0.00869807,0,0.0950055,-0.826211,0.0932394,1], "F_T_NE": [0.7071,-0.7071,0,0,0.7071,0.7071,0,0,0,0,1,0,0,0,0.1034,1], "NE_T_EE": [1,0,0,0,0,1,0,0,0,0,1,0,0,0,0,1], "F_T_EE": [0.7071,-0.7071,0,0,0.7071,0.7071,0,0,0,0,1,0,0,0,0.1034,1], "EE_T_K": [1,0,0,0,0,1,0,0,0,0,1,0,0,0,0,1], "m_ee": 0.73, "F_x_Cee": [-0.01,0,0.03], "I_ee": [0.001,0,0,0,0.0025,0,0,0,0.0017], "m_load": 0, "F_x_Cload": [0,0,0], "I_load": [0,0,0,0,0,0,0,0,0], "m_total": 0.73, "F_x_Ctotal": [-0.01,0,0.03], "I_total": [0.001,0,0,0,0.0025,0,0,0,0.0017], "elbow": [-0.0879759,-1], "elbow_d": [-0.087977,-1], "elbow_c": [-0.087977,-1], "delbow_c": [0,0], "ddelbow_c": [0,0], "tau_J": [0.263009,-48.5223,-2.01902,16.416,-0.0343589,-2.32851,0.153096], "tau_J_d": [0,0,0,0,0,0,0], "dtau_J": [-90.0745,141.884,27.2028,99.4616,19.7353,21.9028,117.299], "q": [-1.35509,1.03969,-0.0879759,-1.41418,-2.87385,2.24939,0.665822], "dq": [-1.95553e-05,-0.00171675,0.000206899,-0.00134114,-0.000173154,-0.000426544,-0.00229306], "q_d": [-1.35509,1.0397,-0.087977,-1.41434,-2.87382,2.24933,0.665833], "dq_d": [0,0,0,0,0,0,0], "ddq_d": [0,0,0,0,0,0,0], "joint_contact": [0,0,0,0,0,0,0], "cartesian_contact": [0,0,0,0,0,0], "joint_collision": [0,0,0,0,0,0,0], "cartesian_collision": [0,0,0,0,0,0], "tau_ext_hat_filtered": [0.226405,1.30001,0.492851,-1.63396,0.425628,-0.695733,0.110775], "O_F_ext_hat_K": [0.142632,7.88441,-1.2444,-1.28523,0.0262088,0.290161], "K_F_ext_hat_K": [1.17811,-0.114495,-7.89505,0.617027,-1.55806,0.157449], "O_dP_EE_d": [0,0,0,0,0,0], "O_ddP_O": [0,0,-9.81], "O_T_EE_c": [-0.024999,-0.0077922,-0.999647,0,0.999017,-0.0365362,-0.0246984,0,-0.0363315,-0.999302,0.00869807,0,0.0950055,-0.826211,0.0932394,1], "O_dP_EE_c": [0,0,0,0,0,0], "O_ddP_EE_c": [0,0,0,0,0,0], "theta": [-1.35507,1.03628,-0.0881176,-1.41303,-2.87386,2.24913,0.665839], "dtheta": [0,0,0,0,0,0,0], "current_errors": [], "last_motion_errors": ["joint_position_limits_violation"], "control_command_success_rate": 0, "robot_mode": "User stopped", "time": 2423872}