{"O_T_EE": [-0.0274805,0.0191811,-0.999429,0,0.986358,-0.161759,-0.0302256,0,-0.162249,-0.986644,-0.0144745,0,-0.00477071,-0.834677,0.0933676,1], "O_T_EE_d": [-0.0274759,0.0192068,-0.999428,0,0.986355,-0.161774,-0.0302254,0,-0.162265,-0.986641,-0.0145001,0,-0.00477849,-0.83466,0.0933456,1], "F_T_NE": [0.7071,-0.7071,0,0,0.7071,0.7071,0,0,0,0,1,0,0,0,0.1034,1], "NE_T_EE": [1,0,0,0,0,1,0,0,0,0,1,0,0,0,0,1], "F_T_EE": [0.7071,-0.7071,0,0,0.7071,0.7071,0,0,0,0,1,0,0,0,0.1034,1], "EE_T_K": [1,0,0,0,0,1,0,0,0,0,1,0,0,0,0,1], "m_ee": 0.73, "F_x_Cee": [-0.01,0,0.03], "I_ee": [0.001,0,0,0,0.0025,0,0,0,0.0017], "m_load": 0, "F_x_Cload": [0,0,0], "I_load": [0,0,0,0,0,0,0,0,0], "m_total": 0.73, "F_x_Ctotal": [-0.01,0,0.03], "I_total": [0.001,0,0,0,0.0025,0,0,0,0.0017], "elbow": [-0.232849,-1], "elbow_d": [-0.232853,-1], "elbow_c": [-0.232853,-1], "delbow_c": [0,0], "ddelbow_c": [0,0], "tau_J": [0.374093,-49.3514,-5.50627,16.5311,-0.344723,-2.48872,0.132954], "tau_J_d": [0,0,0,0,0,0,0], "dtau_J": [-100.131,82.2789,-130.595,0.845401,1.46511,5.76438,19.3091], "q": [-1.36367,1.06118,-0.232849,-1.3826,-2.80239,2.3181,0.732778], "dq": [0.000896119,-0.000753395,-0.00565137,0.000186139,-0.000173497,-0.000456538,-0.00113285], "q_d": [-1.36366,1.06117,-0.232853,-1.38266,-2.80238,2.31807,0.732791], "dq_d": [0,0,0,0,0,0,0], "ddq_d": [0,0,0,0,0,0,0], "joint_contact": [0,0,0,0,0,0,0], "cartesian_contact": [0,0,0,0,0,0], "joint_collision": [0,0,0,0,0,0,0], "cartesian_collision": [0,0,0,0,0,0], "tau_ext_hat_filtered": [0.396929,0.270222,0.559571,-1.25127,0.151508,-0.883585,0.119705], "O_F_ext_hat_K": [0.700504,9.61377,0.3914,-2.87624,0.123975,0.5168], "K_F_ext_hat_K": [-0.226029,-0.876013,-9.60469,0.0684791,-1.63795,0.212398], "O_dP_EE_d": [0,0,0,0,0,0], "O_ddP_O": [0,0,-9.81], "O_T_EE_c": [-0.0274759,0.0192068,-0.999428,0,0.986355,-0.161774,-0.0302254,0,-0.162265,-0.986641,-0.0145001,0,-0.00477849,-0.83466,0.0933456,1], "O_dP_EE_c": [0,0,0,0,0,0], "O_ddP_EE_c": [0,0,0,0,0,0], "theta": [-1.36364,1.05771,-0.233235,-1.38144,-2.80242,2.31782,0.732792], "dtheta": [0,0,-0.0250106,0,0,0,0], "current_errors": [], "last_motion_errors": ["joint_position_limits_violation"], "control_command_success_rate": 0, "robot_mode": "User stopped", "time": 2469457}