{"O_T_EE": [-0.019592,0.0767406,-0.996849,0,0.999565,0.0230524,-0.0178707,0,0.0216088,-0.996785,-0.0771603,0,0.146292,-0.818259,0.0922521,1], "O_T_EE_d": [-0.01964,0.0767404,-0.996848,0,0.999571,0.0227445,-0.0179427,0,0.0212963,-0.996792,-0.0771556,0,0.146078,-0.818249,0.0922522,1], "F_T_NE": [0.7071,-0.7071,0,0,0.7071,0.7071,0,0,0,0,1,0,0,0,0.1034,1], "NE_T_EE": [1,0,0,0,0,1,0,0,0,0,1,0,0,0,0,1], "F_T_EE": [0.7071,-0.7071,0,0,0.7071,0.7071,0,0,0,0,1,0,0,0,0.1034,1], "EE_T_K": [1,0,0,0,0,1,0,0,0,0,1,0,0,0,0,1], "m_ee": 0.73, "F_x_Cee": [-0.01,0,0.03], "I_ee": [0.001,0,0,0,0.0025,0,0,0,0.0017], "m_load": 0, "F_x_Cload": [0,0,0], "I_load": [0,0,0,0,0,0,0,0,0], "m_total": 0.73, "F_x_Ctotal": [-0.01,0,0.03], "I_total": [0.001,0,0,0,0.0025,0,0,0,0.0017], "elbow": [-1.35791,-1], "elbow_d": [-1.35791,-1], "elbow_c": [-1.35791,-1], "delbow_c": [0,0], "ddelbow_c": [0,0], "tau_J": [0.413765,-41.5478,-24.4024,-1.78986,-1.31427,-1.49629,0.071614], "tau_J_d": [0,0,0,0,0,0,0], "dtau_J": [36.1963,56.4593,164.563,102.807,54.8875,-11.0678,-100.29], "q": [-0.559271,1.73579,-1.35791,-1.21787,-2.46865,2.8326,1.70742], "dq": [-0.00195102,-0.000815391,-0.00170975,-0.00179722,-0.000856007,-0.000783431,0.00221215], "q_d": [-0.55933,1.7358,-1.35791,-1.21814,-2.46865,2.83259,1.70743], "dq_d": [0,0,0,0,0,0,0], "ddq_d": [0,0,0,0,0,0,0], "joint_contact": [0,0,0,0,0,0,0], "cartesian_contact": [0,0,0,0,0,0], "joint_collision": [0,0,0,0,0,0,0], "cartesian_collision": [0,0,0,0,0,0], "tau_ext_hat_filtered": [0.371046,0.377655,1.02117,-0.975078,0.48526,-0.691065,0.132932], "O_F_ext_hat_K": [-2.78229,9.3058,-0.194412,-2.06013,-0.823456,0.410983], "K_F_ext_hat_K": [0.962462,-2.56313,-9.321,-1.34114,-1.39762,0.461573], "O_dP_EE_d": [0,0,0,0,0,0], "O_ddP_O": [0,0,-9.81], "O_T_EE_c": [-0.01964,0.0767404,-0.996848,0,0.999571,0.0227445,-0.0179427,0,0.0212963,-0.996792,-0.0771556,0,0.146078,-0.818249,0.0922522,1], "O_dP_EE_c": [0,0,0,0,0,0], "O_ddP_EE_c": [0,0,0,0,0,0], "theta": [-0.559242,1.73287,-1.35962,-1.21799,-2.4688,2.83244,1.70743], "dtheta": [0,0,0,0,0,0,0], "current_errors": [], "last_motion_errors": [], "control_command_success_rate": 0, "robot_mode": "User stopped", "time": 6668436}