{"O_T_EE": [0.00431742,0.0253758,-0.999659,0,0.882311,-0.470575,-0.0081347,0,-0.47063,-0.881992,-0.0244215,0,-0.295159,-0.789995,0.0988644,1], "O_T_EE_d": [0.00436458,0.0255126,-0.999655,0,0.882225,-0.470736,-0.00816197,0,-0.470791,-0.881903,-0.0245629,0,-0.295269,-0.789887,0.0987254,1], "F_T_NE": [0.7071,-0.7071,0,0,0.7071,0.7071,0,0,0,0,1,0,0,0,0.1034,1], "NE_T_EE": [1,0,0,0,0,1,0,0,0,0,1,0,0,0,0,1], "F_T_EE": [0.7071,-0.7071,0,0,0.7071,0.7071,0,0,0,0,1,0,0,0,0.1034,1], "EE_T_K": [1,0,0,0,0,1,0,0,0,0,1,0,0,0,0,1], "m_ee": 0.73, "F_x_Cee": [-0.01,0,0.03], "I_ee": [0.001,0,0,0,0.0025,0,0,0,0.0017], "m_load": 0, "F_x_Cload": [0,0,0], "I_load": [0,0,0,0,0,0,0,0,0], "m_total": 0.73, "F_x_Ctotal": [-0.01,0,0.03], "I_total": [0.001,0,0,0,0.0025,0,0,0,0.0017], "elbow": [1.8693,-1], "elbow_d": [1.86944,-1], "elbow_c": [1.86944,-1], "delbow_c": [0,0], "ddelbow_c": [0,0], "tau_J": [0.0765462,41.9596,-23.9145,0.546869,-0.993832,-1.75722,0.102742], "tau_J_d": [0,0,0,0,0,0,0], "dtau_J": [-39.7743,-55.0718,-26.6228,-9.08962,-20.0165,-6.08101,-104.623], "q": [1.99896,-1.65694,1.8693,-1.20408,-2.42233,2.73548,1.55303], "dq": [0.000205043,0.000554871,1.01185e-05,-0.000716374,-0.00647189,4.43606e-05,0.0017311], "q_d": [1.9989,-1.65704,1.86944,-1.20424,-2.42233,2.73541,1.55305], "dq_d": [0,0,0,0,0,0,0], "ddq_d": [0,0,0,0,0,0,0], "joint_contact": [0,0,0,0,0,0,0], "cartesian_contact": [0,0,0,0,0,0], "joint_collision": [0,0,0,0,0,0,0], "cartesian_collision": [0,0,0,0,0,0], "tau_ext_hat_filtered": [0.098519,-1.22441,1.22387,-1.12193,0.583604,-0.636803,0.159611], "O_F_ext_hat_K": [2.39772,8.16229,-2.14663,-1.04762,0.322091,0.123151], "K_F_ext_hat_K": [2.36342,-1.70801,-8.2751,-0.628071,-2.05201,0.261954], "O_dP_EE_d": [0,0,0,0,0,0], "O_ddP_O": [0,0,-9.81], "O_T_EE_c": [0.00436458,0.0255126,-0.999655,0,0.882225,-0.470736,-0.00816197,0,-0.470791,-0.881903,-0.0245629,0,-0.295269,-0.789887,0.0987254,1], "O_dP_EE_c": [0,0,0,0,0,0], "O_ddP_EE_c": [0,0,0,0,0,0], "theta": [1.99897,-1.65399,1.86762,-1.20404,-2.42244,2.73528,1.55305], "dtheta": [0,0,0,0,0,0,0], "current_errors": [], "last_motion_errors": [], "control_command_success_rate": 0, "robot_mode": "User stopped", "time": 7050823}