{"O_T_EE": [0.00496023,0.0460165,-0.998919,0,0.951662,-0.306971,-0.00941544,0,-0.307078,-0.950605,-0.0453157,0,-0.153208,-0.823946,0.0923751,1], "O_T_EE_d": [0.00493187,0.0460361,-0.998918,0,0.951602,-0.307155,-0.00945728,0,-0.307264,-0.950544,-0.0453238,0,-0.153356,-0.823885,0.0923552,1], "F_T_NE": [0.7071,-0.7071,0,0,0.7071,0.7071,0,0,0,0,1,0,0,0,0.1034,1], "NE_T_EE": [1,0,0,0,0,1,0,0,0,0,1,0,0,0,0,1], "F_T_EE": [0.7071,-0.7071,0,0,0.7071,0.7071,0,0,0,0,1,0,0,0,0.1034,1], "EE_T_K": [1,0,0,0,0,1,0,0,0,0,1,0,0,0,0,1], "m_ee": 0.73, "F_x_Cee": [-0.01,0,0.03], "I_ee": [0.001,0,0,0,0.0025,0,0,0,0.0017], "m_load": 0, "F_x_Cload": [0,0,0], "I_load": [0,0,0,0,0,0,0,0,0], "m_total": 0.73, "F_x_Ctotal": [-0.01,0,0.03], "I_total": [0.001,0,0,0,0.0025,0,0,0,0.0017], "elbow": [-1.08282,-1], "elbow_d": [-1.08283,-1], "elbow_c": [-1.08283,-1], "delbow_c": [0,0], "ddelbow_c": [0,0], "tau_J": [0.338387,-43.095,-22.5299,5.41473,-0.747555,-1.90736,0.153096], "tau_J_d": [0,0,0,0,0,0,0], "dtau_J": [95.1297,3.22889,-72.0938,-66.9611,-37.5035,37.9839,14.212], "q": [-1.014,1.49806,-1.08282,-1.26002,-2.5247,2.64337,1.41503], "dq": [-0.000713177,0.000568889,-0.000311262,0.000401357,0.00976341,-0.000671531,-0.00066887], "q_d": [-1.01407,1.49807,-1.08283,-1.26019,-2.5247,2.64331,1.41505], "dq_d": [0,0,0,0,0,0,0], "ddq_d": [0,0,0,0,0,0,0], "joint_contact": [0,0,0,0,0,0,0], "cartesian_contact": [0,0,0,0,0,0], "joint_collision": [0,0,0,0,0,0,0], "cartesian_collision": [0,0,0,0,0,0], "tau_ext_hat_filtered": [0.311138,0.938582,1.32433,-0.916379,0.562363,-0.705244,0.15894], "O_F_ext_hat_K": [1.25381,7.03327,-2.06012,-0.825665,0.0434086,0.383412], "K_F_ext_hat_K": [2.38781,-0.946426,-6.97752,-0.42555,-1.86158,0.324688], "O_dP_EE_d": [0,0,0,0,0,0], "O_ddP_O": [0,0,-9.81], "O_T_EE_c": [0.00493187,0.0460361,-0.998918,0,0.951602,-0.307155,-0.00945728,0,-0.307264,-0.950544,-0.0453238,0,-0.153356,-0.823885,0.0923552,1], "O_dP_EE_c": [0,0,0,0,0,0], "O_ddP_EE_c": [0,0,0,0,0,0], "theta": [-1.01397,1.49503,-1.0844,-1.25964,-2.52478,2.64316,1.41504], "dtheta": [0,0,0,0,0.03765,0,0], "current_errors": [], "last_motion_errors": [], "control_command_success_rate": 0, "robot_mode": "User stopped", "time": 6832800}