{"O_T_EE": [0.0244476,0.0575587,-0.998033,0,0.809274,-0.587247,-0.014044,0,-0.586911,-0.807355,-0.0609388,0,-0.388269,-0.751975,0.0985061,1], "O_T_EE_d": [0.0243896,0.0577682,-0.998022,0,0.809184,-0.587367,-0.0142236,0,-0.587038,-0.807252,-0.0610719,0,-0.388381,-0.751852,0.0983561,1], "F_T_NE": [0.7071,-0.7071,0,0,0.7071,0.7071,0,0,0,0,1,0,0,0,0.1034,1], "NE_T_EE": [1,0,0,0,0,1,0,0,0,0,1,0,0,0,0,1], "F_T_EE": [0.7071,-0.7071,0,0,0.7071,0.7071,0,0,0,0,1,0,0,0,0.1034,1], "EE_T_K": [1,0,0,0,0,1,0,0,0,0,1,0,0,0,0,1], "m_ee": 0.73, "F_x_Cee": [-0.01,0,0.03], "I_ee": [0.001,0,0,0,0.0025,0,0,0,0.0017], "m_load": 0, "F_x_Cload": [0,0,0], "I_load": [0,0,0,0,0,0,0,0,0], "m_total": 0.73, "F_x_Ctotal": [-0.01,0,0.03], "I_total": [0.001,0,0,0,0.0025,0,0,0,0.0017], "elbow": [1.77261,-1], "elbow_d": [1.77263,-1], "elbow_c": [1.77263,-1], "delbow_c": [0,0], "ddelbow_c": [0,0], "tau_J": [0.560555,42.8999,-23.5019,-1.1789,-1.22271,-1.74715,0.143025], "tau_J_d": [0,0,0,0,0,0,0], "dtau_J": [-117.473,138.125,52.0801,119.606,-15.1219,13.2605,-28.9298], "q": [1.87152,-1.72788,1.77261,-1.13587,-2.41344,2.84754,1.63861], "dq": [0.00185784,-0.00160249,0.00446521,-0.000661469,3.97713e-05,-0.000470625,0.000143517], "q_d": [1.87146,-1.72813,1.77263,-1.13599,-2.41344,2.8475,1.63864], "dq_d": [0,0,0,0,0,0,0], "ddq_d": [0,0,0,0,0,0,0], "joint_contact": [0,0,0,0,0,0,0], "cartesian_contact": [0,0,0,0,0,0], "joint_collision": [0,0,0,0,0,0,0], "cartesian_collision": [0,0,0,0,0,0], "tau_ext_hat_filtered": [0.623164,-0.741059,1.1052,-0.817541,0.60017,-0.827334,0.158188], "O_F_ext_hat_K": [4.25575,9.1902,-1.32409,-1.87101,0.758688,0.649982], "K_F_ext_hat_K": [1.95454,-1.93429,-9.83681,-1.0149,-2.10293,0.399992], "O_dP_EE_d": [0,0,0,0,0,0], "O_ddP_O": [0,0,-9.81], "O_T_EE_c": [0.0243896,0.0577682,-0.998022,0,0.809184,-0.587367,-0.0142236,0,-0.587038,-0.807252,-0.0610719,0,-0.388381,-0.751852,0.0983561,1], "O_dP_EE_c": [0,0,0,0,0,0], "O_ddP_EE_c": [0,0,0,0,0,0], "theta": [1.87156,-1.72487,1.77096,-1.13595,-2.41357,2.84735,1.63862], "dtheta": [0,0,0,0,0,0,0], "current_errors": [], "last_motion_errors": [], "control_command_success_rate": 0, "robot_mode": "User stopped", "time": 7112080}