{"O_T_EE": [0.037533,0.040913,-0.998448,0,0.696751,-0.717293,-0.00320039,0,-0.716324,-0.695563,-0.0554294,0,-0.517854,-0.674059,0.0996262,1], "O_T_EE_d": [0.0374851,0.0410369,-0.998445,0,0.696649,-0.717391,-0.00333073,0,-0.716425,-0.695454,-0.0554808,0,-0.517942,-0.673937,0.0995375,1], "F_T_NE": [0.7071,-0.7071,0,0,0.7071,0.7071,0,0,0,0,1,0,0,0,0.1034,1], "NE_T_EE": [1,0,0,0,0,1,0,0,0,0,1,0,0,0,0,1], "F_T_EE": [0.7071,-0.7071,0,0,0.7071,0.7071,0,0,0,0,1,0,0,0,0.1034,1], "EE_T_K": [1,0,0,0,0,1,0,0,0,0,1,0,0,0,0,1], "m_ee": 0.73, "F_x_Cee": [-0.01,0,0.03], "I_ee": [0.001,0,0,0,0.0025,0,0,0,0.0017], "m_load": 0, "F_x_Cload": [0,0,0], "I_load": [0,0,0,0,0,0,0,0,0], "m_total": 0.73, "F_x_Ctotal": [-0.01,0,0.03], "I_total": [0.001,0,0,0,0.0025,0,0,0,0.0017], "elbow": [1.93138,-1], "elbow_d": [1.93133,-1], "elbow_c": [1.93133,-1], "delbow_c": [0,0], "ddelbow_c": [0,0], "tau_J": [0.635933,44.4471,-23.5773,3.22875,-0.911434,-2.00716,0.214436], "tau_J_d": [0,0,0,0,0,0,0], "dtau_J": [183.867,-271.029,-43.6928,75.4648,15.8793,16.3501,99.7522], "q": [1.65065,-1.59572,1.93138,-1.15437,-2.45489,2.76274,1.48764], "dq": [-0.00132306,0.00248501,0.000327641,-0.000306893,-0.000373769,-0.000369448,-0.00206391], "q_d": [1.65061,-1.59589,1.93133,-1.15451,-2.45487,2.76267,1.4877], "dq_d": [0,0,0,0,0,0,0], "ddq_d": [0,0,0,0,0,0,0], "joint_contact": [0,0,0,0,0,0,0], "cartesian_contact": [0,0,0,0,0,0], "joint_collision": [0,0,0,0,0,0,0], "cartesian_collision": [0,0,0,0,0,0], "tau_ext_hat_filtered": [0.540141,-0.129974,0.46705,-0.673732,0.636497,-0.882512,0.162644], "O_F_ext_hat_K": [5.20773,6.31468,-0.742359,-1.82623,1.42337,0.578157], "K_F_ext_hat_K": [1.19504,-0.898631,-8.08153,-0.348408,-2.10847,0.300672], "O_dP_EE_d": [0,0,0,0,0,0], "O_ddP_O": [0,0,-9.81], "O_T_EE_c": [0.0374851,0.0410369,-0.998445,0,0.696649,-0.717391,-0.00333073,0,-0.716425,-0.695454,-0.0554808,0,-0.517942,-0.673937,0.0995375,1], "O_dP_EE_c": [0,0,0,0,0,0], "O_ddP_EE_c": [0,0,0,0,0,0], "theta": [1.65069,-1.5926,1.92972,-1.15414,-2.45499,2.76252,1.48766], "dtheta": [0,0,0,0,0,0,0], "current_errors": [], "last_motion_errors": [], "control_command_success_rate": 0, "robot_mode": "User stopped", "time": 7388830}