{"O_T_EE": [0.00576069,0.0113318,-0.99991,0,0.848077,-0.529854,-0.00111878,0,-0.529829,-0.84801,-0.0126628,0,-0.342377,-0.77226,0.0996799,1], "O_T_EE_d": [0.00571861,0.0114408,-0.999909,0,0.847986,-0.529999,-0.00121443,0,-0.529974,-0.847918,-0.0127328,0,-0.342515,-0.772148,0.0995709,1], "F_T_NE": [0.7071,-0.7071,0,0,0.7071,0.7071,0,0,0,0,1,0,0,0,0.1034,1], "NE_T_EE": [1,0,0,0,0,1,0,0,0,0,1,0,0,0,0,1], "F_T_EE": [0.7071,-0.7071,0,0,0.7071,0.7071,0,0,0,0,1,0,0,0,0.1034,1], "EE_T_K": [1,0,0,0,0,1,0,0,0,0,1,0,0,0,0,1], "m_ee": 0.73, "F_x_Cee": [-0.01,0,0.03], "I_ee": [0.001,0,0,0,0.0025,0,0,0,0.0017], "m_load": 0, "F_x_Cload": [0,0,0], "I_load": [0,0,0,0,0,0,0,0,0], "m_total": 0.73, "F_x_Ctotal": [-0.01,0,0.03], "I_total": [0.001,0,0,0,0.0025,0,0,0,0.0017], "elbow": [1.96914,-1], "elbow_d": [1.96917,-1], "elbow_c": [1.96917,-1], "delbow_c": [0,0], "ddelbow_c": [0,0], "tau_J": [0.449471,42.8641,-23.2043,3.45886,-0.784176,-2.08772,0.132954], "tau_J_d": [0,0,0,0,0,0,0], "dtau_J": [-68.6228,171.202,-54.4206,26.8206,34.1587,5.40105,16.243], "q": [1.90845,-1.571,1.96914,-1.21771,-2.42658,2.68114,1.43807], "dq": [-0.000272776,-0.00254807,0.00016392,0.000355332,-0.00030576,0.000197404,0.000757295], "q_d": [1.90835,-1.57116,1.96917,-1.21784,-2.42657,2.68104,1.4381], "dq_d": [0,0,0,0,0,0,0], "ddq_d": [0,0,0,0,0,0,0], "joint_contact": [0,0,0,0,0,0,0], "cartesian_contact": [0,0,0,0,0,0], "joint_collision": [0,0,0,0,0,0,0], "cartesian_collision": [0,0,0,0,0,0], "tau_ext_hat_filtered": [0.423646,-1.17175,1.25905,-0.907193,0.592246,-0.811548,0.159304], "O_F_ext_hat_K": [3.22117,7.28107,-2.39924,-0.847314,0.419019,0.46038], "K_F_ext_hat_K": [2.50014,-1.12344,-7.8507,-0.466614,-2.16214,0.260542], "O_dP_EE_d": [0,0,0,0,0,0], "O_ddP_O": [0,0,-9.81], "O_T_EE_c": [0.00571861,0.0114408,-0.999909,0,0.847986,-0.529999,-0.00121443,0,-0.529974,-0.847918,-0.0127328,0,-0.342515,-0.772148,0.0995709,1], "O_dP_EE_c": [0,0,0,0,0,0], "O_ddP_EE_c": [0,0,0,0,0,0], "theta": [1.90848,-1.568,1.96752,-1.21747,-2.42667,2.6809,1.43808], "dtheta": [0,0,0,0,0,0,0], "current_errors": [], "last_motion_errors": [], "control_command_success_rate": 0, "robot_mode": "User stopped", "time": 6997912}