{"O_T_EE": [0.0579437,0.0284513,-0.997905,0,0.637179,-0.770557,0.0150286,0,-0.768529,-0.636727,-0.0627787,0,-0.559428,-0.637143,0.0907683,1], "O_T_EE_d": [0.0578821,0.0283131,-0.997912,0,0.637254,-0.770493,0.0151021,0,-0.768472,-0.63681,-0.0626417,0,-0.559396,-0.637206,0.0908596,1], "F_T_NE": [0.7071,-0.7071,0,0,0.7071,0.7071,0,0,0,0,1,0,0,0,0.1034,1], "NE_T_EE": [1,0,0,0,0,1,0,0,0,0,1,0,0,0,0,1], "F_T_EE": [0.7071,-0.7071,0,0,0.7071,0.7071,0,0,0,0,1,0,0,0,0.1034,1], "EE_T_K": [1,0,0,0,0,1,0,0,0,0,1,0,0,0,0,1], "m_ee": 0.73, "F_x_Cee": [-0.01,0,0.03], "I_ee": [0.001,0,0,0,0.0025,0,0,0,0.0017], "m_load": 0, "F_x_Cload": [0,0,0], "I_load": [0,0,0,0,0,0,0,0,0], "m_total": 0.73, "F_x_Ctotal": [-0.01,0,0.03], "I_total": [0.001,0,0,0,0.0025,0,0,0,0.0017], "elbow": [-1.38776,-1], "elbow_d": [-1.38782,-1], "elbow_c": [-1.38782,-1], "delbow_c": [0,0], "ddelbow_c": [0,0], "tau_J": [0.675606,-45.0152,-24.5889,-1.55976,-1.40582,-1.88722,0.132954], "tau_J_d": [0,0,0,0,0,0,0], "dtau_J": [-69.7309,-29.1562,190.158,42.3318,-7.64267,11.9856,-43.6854], "q": [-1.52805,1.75146,-1.38776,-1.10518,-2.36306,2.86677,1.64313], "dq": [-0.000235845,0.000159724,-0.00554521,-0.000953274,0.000447893,-0.000420112,0.0010036], "q_d": [-1.52798,1.75138,-1.38782,-1.10521,-2.36305,2.86671,1.64317], "dq_d": [0,0,0,0,0,0,0], "ddq_d": [0,0,0,0,0,0,0], "joint_contact": [0,0,0,0,0,0,0], "cartesian_contact": [0,0,0,0,0,0], "joint_collision": [0,0,0,0,0,0,0], "cartesian_collision": [0,0,0,0,0,0], "tau_ext_hat_filtered": [0.590376,-1.08253,-0.447009,-0.752865,0.43467,-0.938651,0.176183], "O_F_ext_hat_K": [0,0,0,0,0,0], "K_F_ext_hat_K": [0,0,0,0,0,0], "O_dP_EE_d": [0,0,0,0,0,0], "O_ddP_O": [0,0,-9.81], "O_T_EE_c": [0.0578821,0.0283131,-0.997912,0,0.637254,-0.770493,0.0151021,0,-0.768472,-0.63681,-0.0626417,0,-0.559396,-0.637206,0.0908596,1], "O_dP_EE_c": [0,0,0,0,0,0], "O_ddP_EE_c": [0,0,0,0,0,0], "theta": [-1.528,1.7483,-1.38949,-1.10528,-2.36322,2.86656,1.64314], "dtheta": [0,0,0,0,0,0,0], "current_errors": [], "last_motion_errors": ["joint_position_limits_violation"], "control_command_success_rate": 0, "robot_mode": "User stopped", "time": 2849913}