{"O_T_EE": [-0.000449311,0.00449899,-0.99998,0,-0.999482,-0.0318915,0.000305605,0,-0.0318901,0.999481,0.00451107,0,-0.199728,0.837377,0.195642,1], "O_T_EE_d": [-0.000448929,0.00464334,-0.999979,0,-0.999483,-0.0318527,0.0003008,0,-0.0318512,0.999482,0.00465533,0,-0.199719,0.83739,0.195716,1], "F_T_NE": [0.7071,-0.7071,0,0,0.7071,0.7071,0,0,0,0,1,0,0,0,0.1034,1], "NE_T_EE": [1,0,0,0,0,1,0,0,0,0,1,0,0,0,0,1], "F_T_EE": [0.7071,-0.7071,0,0,0.7071,0.7071,0,0,0,0,1,0,0,0,0.1034,1], "EE_T_K": [1,0,0,0,0,1,0,0,0,0,1,0,0,0,0,1], "m_ee": 0.73, "F_x_Cee": [-0.01,0,0.03], "I_ee": [0.001,0,0,0,0.0025,0,0,0,0.0017], "m_load": 0, "F_x_Cload": [0,0,0], "I_load": [0,0,0,0,0,0,0,0,0], "m_total": 0.73, "F_x_Ctotal": [-0.01,0,0.03], "I_total": [0.001,0,0,0,0.0025,0,0,0,0.0017], "elbow": [0.23068,-1], "elbow_d": [0.230677,-1], "elbow_c": [0.230677,-1], "delbow_c": [0,0], "ddelbow_c": [0,0], "tau_J": [0.0011678,-49.3157,4.54287,18.6417,-0.225704,-2.52809,0.0111892], "tau_J_d": [0,0,0,0,0,0,0], "dtau_J": [-5.98934,85.7714,-21.5545,76.3776,-47.0464,-32.9495,-65.679], "q": [1.66286,0.929841,0.23068,-1.35556,-2.85701,2.37783,0.388666], "dq": [0.000725109,-0.00122471,-3.55144e-05,-0.000792899,0.000864452,0.000281053,0.00223045], "q_d": [1.66286,0.929759,0.230677,-1.35558,-2.85701,2.37774,0.388662], "dq_d": [0,0,0,0,0,0,0], "ddq_d": [0,0,0,0,0,0,0], "joint_contact": [0,0,0,0,0,0,0], "cartesian_contact": [0,0,0,0,0,0], "joint_collision": [0,0,0,0,0,0,0], "cartesian_collision": [0,0,0,0,0,0], "tau_ext_hat_filtered": [0.0208394,0.677998,-0.361781,-1.09287,0.0680969,-0.993002,0.0611587], "O_F_ext_hat_K": [1.04123,-7.36576,-1.73835,1.80196,-0.0593056,-0.0299008], "K_F_ext_hat_K": [1.70475,-0.806329,-7.40299,0.628691,-1.81855,0.0233728], "O_dP_EE_d": [0,0,0,0,0,0], "O_ddP_O": [0,0,-9.81], "O_T_EE_c": [-0.000448929,0.00464334,-0.999979,0,-0.999483,-0.0318527,0.0003008,0,-0.0318512,0.999482,0.00465533,0,-0.199719,0.83739,0.195716,1], "O_dP_EE_c": [0,0,0,0,0,0], "O_ddP_EE_c": [0,0,0,0,0,0], "theta": [1.66286,0.926381,0.230998,-1.35425,-2.85704,2.37755,0.388668], "dtheta": [0,0,0,0,0,0,0], "current_errors": [], "last_motion_errors": ["joint_position_limits_violation"], "control_command_success_rate": 0, "robot_mode": "User stopped", "time": 3824299}