{"O_T_EE": [0.00572804,-0.00466668,-0.999963,0,-0.999389,0.03417,-0.00588421,0,0.0341968,0.999405,-0.00446819,0,-0.150161,0.846018,0.194674,1], "O_T_EE_d": [0.00573246,-0.00452714,-0.999964,0,-0.999386,0.0342638,-0.00588427,0,0.0342899,0.999403,-0.00432802,0,-0.150134,0.846029,0.194713,1], "F_T_NE": [0.7071,-0.7071,0,0,0.7071,0.7071,0,0,0,0,1,0,0,0,0.1034,1], "NE_T_EE": [1,0,0,0,0,1,0,0,0,0,1,0,0,0,0,1], "F_T_EE": [0.7071,-0.7071,0,0,0.7071,0.7071,0,0,0,0,1,0,0,0,0.1034,1], "EE_T_K": [1,0,0,0,0,1,0,0,0,0,1,0,0,0,0,1], "m_ee": 0.73, "F_x_Cee": [-0.01,0,0.03], "I_ee": [0.001,0,0,0,0.0025,0,0,0,0.0017], "m_load": 0, "F_x_Cload": [0,0,0], "I_load": [0,0,0,0,0,0,0,0,0], "m_total": 0.73, "F_x_Ctotal": [-0.01,0,0.03], "I_total": [0.001,0,0,0,0.0025,0,0,0,0.0017], "elbow": [0.290385,-1], "elbow_d": [0.290376,-1], "elbow_c": [0.290376,-1], "delbow_c": [0,0], "ddelbow_c": [0,0], "tau_J": [0.0765462,-50.5218,6.34401,18.6417,-0.134151,-2.66908,0.0313308], "tau_J_d": [0,0,0,0,0,0,0], "dtau_J": [30.914,1.09704,-77.6611,28.8816,-26.3263,7.85798,49.8773], "q": [1.56031,0.934094,0.290385,-1.36558,-2.85943,2.37104,0.338455], "dq": [-0.000174253,-0.000108685,0.00029681,-0.00434187,0.000527919,7.20277e-05,-0.00198024], "q_d": [1.5603,0.934058,0.290376,-1.36561,-2.85941,2.37088,0.338449], "dq_d": [0,0,0,0,0,0,0], "ddq_d": [0,0,0,0,0,0,0], "joint_contact": [0,0,0,0,0,0,0], "cartesian_contact": [0,0,0,0,0,0], "joint_collision": [0,0,0,0,0,0,0], "cartesian_collision": [0,0,0,0,0,0], "tau_ext_hat_filtered": [0.0426658,-0.911443,0.126752,-0.7963,0.123253,-1.20202,0.00492035], "O_F_ext_hat_K": [0.871926,-11.3662,0.951514,4.70918,0.291925,0.0894444], "K_F_ext_hat_K": [-0.893459,-1.2654,-11.3338,0.88938,-1.68605,0.0410887], "O_dP_EE_d": [0,0,0,0,0,0], "O_ddP_O": [0,0,-9.81], "O_T_EE_c": [0.00573246,-0.00452714,-0.999964,0,-0.999386,0.0342638,-0.00588427,0,0.0342899,0.999403,-0.00432802,0,-0.150134,0.846029,0.194713,1], "O_dP_EE_c": [0,0,0,0,0,0], "O_ddP_EE_c": [0,0,0,0,0,0], "theta": [1.56032,0.930548,0.29083,-1.36427,-2.85945,2.37074,0.338459], "dtheta": [0,0,0,0,0,0,0], "current_errors": [], "last_motion_errors": ["joint_position_limits_violation"], "control_command_success_rate": 0, "robot_mode": "User stopped", "time": 3567490}