{"O_T_EE": [-0.02309,-0.0335396,-0.999161,0,-0.908586,0.417616,0.00697841,0,0.417039,0.908003,-0.0401171,0,0.198579,0.825604,0.197009,1], "O_T_EE_d": [-0.0230924,-0.0335456,-0.999161,0,-0.908566,0.41766,0.00697619,0,0.417084,0.907982,-0.0401239,0,0.198578,0.825573,0.196978,1], "F_T_NE": [0.7071,-0.7071,0,0,0.7071,0.7071,0,0,0,0,1,0,0,0,0.1034,1], "NE_T_EE": [1,0,0,0,0,1,0,0,0,0,1,0,0,0,0,1], "F_T_EE": [0.7071,-0.7071,0,0,0.7071,0.7071,0,0,0,0,1,0,0,0,0.1034,1], "EE_T_K": [1,0,0,0,0,1,0,0,0,0,1,0,0,0,0,1], "m_ee": 0.73, "F_x_Cee": [-0.01,0,0.03], "I_ee": [0.001,0,0,0,0.0025,0,0,0,0.0017], "m_load": 0, "F_x_Cload": [0,0,0], "I_load": [0,0,0,0,0,0,0,0,0], "m_total": 0.73, "F_x_Ctotal": [-0.01,0,0.03], "I_total": [0.001,0,0,0,0.0025,0,0,0,0.0017], "elbow": [0.349375,-1], "elbow_d": [0.349383,-1], "elbow_c": [0.349383,-1], "delbow_c": [0,0], "ddelbow_c": [0,0], "tau_J": [-0.0742106,-48.4866,7.16921,17.9871,-0.0435142,-2.51802,0.071614], "tau_J_d": [0,0,0,0,0,0,0], "dtau_J": [39.7763,63.9099,-21.6154,148.319,10.9918,-28.9635,62.7793], "q": [1.09313,0.902466,0.349375,-1.4184,-2.87567,2.39602,0.325651], "dq": [0.00079332,-0.000666497,0.00155957,-0.00287335,-6.51468e-05,-5.93442e-06,0.000444336], "q_d": [1.09311,0.902426,0.349383,-1.41856,-2.87564,2.39589,0.325656], "dq_d": [0,0,0,0,0,0,0], "ddq_d": [0,0,0,0,0,0,0], "joint_contact": [0,0,0,0,0,0,0], "cartesian_contact": [0,0,0,0,0,0], "joint_collision": [0,0,0,0,0,0,0], "cartesian_collision": [0,0,0,0,0,0], "tau_ext_hat_filtered": [-0.11716,-0.0512161,-0.247744,-1.00115,0.149145,-1.16312,0.0783418], "O_F_ext_hat_K": [-3.09355,-8.76894,-0.688436,2.87466,-1.22583,-0.129276], "K_F_ext_hat_K": [1.05342,-0.85611,-9.22474,0.92684,-1.87981,0.069407], "O_dP_EE_d": [0,0,0,0,0,0], "O_ddP_O": [0,0,-9.81], "O_T_EE_c": [-0.0230924,-0.0335456,-0.999161,0,-0.908566,0.41766,0.00697619,0,0.417084,0.907982,-0.0401239,0,0.198578,0.825573,0.196978,1], "O_dP_EE_c": [0,0,0,0,0,0], "O_ddP_EE_c": [0,0,0,0,0,0], "theta": [1.09313,0.899063,0.349879,-1.41714,-2.87567,2.39574,0.325659], "dtheta": [0,0,0,0,0,0,0], "current_errors": [], "last_motion_errors": ["joint_position_limits_violation"], "control_command_success_rate": 0, "robot_mode": "User stopped", "time": 4195569}