{"O_T_EE": [-0.00172994,-0.0148776,-0.999878,0,-0.757871,0.652336,-0.00839514,0,0.652394,0.757779,-0.012404,0,0.424114,0.727033,0.197434,1], "O_T_EE_d": [-0.00161407,-0.0147599,-0.99988,0,-0.75787,0.652336,-0.00840617,0,0.652395,0.757781,-0.0122392,0,0.424138,0.72703,0.197505,1], "F_T_NE": [0.7071,-0.7071,0,0,0.7071,0.7071,0,0,0,0,1,0,0,0,0.1034,1], "NE_T_EE": [1,0,0,0,0,1,0,0,0,0,1,0,0,0,0,1], "F_T_EE": [0.7071,-0.7071,0,0,0.7071,0.7071,0,0,0,0,1,0,0,0,0.1034,1], "EE_T_K": [1,0,0,0,0,1,0,0,0,0,1,0,0,0,0,1], "m_ee": 0.73, "F_x_Cee": [-0.01,0,0.03], "I_ee": [0.001,0,0,0,0.0025,0,0,0,0.0017], "m_load": 0, "F_x_Cload": [0,0,0], "I_load": [0,0,0,0,0,0,0,0,0], "m_total": 0.73, "F_x_Ctotal": [-0.01,0,0.03], "I_total": [0.001,0,0,0,0.0025,0,0,0,0.0017], "elbow": [-0.897931,-1], "elbow_d": [-0.898019,-1], "elbow_c": [-0.898019,-1], "delbow_c": [0,0], "ddelbow_c": [0,0], "tau_J": [-0.185295,-43.7734,-19.6774,12.3932,-0.555294,-2.47865,0.102742], "tau_J_d": [0,0,0,0,0,0,0], "dtau_J": [98.2577,53.8893,-82.9829,4.59696,24.0667,13.2433,-85.1728], "q": [1.71637,1.13379,-0.897931,-1.37515,-2.62067,2.62648,1.13815], "dq": [-0.000598142,-0.000673098,0.00106869,0.000466533,-0.000389987,-0.00020488,0.00252444], "q_d": [1.71641,1.13376,-0.898019,-1.37521,-2.62066,2.62636,1.13817], "dq_d": [0,0,0,0,0,0,0], "ddq_d": [0,0,0,0,0,0,0], "joint_contact": [0,0,0,0,0,0,0], "cartesian_contact": [0,0,0,0,0,0], "joint_collision": [0,0,0,0,0,0,0], "cartesian_collision": [0,0,0,0,0,0], "tau_ext_hat_filtered": [-0.17073,0.744976,0.341475,-1.06771,0.497015,-0.97976,0.173602], "O_F_ext_hat_K": [-2.75118,-5.46392,-2.6275,0.982632,-0.674902,-0.130742], "K_F_ext_hat_K": [2.71328,-1.45724,-5.9027,-0.170983,-2.18938,0.236969], "O_dP_EE_d": [0,0,0,0,0,0], "O_ddP_O": [0,0,-9.81], "O_T_EE_c": [-0.00161407,-0.0147599,-0.99988,0,-0.75787,0.652336,-0.00840617,0,0.652395,0.757781,-0.0122392,0,0.424138,0.72703,0.197505,1], "O_dP_EE_c": [0,0,0,0,0,0], "O_ddP_EE_c": [0,0,0,0,0,0], "theta": [1.71636,1.13072,-0.899312,-1.37428,-2.62073,2.6262,1.13816], "dtheta": [0,0,0,0,0,0,0], "current_errors": [], "last_motion_errors": [], "control_command_success_rate": 0, "robot_mode": "User stopped", "time": 9046152}