{"O_T_EE": [-0.00665338,-0.0404294,-0.999151,0,-0.65926,0.751452,-0.0260165,0,0.75188,0.65854,-0.0316538,0,0.505858,0.669994,0.197224,1], "O_T_EE_d": [-0.00651474,-0.0402723,-0.999158,0,-0.659304,0.751414,-0.0259879,0,0.751842,0.658593,-0.0314476,0,0.50586,0.670024,0.197336,1], "F_T_NE": [0.7071,-0.7071,0,0,0.7071,0.7071,0,0,0,0,1,0,0,0,0.1034,1], "NE_T_EE": [1,0,0,0,0,1,0,0,0,0,1,0,0,0,0,1], "F_T_EE": [0.7071,-0.7071,0,0,0.7071,0.7071,0,0,0,0,1,0,0,0,0.1034,1], "EE_T_K": [1,0,0,0,0,1,0,0,0,0,1,0,0,0,0,1], "m_ee": 0.73, "F_x_Cee": [-0.01,0,0.03], "I_ee": [0.001,0,0,0,0.0025,0,0,0,0.0017], "m_load": 0, "F_x_Cload": [0,0,0], "I_load": [0,0,0,0,0,0,0,0,0], "m_total": 0.73, "F_x_Ctotal": [-0.01,0,0.03], "I_total": [0.001,0,0,0,0.0025,0,0,0,0.0017], "elbow": [-1.10669,-1], "elbow_d": [-1.10678,-1], "elbow_c": [-1.10678,-1], "delbow_c": [0,0], "ddelbow_c": [0,0], "tau_J": [0.0765462,-43.2458,-23.3908,8.63616,-0.793331,-2.37794,0.071614], "tau_J_d": [0,0,0,0,0,0,0], "dtau_J": [-43.7415,41.9754,77.8824,-77.7138,38.2623,5.24043,-41.9864], "q": [1.70105,1.29143,-1.10669,-1.33499,-2.56221,2.75216,1.30352], "dq": [-8.79211e-05,5.13103e-05,-0.000713092,-0.00367321,-0.000476517,0.000126248,0.000641384], "q_d": [1.7011,1.29136,-1.10678,-1.335,-2.5622,2.75205,1.30355], "dq_d": [0,0,0,0,0,0,0], "ddq_d": [0,0,0,0,0,0,0], "joint_contact": [0,0,0,0,0,0,0], "cartesian_contact": [0,0,0,0,0,0], "joint_collision": [0,0,0,0,0,0,0], "cartesian_collision": [0,0,0,0,0,0], "tau_ext_hat_filtered": [0.100014,0.036248,0.319508,-0.694896,0.604678,-1.04972,0.101681], "O_F_ext_hat_K": [-3.49629,-4.89332,-1.80416,1.4044,-1.12736,0.184315], "K_F_ext_hat_K": [2.02376,-1.32521,-5.79413,-0.273267,-2.10964,0.339808], "O_dP_EE_d": [0,0,0,0,0,0], "O_ddP_O": [0,0,-9.81], "O_T_EE_c": [-0.00651474,-0.0402723,-0.999158,0,-0.659304,0.751414,-0.0259879,0,0.751842,0.658593,-0.0314476,0,0.50586,0.670024,0.197336,1], "O_dP_EE_c": [0,0,0,0,0,0], "O_ddP_EE_c": [0,0,0,0,0,0], "theta": [1.70106,1.2884,-1.10833,-1.33438,-2.56229,2.7519,1.30353], "dtheta": [0,0,0,0,0,0,0], "current_errors": [], "last_motion_errors": [], "control_command_success_rate": 0, "robot_mode": "User stopped", "time": 9081711}