{"O_T_EE": [-0.0130145,-0.0075783,-0.999877,0,-0.165292,0.986221,-0.00532333,0,0.986159,0.165206,-0.0140881,0,0.78463,0.276215,0.194297,1], "O_T_EE_d": [-0.0129624,-0.00751988,-0.999878,0,-0.165457,0.986193,-0.00527199,0,0.986132,0.165372,-0.0140279,0,0.784668,0.276172,0.194269,1], "F_T_NE": [0.7071,-0.7071,0,0,0.7071,0.7071,0,0,0,0,1,0,0,0,0.1034,1], "NE_T_EE": [1,0,0,0,0,1,0,0,0,0,1,0,0,0,0,1], "F_T_EE": [0.7071,-0.7071,0,0,0.7071,0.7071,0,0,0,0,1,0,0,0,0.1034,1], "EE_T_K": [1,0,0,0,0,1,0,0,0,0,1,0,0,0,0,1], "m_ee": 0.73, "F_x_Cee": [-0.01,0,0.03], "I_ee": [0.001,0,0,0,0.0025,0,0,0,0.0017], "m_load": 0, "F_x_Cload": [0,0,0], "I_load": [0,0,0,0,0,0,0,0,0], "m_total": 0.73, "F_x_Ctotal": [-0.01,0,0.03], "I_total": [0.001,0,0,0,0.0025,0,0,0,0.0017], "elbow": [-1.52345,-1], "elbow_d": [-1.5234,-1], "elbow_c": [-1.5234,-1], "delbow_c": [0,0], "ddelbow_c": [0,0], "tau_J": [-0.260673,-41.5121,-26.9534,-4.09089,-1.78942,-1.76729,0.174153], "tau_J_d": [0,0,0,0,0,0,0], "dtau_J": [52.6752,132.751,9.70241,40.8709,9.004,-27.2139,192.386], "q": [1.24263,1.74627,-1.52345,-1.29693,-2.66682,2.89745,2.0205], "dq": [-0.000577946,-0.000221999,-0.000743415,0.000921426,-0.000480766,6.92471e-05,-0.00292806], "q_d": [1.24255,1.74632,-1.5234,-1.29699,-2.66679,2.89711,2.02055], "dq_d": [0,0,0,0,0,0,0], "ddq_d": [0,0,0,0,0,0,0], "joint_contact": [0,0,0,0,0,0,0], "cartesian_contact": [0,0,0,0,0,0], "joint_collision": [0,0,0,0,0,0,0], "cartesian_collision": [0,0,0,0,0,0], "tau_ext_hat_filtered": [-0.299623,-0.662041,-0.102616,-0.975122,0.230778,-1.25783,0.10094], "O_F_ext_hat_K": [-6.2299,-6.25178,2.12875,2.33611,-2.56936,-0.302094], "K_F_ext_hat_K": [-2.00007,-5.14731,-7.20649,-2.89147,0.203549,0.536861], "O_dP_EE_d": [0,0,0,0,0,0], "O_ddP_O": [0,0,-9.81], "O_T_EE_c": [-0.0129624,-0.00751988,-0.999878,0,-0.165457,0.986193,-0.00527199,0,0.986132,0.165372,-0.0140279,0,0.784668,0.276172,0.194269,1], "O_dP_EE_c": [0,0,0,0,0,0], "O_ddP_EE_c": [0,0,0,0,0,0], "theta": [1.24261,1.74336,-1.52535,-1.29722,-2.66702,2.89725,2.02052], "dtheta": [0,0,0,0,0,0,0], "current_errors": [], "last_motion_errors": [], "control_command_success_rate": 0, "robot_mode": "User stopped", "time": 9691876}