{"O_T_EE": [-0.0311832,-0.00835211,-0.999469,0,0.199747,0.979732,-0.0144192,0,0.979351,-0.200095,-0.0288835,0,0.831901,-0.0198772,0.196107,1], "O_T_EE_d": [-0.0310032,-0.00828883,-0.999475,0,0.199738,0.979735,-0.0143209,0,0.979358,-0.200081,-0.0287198,0,0.83191,-0.0198547,0.196168,1], "F_T_NE": [0.7071,-0.7071,0,0,0.7071,0.7071,0,0,0,0,1,0,0,0,0.1034,1], "NE_T_EE": [1,0,0,0,0,1,0,0,0,0,1,0,0,0,0,1], "F_T_EE": [0.7071,-0.7071,0,0,0.7071,0.7071,0,0,0,0,1,0,0,0,0.1034,1], "EE_T_K": [1,0,0,0,0,1,0,0,0,0,1,0,0,0,0,1], "m_ee": 0.73, "F_x_Cee": [-0.01,0,0.03], "I_ee": [0.001,0,0,0,0.0025,0,0,0,0.0017], "m_load": 0, "F_x_Cload": [0,0,0], "I_load": [0,0,0,0,0,0,0,0,0], "m_total": 0.73, "F_x_Ctotal": [-0.01,0,0.03], "I_total": [0.001,0,0,0,0.0025,0,0,0,0.0017], "elbow": [-0.818025,-1], "elbow_d": [-0.818051,-1], "elbow_c": [-0.818051,-1], "delbow_c": [0,0], "ddelbow_c": [0,0], "tau_J": [0.78669,-44.9041,-18.027,14.0793,-0.40881,-2.59859,0.0514724], "tau_J_d": [0,0,0,0,0,0,0], "dtau_J": [-149.323,34.1852,-17.1158,69.1715,-74.4294,29.8165,1.32116], "q": [0.621788,1.05465,-0.818025,-1.43662,-2.67006,2.58981,1.08331], "dq": [0.00151758,-0.000138511,0.000564489,-0.00036486,0.00093527,-0.000299443,0.000359519], "q_d": [0.621844,1.05459,-0.818051,-1.43667,-2.66998,2.58967,1.08332], "dq_d": [0,0,0,0,0,0,0], "ddq_d": [0,0,0,0,0,0,0], "joint_contact": [0,0,0,0,0,0,0], "cartesian_contact": [0,0,0,0,0,0], "joint_collision": [0,0,0,0,0,0,0], "cartesian_collision": [0,0,0,0,0,0], "tau_ext_hat_filtered": [0.864887,-0.747109,0.214831,-0.687885,0.574931,-1.11554,0.0563995], "O_F_ext_hat_K": [-10.0564,1.57915,0.00648532,-0.554168,-4.16079,0.97148], "K_F_ext_hat_K": [0.293926,-0.461699,-10.1649,0.168079,-2.18585,0.201658], "O_dP_EE_d": [0,0,0,0,0,0], "O_ddP_O": [0,0,-9.81], "O_T_EE_c": [-0.0310032,-0.00828883,-0.999475,0,0.199738,0.979735,-0.0143209,0,0.979358,-0.200081,-0.0287198,0,0.83191,-0.0198547,0.196168,1], "O_dP_EE_c": [0,0,0,0,0,0], "O_ddP_EE_c": [0,0,0,0,0,0], "theta": [0.621844,1.0515,-0.81929,-1.43563,-2.6701,2.58952,1.08331], "dtheta": [0,0,0,0,0,0,0], "current_errors": [], "last_motion_errors": ["cartesian_reflex"], "control_command_success_rate": 0, "robot_mode": "User stopped", "time": 1172897}