{"O_T_EE": [-0.0189444,-0.0201123,-0.999609,0,0.155777,0.987519,-0.0228213,0,0.98761,-0.156151,-0.0155753,0,0.830667,0.0313902,0.194297,1], "O_T_EE_d": [-0.0188338,-0.0200943,-0.999611,0,0.15581,0.987514,-0.0227868,0,0.987607,-0.156182,-0.0154681,0,0.830663,0.0312956,0.194315,1], "F_T_NE": [0.7071,-0.7071,0,0,0.7071,0.7071,0,0,0,0,1,0,0,0,0.1034,1], "NE_T_EE": [1,0,0,0,0,1,0,0,0,0,1,0,0,0,0,1], "F_T_EE": [0.7071,-0.7071,0,0,0.7071,0.7071,0,0,0,0,1,0,0,0,0.1034,1], "EE_T_K": [1,0,0,0,0,1,0,0,0,0,1,0,0,0,0,1], "m_ee": 0.73, "F_x_Cee": [-0.01,0,0.03], "I_ee": [0.001,0,0,0,0.0025,0,0,0,0.0017], "m_load": 0, "F_x_Cload": [0,0,0], "I_load": [0,0,0,0,0,0,0,0,0], "m_total": 0.73, "F_x_Ctotal": [-0.01,0,0.03], "I_total": [0.001,0,0,0,0.0025,0,0,0,0.0017], "elbow": [-1.40291,-1], "elbow_d": [-1.4029,-1], "elbow_c": [-1.4029,-1], "delbow_c": [0,0], "ddelbow_c": [0,0], "tau_J": [-0.482841,-41.5121,-26.9534,0.201715,-1.46075,-2.14815,0.02126], "tau_J_d": [0,0,0,0,0,0,0], "dtau_J": [-69.5601,115.744,116.901,-53.6276,-5.37795,-3.62283,-93.773], "q": [0.931313,1.59903,-1.40291,-1.32178,-2.58648,2.86176,1.74237], "dq": [0.00108519,-0.000945963,-0.00634809,0.000517701,-0.000357506,0.000116106,0.00185287], "q_d": [0.93127,1.59903,-1.4029,-1.32193,-2.58646,2.86156,1.7424], "dq_d": [0,0,0,0,0,0,0], "ddq_d": [0,0,0,0,0,0,0], "joint_contact": [0,0,0,0,0,0,0], "cartesian_contact": [0,0,0,0,0,0], "joint_collision": [0,0,0,0,0,0,0], "cartesian_collision": [0,0,0,0,0,0], "tau_ext_hat_filtered": [-0.452867,-0.351764,0.0463614,-0.687429,0.44355,-1.26526,0.0751219], "O_F_ext_hat_K": [-4.91242,-3.01516,-0.300458,0.928529,-1.84896,-0.420968], "K_F_ext_hat_K": [0.454054,-3.73598,-4.37606,-1.91238,-1.11902,0.496357], "O_dP_EE_d": [0,0,0,0,0,0], "O_ddP_O": [0,0,-9.81], "O_T_EE_c": [-0.0188338,-0.0200943,-0.999611,0,0.15581,0.987514,-0.0227868,0,0.987607,-0.156182,-0.0154681,0,0.830663,0.0312956,0.194315,1], "O_dP_EE_c": [0,0,0,0,0,0], "O_ddP_EE_c": [0,0,0,0,0,0], "theta": [0.93128,1.59612,-1.4048,-1.32176,-2.58664,2.86153,1.74237], "dtheta": [0,0,0,0,0,0,0], "current_errors": [], "last_motion_errors": [], "control_command_success_rate": 0, "robot_mode": "User stopped", "time": 1428291}