{"O_T_EE": [-0.018449,-0.0203021,-0.999614,0,0.089481,0.995739,-0.0218748,0,0.995818,-0.0898517,-0.0165541,0,0.827773,0.0816233,0.19465,1], "O_T_EE_d": [-0.018375,-0.020235,-0.999617,0,0.0895206,0.995737,-0.0218021,0,0.995815,-0.0898886,-0.0164855,0,0.827776,0.0815675,0.194653,1], "F_T_NE": [0.7071,-0.7071,0,0,0.7071,0.7071,0,0,0,0,1,0,0,0,0.1034,1], "NE_T_EE": [1,0,0,0,0,1,0,0,0,0,1,0,0,0,0,1], "F_T_EE": [0.7071,-0.7071,0,0,0.7071,0.7071,0,0,0,0,1,0,0,0,0.1034,1], "EE_T_K": [1,0,0,0,0,1,0,0,0,0,1,0,0,0,0,1], "m_ee": 0.73, "F_x_Cee": [-0.01,0,0.03], "I_ee": [0.001,0,0,0,0.0025,0,0,0,0.0017], "m_load": 0, "F_x_Cload": [0,0,0], "I_load": [0,0,0,0,0,0,0,0,0], "m_total": 0.73, "F_x_Ctotal": [-0.01,0,0.03], "I_total": [0.001,0,0,0,0.0025,0,0,0,0.0017], "elbow": [-1.30577,-1], "elbow_d": [-1.30576,-1], "elbow_c": [-1.30576,-1], "delbow_c": [0,0], "ddelbow_c": [0,0], "tau_J": [-0.260673,-41.3216,-26.0925,3.078,-1.01214,-2.05751,0.102742], "tau_J_d": [0,0,0,0,0,0,0], "dtau_J": [127.369,-129.71,129.703,14.8545,8.02156,5.30268,38.2057], "q": [0.973323,1.49094,-1.30577,-1.34864,-2.58504,2.80282,1.60471], "dq": [-0.000917698,0.00204673,-0.000858412,-0.00117663,0.00109262,-0.000242099,-0.00152269], "q_d": [0.97328,1.49094,-1.30576,-1.34871,-2.58498,2.80271,1.60473], "dq_d": [0,0,0,0,0,0,0], "ddq_d": [0,0,0,0,0,0,0], "joint_contact": [0,0,0,0,0,0,0], "cartesian_contact": [0,0,0,0,0,0], "joint_collision": [0,0,0,0,0,0,0], "cartesian_collision": [0,0,0,0,0,0], "tau_ext_hat_filtered": [-0.323737,0.19771,0.605751,-0.737351,0.715985,-0.997164,0.0971343], "O_F_ext_hat_K": [-4.2521,-1.77417,-2.30702,0.44075,-0.833296,-0.268046], "K_F_ext_hat_K": [2.42064,-2.09667,-4.03671,-0.819542,-1.90049,0.440493], "O_dP_EE_d": [0,0,0,0,0,0], "O_ddP_O": [0,0,-9.81], "O_T_EE_c": [-0.018375,-0.020235,-0.999617,0,0.0895206,0.995737,-0.0218021,0,0.995815,-0.0898886,-0.0164855,0,0.827776,0.0815675,0.194653,1], "O_dP_EE_c": [0,0,0,0,0,0], "O_ddP_EE_c": [0,0,0,0,0,0], "theta": [0.973305,1.48804,-1.3076,-1.34843,-2.58516,2.80259,1.60472], "dtheta": [0,0,0,0,0,0,0], "current_errors": [], "last_motion_errors": [], "control_command_success_rate": 0, "robot_mode": "User stopped", "time": 1396109}