{"O_T_EE": [-0.0293089,-0.0197579,-0.999365,0,-0.0265223,0.999458,-0.0189819,0,0.999218,0.0259496,-0.0298176,0,0.811972,0.180707,0.195324,1], "O_T_EE_d": [-0.0294282,-0.0196945,-0.999363,0,-0.02634,0.999464,-0.0189208,0,0.99922,0.025767,-0.0299318,0,0.811901,0.180635,0.195253,1], "F_T_NE": [0.7071,-0.7071,0,0,0.7071,0.7071,0,0,0,0,1,0,0,0,0.1034,1], "NE_T_EE": [1,0,0,0,0,1,0,0,0,0,1,0,0,0,0,1], "F_T_EE": [0.7071,-0.7071,0,0,0.7071,0.7071,0,0,0,0,1,0,0,0,0.1034,1], "EE_T_K": [1,0,0,0,0,1,0,0,0,0,1,0,0,0,0,1], "m_ee": 0.73, "F_x_Cee": [-0.01,0,0.03], "I_ee": [0.001,0,0,0,0.0025,0,0,0,0.0017], "m_load": 0, "F_x_Cload": [0,0,0], "I_load": [0,0,0,0,0,0,0,0,0], "m_total": 0.73, "F_x_Ctotal": [-0.01,0,0.03], "I_total": [0.001,0,0,0,0.0025,0,0,0,0.0017], "elbow": [-1.2067,-1], "elbow_d": [-1.20667,-1], "elbow_c": [-1.20667,-1], "delbow_c": [0,0], "ddelbow_c": [0,0], "tau_J": [0.524849,-41.8493,-25.0769,5.26397,-0.911434,-1.89729,0.112813], "tau_J_d": [0,0,0,0,0,0,0], "dtau_J": [28.0548,107.346,-71,-65.2026,-32.3211,-30.3471,86.0331], "q": [1.06161,1.38094,-1.2067,-1.36422,-2.59494,2.76964,1.47519], "dq": [0.000156314,-0.000589971,1.66745e-05,0.000854236,-0.00195016,0.000373677,-0.00248315], "q_d": [1.06178,1.38092,-1.20667,-1.36459,-2.59487,2.76963,1.47524], "dq_d": [0,0,0,0,0,0,0], "ddq_d": [0,0,0,0,0,0,0], "joint_contact": [0,0,0,0,0,0,0], "cartesian_contact": [0,0,0,0,0,0], "joint_collision": [0,0,0,0,0,0,0], "cartesian_collision": [0,0,0,0,0,0], "tau_ext_hat_filtered": [0.399663,0.0846627,0.501555,-1.51491,0.675635,-0.707677,0.0744268], "O_F_ext_hat_K": [-10.6242,-2.58798,-1.31798,0.702807,-3.21091,0.471677], "K_F_ext_hat_K": [1.6797,-2.27982,-10.6438,-0.621977,-2.22875,0.358422], "O_dP_EE_d": [0,0,0,0,0,0], "O_ddP_O": [0,0,-9.81], "O_T_EE_c": [-0.0294282,-0.0196945,-0.999363,0,-0.02634,0.999464,-0.0189208,0,0.99922,0.025767,-0.0299318,0,0.811901,0.180635,0.195253,1], "O_dP_EE_c": [0,0,0,0,0,0], "O_ddP_EE_c": [0,0,0,0,0,0], "theta": [1.06165,1.378,-1.20846,-1.36385,-2.59504,2.76943,1.4752], "dtheta": [0,0,0,0,0,0,0], "current_errors": [], "last_motion_errors": [], "control_command_success_rate": 0, "robot_mode": "User stopped", "time": 1376140}