{"O_T_EE": [-0.0219726,-0.019932,-0.99955,0,0.41459,0.909589,-0.0272518,0,0.909741,-0.415011,-0.0117227,0,0.8039,-0.217379,0.194003,1], "O_T_EE_d": [-0.0218461,-0.0199939,-0.999552,0,0.414606,0.909582,-0.0272559,0,0.909737,-0.415024,-0.0115814,0,0.803858,-0.21751,0.194028,1], "F_T_NE": [0.7071,-0.7071,0,0,0.7071,0.7071,0,0,0,0,1,0,0,0,0.1034,1], "NE_T_EE": [1,0,0,0,0,1,0,0,0,0,1,0,0,0,0,1], "F_T_EE": [0.7071,-0.7071,0,0,0.7071,0.7071,0,0,0,0,1,0,0,0,0.1034,1], "EE_T_K": [1,0,0,0,0,1,0,0,0,0,1,0,0,0,0,1], "m_ee": 0.73, "F_x_Cee": [-0.01,0,0.03], "I_ee": [0.001,0,0,0,0.0025,0,0,0,0.0017], "m_load": 0, "F_x_Cload": [0,0,0], "I_load": [0,0,0,0,0,0,0,0,0], "m_total": 0.73, "F_x_Ctotal": [-0.01,0,0.03], "I_total": [0.001,0,0,0,0.0025,0,0,0,0.0017], "elbow": [-1.43425,-1], "elbow_d": [-1.43426,-1], "elbow_c": [-1.43426,-1], "delbow_c": [0,0], "ddelbow_c": [0,0], "tau_J": [-0.296379,-41.0598,-26.9891,-0.948798,-1.64294,-2.11793,0.112813], "tau_J_d": [0,0,0,0,0,0,0], "dtau_J": [-32.5206,-209.597,-78.1164,-139.555,8.79185,29.5402,93.9476], "q": [0.634988,1.64524,-1.43425,-1.32363,-2.63829,2.8402,1.84305], "dq": [0.000595939,0.000695029,0.00110482,0.000408449,0.0049135,-0.00060804,-0.0017893], "q_d": [0.634911,1.64527,-1.43426,-1.32384,-2.63828,2.83989,1.84309], "dq_d": [0,0,0,0,0,0,0], "ddq_d": [0,0,0,0,0,0,0], "joint_contact": [0,0,0,0,0,0,0], "cartesian_contact": [0,0,0,0,0,0], "joint_collision": [0,0,0,0,0,0,0], "cartesian_collision": [0,0,0,0,0,0], "tau_ext_hat_filtered": [-0.253621,-0.0603513,0.331716,-0.616002,0.254921,-1.39097,0.0976708], "O_F_ext_hat_K": [-6.93113,-1.65341,-0.0201946,0.517917,-2.09709,-0.231995], "K_F_ext_hat_K": [0.20544,-4.37704,-5.61912,-2.59167,-0.690249,0.463842], "O_dP_EE_d": [0,0,0,0,0,0], "O_ddP_O": [0,0,-9.81], "O_T_EE_c": [-0.0218461,-0.0199939,-0.999552,0,0.414606,0.909582,-0.0272559,0,0.909737,-0.415024,-0.0115814,0,0.803858,-0.21751,0.194028,1], "O_dP_EE_c": [0,0,0,0,0,0], "O_ddP_EE_c": [0,0,0,0,0,0], "theta": [0.634966,1.64236,-1.43615,-1.32369,-2.63847,2.83996,1.84306], "dtheta": [0,0,0,0,0,0,0], "current_errors": [], "last_motion_errors": [], "control_command_success_rate": 0, "robot_mode": "User stopped", "time": 1648439}