{"O_T_EE": [-0.0191542,0.0118461,-0.999737,0,0.513359,0.858163,0.000333005,0,0.857957,-0.513227,-0.0225191,0,0.771916,-0.313086,0.193923,1], "O_T_EE_d": [-0.0189956,0.0117138,-0.999741,0,0.513433,0.858118,0.000298908,0,0.857916,-0.513305,-0.0223151,0,0.771869,-0.313201,0.194034,1], "F_T_NE": [0.7071,-0.7071,0,0,0.7071,0.7071,0,0,0,0,1,0,0,0,0.1034,1], "NE_T_EE": [1,0,0,0,0,1,0,0,0,0,1,0,0,0,0,1], "F_T_EE": [0.7071,-0.7071,0,0,0.7071,0.7071,0,0,0,0,1,0,0,0,0.1034,1], "EE_T_K": [1,0,0,0,0,1,0,0,0,0,1,0,0,0,0,1], "m_ee": 0.73, "F_x_Cee": [-0.01,0,0.03], "I_ee": [0.001,0,0,0,0.0025,0,0,0,0.0017], "m_load": 0, "F_x_Cload": [0,0,0], "I_load": [0,0,0,0,0,0,0,0,0], "m_total": 0.73, "F_x_Ctotal": [-0.01,0,0.03], "I_total": [0.001,0,0,0,0.0025,0,0,0,0.0017], "elbow": [-1.32891,-1], "elbow_d": [-1.32906,-1], "elbow_c": [-1.32906,-1], "delbow_c": [0,0], "ddelbow_c": [0,0], "tau_J": [-0.185295,-41.4367,-26.9137,1.92748,-1.37835,-2.04744,0.153096], "tau_J_d": [0,0,0,0,0,0,0], "dtau_J": [-6.18249,-88.9584,-91.9669,101.499,22.1896,6.41563,24.882], "q": [0.496505,1.52588,-1.32891,-1.35048,-2.6619,2.78313,1.74069], "dq": [0.000696365,-0.000621102,0.000811409,0.00068073,-0.000147831,-8.24675e-05,-0.00119704], "q_d": [0.496463,1.52585,-1.32906,-1.35066,-2.66189,2.78297,1.74073], "dq_d": [0,0,0,0,0,0,0], "ddq_d": [0,0,0,0,0,0,0], "joint_contact": [0,0,0,0,0,0,0], "cartesian_contact": [0,0,0,0,0,0], "joint_collision": [0,0,0,0,0,0,0], "cartesian_collision": [0,0,0,0,0,0], "tau_ext_hat_filtered": [-0.156527,-0.241198,0.156279,-0.999767,0.362574,-1.15881,0.109723], "O_F_ext_hat_K": [-8.58903,0.633488,-0.124469,-0.274713,-2.87818,-0.104841], "K_F_ext_hat_K": [0.296462,-3.86573,-7.69135,-2.10662,-1.22036,0.460723], "O_dP_EE_d": [0,0,0,0,0,0], "O_ddP_O": [0,0,-9.81], "O_T_EE_c": [-0.0189956,0.0117138,-0.999741,0,0.513433,0.858118,0.000298908,0,0.857916,-0.513305,-0.0223151,0,0.771869,-0.313201,0.194034,1], "O_dP_EE_c": [0,0,0,0,0,0], "O_ddP_EE_c": [0,0,0,0,0,0], "theta": [0.496492,1.52297,-1.3308,-1.35035,-2.66205,2.7829,1.74071], "dtheta": [0,0,0,0.012647,0,0,0], "current_errors": [], "last_motion_errors": [], "control_command_success_rate": 0, "robot_mode": "User stopped", "time": 9901859}