{"O_T_EE": [-0.0461377,0.0300429,-0.998474,0,0.71419,0.699836,-0.0119442,0,0.698422,-0.713665,-0.0537462,0,0.676644,-0.492596,0.195149,1], "O_T_EE_d": [-0.046057,0.0299631,-0.99848,0,0.714248,0.699777,-0.0119467,0,0.698369,-0.713726,-0.0536318,0,0.676621,-0.492622,0.195191,1], "F_T_NE": [0.7071,-0.7071,0,0,0.7071,0.7071,0,0,0,0,1,0,0,0,0.1034,1], "NE_T_EE": [1,0,0,0,0,1,0,0,0,0,1,0,0,0,0,1], "F_T_EE": [0.7071,-0.7071,0,0,0.7071,0.7071,0,0,0,0,1,0,0,0,0.1034,1], "EE_T_K": [1,0,0,0,0,1,0,0,0,0,1,0,0,0,0,1], "m_ee": 0.73, "F_x_Cee": [-0.01,0,0.03], "I_ee": [0.001,0,0,0,0.0025,0,0,0,0.0017], "m_load": 0, "F_x_Cload": [0,0,0], "I_load": [0,0,0,0,0,0,0,0,0], "m_total": 0.73, "F_x_Ctotal": [-0.01,0,0.03], "I_total": [0.001,0,0,0,0.0025,0,0,0,0.0017], "elbow": [0.160753,-1], "elbow_d": [0.16074,-1], "elbow_c": [0.16074,-1], "delbow_c": [0,0], "ddelbow_c": [0,0], "tau_J": [0.413765,-48.6373,3.53121,17.9871,-0.0892906,-2.28822,0.071614], "tau_J_d": [0,0,0,0,0,0,0], "dtau_J": [-44.4817,38.9322,-6.89592,-123.431,-9.763,-18.745,100.529], "q": [-0.734176,0.837397,0.160753,-1.47233,-2.8731,2.42488,0.457253], "dq": [0.00051106,-0.00013939,0.0003237,0.00447968,0.000197447,0.000199954,-0.00148949], "q_d": [-0.734197,0.837319,0.16074,-1.47241,-2.87307,2.42475,0.45725], "dq_d": [0,0,0,0,0,0,0], "ddq_d": [0,0,0,0,0,0,0], "joint_contact": [0,0,0,0,0,0,0], "cartesian_contact": [0,0,0,0,0,0], "joint_collision": [0,0,0,0,0,0,0], "cartesian_collision": [0,0,0,0,0,0], "tau_ext_hat_filtered": [0.426343,-0.116936,0.299621,-1.5305,0.211169,-0.83892,0.0104518], "O_F_ext_hat_K": [-8.00338,7.73168,-0.12557,-2.71292,-2.70534,0.46252], "K_F_ext_hat_K": [0.726932,-0.303534,-11.1008,0.846872,-1.75406,0.0369708], "O_dP_EE_d": [0,0,0,0,0,0], "O_ddP_O": [0,0,-9.81], "O_T_EE_c": [-0.046057,0.0299631,-0.99848,0,0.714248,0.699777,-0.0119467,0,0.698369,-0.713726,-0.0536318,0,0.676621,-0.492622,0.195191,1], "O_dP_EE_c": [0,0,0,0,0,0], "O_ddP_EE_c": [0,0,0,0,0,0], "theta": [-0.734147,0.833984,0.161001,-1.47107,-2.87311,2.42463,0.457261], "dtheta": [0,0,0,0,0,0,0], "current_errors": [], "last_motion_errors": ["cartesian_reflex"], "control_command_success_rate": 0, "robot_mode": "User stopped", "time": 817109}