{"O_T_EE": [-0.0262165,0.010007,-0.999597,0,0.748278,0.663244,-0.0129854,0,0.662859,-0.748331,-0.0248764,0,0.647723,-0.531123,0.195255,1], "O_T_EE_d": [-0.0260896,0.00977705,-0.999602,0,0.748398,0.663107,-0.0130474,0,0.662728,-0.748455,-0.0246178,0,0.647631,-0.531268,0.195373,1], "F_T_NE": [0.7071,-0.7071,0,0,0.7071,0.7071,0,0,0,0,1,0,0,0,0.1034,1], "NE_T_EE": [1,0,0,0,0,1,0,0,0,0,1,0,0,0,0,1], "F_T_EE": [0.7071,-0.7071,0,0,0.7071,0.7071,0,0,0,0,1,0,0,0,0.1034,1], "EE_T_K": [1,0,0,0,0,1,0,0,0,0,1,0,0,0,0,1], "m_ee": 0.73, "F_x_Cee": [-0.01,0,0.03], "I_ee": [0.001,0,0,0,0.0025,0,0,0,0.0017], "m_load": 0, "F_x_Cload": [0,0,0], "I_load": [0,0,0,0,0,0,0,0,0], "m_total": 0.73, "F_x_Ctotal": [-0.01,0,0.03], "I_total": [0.001,0,0,0,0.0025,0,0,0,0.0017], "elbow": [-0.555752,-1], "elbow_d": [-0.55594,-1], "elbow_c": [-0.55594,-1], "delbow_c": [0,0], "ddelbow_c": [0,0], "tau_J": [0.151925,-46.979,-12.4808,17.1817,-0.344723,-2.8293,0.102742], "tau_J_d": [0,0,0,0,0,0,0], "dtau_J": [118.821,112.691,-64.5652,-71.837,12.7595,-91.9173,-18.0415], "q": [-0.23177,0.940122,-0.555752,-1.43684,-2.74869,2.51477,0.907648], "dq": [-0.00021889,-0.00127239,-0.000616322,-0.0049806,0.00528293,0.00129174,0.00091856], "q_d": [-0.231834,0.940056,-0.55594,-1.43688,-2.74868,2.51462,0.907673], "dq_d": [0,0,0,0,0,0,0], "ddq_d": [0,0,0,0,0,0,0], "joint_contact": [0,0,0,0,0,0,0], "cartesian_contact": [0,0,0,0,0,0], "joint_collision": [0,0,0,0,0,0,0], "cartesian_collision": [0,0,0,0,0,0], "tau_ext_hat_filtered": [0.151788,-0.500365,-0.108073,-0.373786,0.374587,-1.22089,0.128982], "O_F_ext_hat_K": [-5.15156,4.67817,-0.574651,-2.00986,-2.10042,0.195679], "K_F_ext_hat_K": [0.756303,-0.744587,-6.90128,0.120376,-2.02043,0.17099], "O_dP_EE_d": [0,0,0,0,0,0], "O_ddP_O": [0,0,-9.81], "O_T_EE_c": [-0.0260896,0.00977705,-0.999602,0,0.748398,0.663107,-0.0130474,0,0.662728,-0.748455,-0.0246178,0,0.647631,-0.531268,0.195373,1], "O_dP_EE_c": [0,0,0,0,0,0], "O_ddP_EE_c": [0,0,0,0,0,0], "theta": [-0.231759,0.936825,-0.556627,-1.43564,-2.74873,2.51446,0.907661], "dtheta": [0,0,0,0,0,0,0], "current_errors": [], "last_motion_errors": [], "control_command_success_rate": 0, "robot_mode": "User stopped", "time": 1509106}