{"O_T_EE": [-0.027493,0.0377418,-0.9989,0,0.854413,0.519562,-0.00388543,0,0.518854,-0.853596,-0.0465323,0,0.553311,-0.631889,0.195148,1], "O_T_EE_d": [-0.027452,0.0377252,-0.998901,0,0.854426,0.51954,-0.00386019,0,0.518833,-0.85361,-0.0464967,0,0.553304,-0.631877,0.195145,1], "F_T_NE": [0.7071,-0.7071,0,0,0.7071,0.7071,0,0,0,0,1,0,0,0,0.1034,1], "NE_T_EE": [1,0,0,0,0,1,0,0,0,0,1,0,0,0,0,1], "F_T_EE": [0.7071,-0.7071,0,0,0.7071,0.7071,0,0,0,0,1,0,0,0,0.1034,1], "EE_T_K": [1,0,0,0,0,1,0,0,0,0,1,0,0,0,0,1], "m_ee": 0.73, "F_x_Cee": [-0.01,0,0.03], "I_ee": [0.001,0,0,0,0.0025,0,0,0,0.0017], "m_load": 0, "F_x_Cload": [0,0,0], "I_load": [0,0,0,0,0,0,0,0,0], "m_total": 0.73, "F_x_Ctotal": [-0.01,0,0.03], "I_total": [0.001,0,0,0,0.0025,0,0,0,0.0017], "elbow": [0.224625,-1], "elbow_d": [0.224622,-1], "elbow_c": [0.224622,-1], "delbow_c": [0,0], "ddelbow_c": [0,0], "tau_J": [0.227303,-48.8992,4.84438,18.0267,-0.298946,-2.28822,0.163167], "tau_J_d": [0,0,0,0,0,0,0], "dtau_J": [146.294,-42.8482,-173.755,-42.2101,4.04501,39.9256,-10.9815], "q": [-1.00503,0.854228,0.224625,-1.46175,-2.87969,2.40982,0.421395], "dq": [-0.00153096,-0.0020492,-0.0017633,0.00073346,0.00701098,-0.000651424,0.000129569], "q_d": [-1.00502,0.854194,0.224622,-1.46184,-2.87967,2.40971,0.421428], "dq_d": [0,0,0,0,0,0,0], "ddq_d": [0,0,0,0,0,0,0], "joint_contact": [0,0,0,0,0,0,0], "cartesian_contact": [0,0,0,0,0,0], "joint_collision": [0,0,0,0,0,0,0], "cartesian_collision": [0,0,0,0,0,0], "tau_ext_hat_filtered": [0.247964,-0.236658,0.280788,-1.44434,-0.0295298,-0.854718,0.181576], "O_F_ext_hat_K": [-6.97996,9.00397,-0.112645,-3.20058,-2.46729,0.304099], "K_F_ext_hat_K": [0.64426,-1.28523,-11.3021,0.264599,-1.89977,0.223119], "O_dP_EE_d": [0,0,0,0,0,0], "O_ddP_O": [0,0,-9.81], "O_T_EE_c": [-0.027452,0.0377252,-0.998901,0,0.854426,0.51954,-0.00386019,0,0.518833,-0.85361,-0.0464967,0,0.553304,-0.631877,0.195145,1], "O_dP_EE_c": [0,0,0,0,0,0], "O_ddP_EE_c": [0,0,0,0,0,0], "theta": [-1.00501,0.850797,0.224965,-1.46048,-2.87972,2.40956,0.421413], "dtheta": [0,0,0,0,0,0,0], "current_errors": [], "last_motion_errors": ["cartesian_reflex"], "control_command_success_rate": 0, "robot_mode": "User stopped", "time": 1459245}