{"O_T_EE": [-0.0129422,0.0672077,-0.997645,0,0.989772,0.142554,-0.00323675,0,0.142003,-0.987502,-0.0683666,0,0.252487,-0.808208,0.19413,1], "O_T_EE_d": [-0.0129427,0.0671983,-0.997646,0,0.989773,0.142544,-0.00323925,0,0.141994,-0.987504,-0.0683573,0,0.252493,-0.808191,0.194143,1], "F_T_NE": [0.7071,-0.7071,0,0,0.7071,0.7071,0,0,0,0,1,0,0,0,0.1034,1], "NE_T_EE": [1,0,0,0,0,1,0,0,0,0,1,0,0,0,0,1], "F_T_EE": [0.7071,-0.7071,0,0,0.7071,0.7071,0,0,0,0,1,0,0,0,0.1034,1], "EE_T_K": [1,0,0,0,0,1,0,0,0,0,1,0,0,0,0,1], "m_ee": 0.73, "F_x_Cee": [-0.01,0,0.03], "I_ee": [0.001,0,0,0,0.0025,0,0,0,0.0017], "m_load": 0, "F_x_Cload": [0,0,0], "I_load": [0,0,0,0,0,0,0,0,0], "m_total": 0.73, "F_x_Ctotal": [-0.01,0,0.03], "I_total": [0.001,0,0,0,0.0025,0,0,0,0.0017], "elbow": [0.173281,-1], "elbow_d": [0.17329,-1], "elbow_c": [0.17329,-1], "delbow_c": [0,0], "ddelbow_c": [0,0], "tau_J": [0.560555,-49.2007,4.05886,17.9117,0.0388833,-2.09779,0.0111892], "tau_J_d": [0,0,0,0,0,0,0], "dtau_J": [25.1928,19.3647,-47.5324,44.2961,2.25838,-9.96767,-48.0838], "q": [-1.38263,0.870897,0.173281,-1.40814,-2.87411,2.47103,0.447744], "dq": [-0.00037045,-0.00157376,0.00181592,-0.000382564,-6.85778e-05,0.000432941,0.000650138], "q_d": [-1.38263,0.870827,0.17329,-1.40824,-2.87408,2.47098,0.447725], "dq_d": [0,0,0,0,0,0,0], "ddq_d": [0,0,0,0,0,0,0], "joint_contact": [0,0,0,0,0,0,0], "cartesian_contact": [0,0,0,0,0,0], "joint_collision": [0,0,0,0,0,0,0], "cartesian_collision": [0,0,0,0,0,0], "tau_ext_hat_filtered": [0.553832,-0.0376742,0.547653,-1.76041,0.300732,-0.690105,0.0420001], "O_F_ext_hat_K": [-1.88087,12.3621,0.108439,-4.15765,-0.673739,0.63642], "K_F_ext_hat_K": [0.747003,-0.0997269,-12.4821,0.965139,-1.69013,0.106497], "O_dP_EE_d": [0,0,0,0,0,0], "O_ddP_O": [0,0,-9.81], "O_T_EE_c": [-0.0129427,0.0671983,-0.997646,0,0.989773,0.142544,-0.00323925,0,0.141994,-0.987504,-0.0683573,0,0.252493,-0.808191,0.194143,1], "O_dP_EE_c": [0,0,0,0,0,0], "O_ddP_EE_c": [0,0,0,0,0,0], "theta": [-1.38259,0.867444,0.173567,-1.40688,-2.8741,2.4708,0.447745], "dtheta": [0,0,0,0,0,0,0], "current_errors": [], "last_motion_errors": ["cartesian_reflex"], "control_command_success_rate": 0, "robot_mode": "User stopped", "time": 1682628}