{"O_T_EE": [-0.00422485,0.0467221,-0.998889,0,0.988835,-0.148531,-0.0111297,0,-0.148889,-0.987803,-0.0455738,0,0.00599902,-0.852039,0.19338,1], "O_T_EE_d": [-0.00422048,0.0467069,-0.99889,0,0.988835,-0.148536,-0.0111233,0,-0.148893,-0.987803,-0.0455594,0,0.00600032,-0.852032,0.193389,1], "F_T_NE": [0.7071,-0.7071,0,0,0.7071,0.7071,0,0,0,0,1,0,0,0,0.1034,1], "NE_T_EE": [1,0,0,0,0,1,0,0,0,0,1,0,0,0,0,1], "F_T_EE": [0.7071,-0.7071,0,0,0.7071,0.7071,0,0,0,0,1,0,0,0,0.1034,1], "EE_T_K": [1,0,0,0,0,1,0,0,0,0,1,0,0,0,0,1], "m_ee": 0.73, "F_x_Cee": [-0.01,0,0.03], "I_ee": [0.001,0,0,0,0.0025,0,0,0,0.0017], "m_load": 0, "F_x_Cload": [0,0,0], "I_load": [0,0,0,0,0,0,0,0,0], "m_total": 0.73, "F_x_Ctotal": [-0.01,0,0.03], "I_total": [0.001,0,0,0,0.0025,0,0,0,0.0017], "elbow": [0.157242,-1], "elbow_d": [0.157246,-1], "elbow_c": [0.157246,-1], "delbow_c": [0,0], "ddelbow_c": [0,0], "tau_J": [0.112252,-49.8791,3.4955,18.717,-0.216549,-2.24794,0.0615432], "tau_J_d": [0,0,0,0,0,0,0], "dtau_J": [-9.93517,-5.01337,106.136,93.9476,19.3509,9.36418,48.4589], "q": [-1.66386,0.889949,0.157242,-1.38438,-2.88713,2.45484,0.459489], "dq": [0.000297195,0.000623729,-0.00163909,0.00273852,-0.000620835,-0.00942638,-0.00171538], "q_d": [-1.66387,0.889909,0.157246,-1.38444,-2.88712,2.45481,0.459498], "dq_d": [0,0,0,0,0,0,0], "ddq_d": [0,0,0,0,0,0,0], "joint_contact": [0,0,0,0,0,0,0], "cartesian_contact": [0,0,0,0,0,0], "joint_collision": [0,0,0,0,0,0,0], "cartesian_collision": [0,0,0,0,0,0], "tau_ext_hat_filtered": [0.15109,-0.16786,0.220439,-1.14255,0.0713963,-0.786849,0.0438241], "O_F_ext_hat_K": [0.748846,9.81167,-0.100214,-3.44105,0.304968,0.231126], "K_F_ext_hat_K": [0.555371,-0.715753,-9.79892,0.479585,-1.62946,0.106168], "O_dP_EE_d": [0,0,0,0,0,0], "O_ddP_O": [0,0,-9.81], "O_T_EE_c": [-0.00422048,0.0467069,-0.99889,0,0.988835,-0.148536,-0.0111233,0,-0.148893,-0.987803,-0.0455594,0,0.00600032,-0.852032,0.193389,1], "O_dP_EE_c": [0,0,0,0,0,0], "O_ddP_EE_c": [0,0,0,0,0,0], "theta": [-1.66385,0.886449,0.157489,-1.38307,-2.88715,2.45459,0.459494], "dtheta": [0,0,0,0,0,-0.0371368,0], "current_errors": [], "last_motion_errors": ["cartesian_reflex"], "control_command_success_rate": 0, "robot_mode": "User stopped", "time": 1868428}