{"O_T_EE": [0.00328814,0.0183276,-0.999817,0,0.885767,-0.464076,-0.00559389,0,-0.464102,-0.885603,-0.0177603,0,-0.287266,-0.807045,0.190119,1], "O_T_EE_d": [0.00347049,0.018385,-0.999815,0,0.885634,-0.464331,-0.00546414,0,-0.464355,-0.885469,-0.0178942,0,-0.287476,-0.806923,0.18999,1], "F_T_NE": [0.7071,-0.7071,0,0,0.7071,0.7071,0,0,0,0,1,0,0,0,0.1034,1], "NE_T_EE": [1,0,0,0,0,1,0,0,0,0,1,0,0,0,0,1], "F_T_EE": [0.7071,-0.7071,0,0,0.7071,0.7071,0,0,0,0,1,0,0,0,0.1034,1], "EE_T_K": [1,0,0,0,0,1,0,0,0,0,1,0,0,0,0,1], "m_ee": 0.73, "F_x_Cee": [-0.01,0,0.03], "I_ee": [0.001,0,0,0,0.0025,0,0,0,0.0017], "m_load": 0, "F_x_Cload": [0,0,0], "I_load": [0,0,0,0,0,0,0,0,0], "m_total": 0.73, "F_x_Ctotal": [-0.01,0,0.03], "I_total": [0.001,0,0,0,0.0025,0,0,0,0.0017], "elbow": [-1.52202,-1], "elbow_d": [-1.52179,-1], "elbow_c": [-1.52179,-1], "delbow_c": [0,0], "ddelbow_c": [0,0], "tau_J": [0.0011678,-43.2061,-24.5532,-3.17048,-1.74365,-1.64735,0.132954], "tau_J_d": [0,0,0,0,0,0,0], "dtau_J": [271.314,100.638,-93.1194,8.71976,11.9363,-15.2555,48.3351], "q": [-1.10779,1.72867,-1.52202,-1.15448,-2.63445,2.90489,1.95499], "dq": [-0.00262625,-0.00171643,0.000791919,-0.000214987,9.98043e-05,0.000175228,-0.00181161], "q_d": [-1.10794,1.72869,-1.52179,-1.15469,-2.63444,2.90478,1.95502], "dq_d": [0,0,0,0,0,0,0], "ddq_d": [0,0,0,0,0,0,0], "joint_contact": [0,0,0,0,0,0,0], "cartesian_contact": [0,0,0,0,0,0], "joint_collision": [0,0,0,0,0,0,0], "cartesian_collision": [0,0,0,0,0,0], "tau_ext_hat_filtered": [-0.0444256,0.444093,0.953308,-0.786478,0.298648,-1.04788,0.123021], "O_F_ext_hat_K": [0.231695,10.3116,-0.00998918,-2.51563,-0.267666,-0.0487273], "K_F_ext_hat_K": [0.19974,-4.58018,-9.23936,-2.73355,-0.370879,0.4865], "O_dP_EE_d": [0,0,0,0,0,0], "O_ddP_O": [0,0,-9.81], "O_T_EE_c": [0.00347049,0.018385,-0.999815,0,0.885634,-0.464331,-0.00546414,0,-0.464355,-0.885469,-0.0178942,0,-0.287476,-0.806923,0.18999,1], "O_dP_EE_c": [0,0,0,0,0,0], "O_ddP_EE_c": [0,0,0,0,0,0], "theta": [-1.10779,1.72564,-1.52374,-1.15471,-2.63464,2.90471,1.95501], "dtheta": [0,0,0,0,0,0,0], "current_errors": [], "last_motion_errors": [], "control_command_success_rate": 0, "robot_mode": "User stopped", "time": 10136101}