{"O_T_EE": [0.00105068,0.0656264,-0.997834,0,0.952103,-0.30515,-0.0190668,0,-0.305746,-0.950039,-0.062805,0,-0.143535,-0.843089,0.193187,1], "O_T_EE_d": [0.00103486,0.0655674,-0.997838,0,0.952098,-0.305167,-0.0190649,0,-0.305763,-0.950038,-0.0627436,0,-0.143534,-0.843087,0.19322,1], "F_T_NE": [0.7071,-0.7071,0,0,0.7071,0.7071,0,0,0,0,1,0,0,0,0.1034,1], "NE_T_EE": [1,0,0,0,0,1,0,0,0,0,1,0,0,0,0,1], "F_T_EE": [0.7071,-0.7071,0,0,0.7071,0.7071,0,0,0,0,1,0,0,0,0.1034,1], "EE_T_K": [1,0,0,0,0,1,0,0,0,0,1,0,0,0,0,1], "m_ee": 0.73, "F_x_Cee": [-0.01,0,0.03], "I_ee": [0.001,0,0,0,0.0025,0,0,0,0.0017], "m_load": 0, "F_x_Cload": [0,0,0], "I_load": [0,0,0,0,0,0,0,0,0], "m_total": 0.73, "F_x_Ctotal": [-0.01,0,0.03], "I_total": [0.001,0,0,0,0.0025,0,0,0,0.0017], "elbow": [0.067529,-1], "elbow_d": [0.0675282,-1], "elbow_c": [0.0675282,-1], "delbow_c": [0,0], "ddelbow_c": [0,0], "tau_J": [0.560555,-50.1449,1.88082,18.5623,0.0388833,-2.18751,-0.00986788], "tau_J_d": [0,0,0,0,0,0,0], "dtau_J": [-137.853,42.5385,16.3576,64.5875,-23.1739,-40.1691,-69.4856], "q": [-1.77407,0.895241,0.067529,-1.35074,-2.88136,2.50678,0.511411], "dq": [0.000823754,-4.45479e-06,-0.00124213,-0.00108759,0.00055366,0.000616702,0.00192327], "q_d": [-1.77407,0.895178,0.0675282,-1.3508,-2.88135,2.50672,0.511403], "dq_d": [0,0,0,0,0,0,0], "ddq_d": [0,0,0,0,0,0,0], "joint_contact": [0,0,0,0,0,0,0], "cartesian_contact": [0,0,0,0,0,0], "joint_collision": [0,0,0,0,0,0,0], "cartesian_collision": [0,0,0,0,0,0], "tau_ext_hat_filtered": [0.577837,-0.0387584,0.570243,-1.53021,0.391478,-0.730975,0.0322651], "O_F_ext_hat_K": [3.94943,11.3194,-0.0288393,-3.82514,1.26017,0.65831], "K_F_ext_hat_K": [0.775791,0.306717,-11.9596,1.07556,-1.71617,0.0978116], "O_dP_EE_d": [0,0,0,0,0,0], "O_ddP_O": [0,0,-9.81], "O_T_EE_c": [0.00103486,0.0655674,-0.997838,0,0.952098,-0.305167,-0.0190649,0,-0.305763,-0.950038,-0.0627436,0,-0.143534,-0.843087,0.19322,1], "O_dP_EE_c": [0,0,0,0,0,0], "O_ddP_EE_c": [0,0,0,0,0,0], "theta": [-1.77403,0.891722,0.0676613,-1.34943,-2.88136,2.50654,0.51141], "dtheta": [0,0,0,0,0,0,0], "current_errors": [], "last_motion_errors": ["cartesian_reflex"], "control_command_success_rate": 0, "robot_mode": "User stopped", "time": 1915183}