{"O_T_EE": [0.0313492,0.0278542,-0.999111,0,0.79172,-0.610818,0.0078129,0,-0.610069,-0.791276,-0.0412022,0,-0.425631,-0.747281,0.190115,1], "O_T_EE_d": [0.0313426,0.0278011,-0.999112,0,0.791626,-0.61094,0.0078338,0,-0.610192,-0.791184,-0.0411573,0,-0.425793,-0.747188,0.190124,1], "F_T_NE": [0.7071,-0.7071,0,0,0.7071,0.7071,0,0,0,0,1,0,0,0,0.1034,1], "NE_T_EE": [1,0,0,0,0,1,0,0,0,0,1,0,0,0,0,1], "F_T_EE": [0.7071,-0.7071,0,0,0.7071,0.7071,0,0,0,0,1,0,0,0,0.1034,1], "EE_T_K": [1,0,0,0,0,1,0,0,0,0,1,0,0,0,0,1], "m_ee": 0.73, "F_x_Cee": [-0.01,0,0.03], "I_ee": [0.001,0,0,0,0.0025,0,0,0,0.0017], "m_load": 0, "F_x_Cload": [0,0,0], "I_load": [0,0,0,0,0,0,0,0,0], "m_total": 0.73, "F_x_Ctotal": [-0.01,0,0.03], "I_total": [0.001,0,0,0,0.0025,0,0,0,0.0017], "elbow": [-1.52469,-1], "elbow_d": [-1.52469,-1], "elbow_c": [-1.52469,-1], "delbow_c": [0,0], "ddelbow_c": [0,0], "tau_J": [-0.296379,-44.4875,-24.4421,-2.98005,-1.78942,-1.63728,0.153096], "tau_J_d": [0,0,0,0,0,0,0], "dtau_J": [-68.6316,-68.6171,61.5876,-14.1312,-16.4307,-7.89725,43.0306], "q": [-1.30311,1.72842,-1.52469,-1.11748,-2.70166,2.92754,2.03089], "dq": [0.000641878,0.000634285,-0.00114984,0.00039887,0.000216256,-0.000735145,-0.00151929], "q_d": [-1.30329,1.72843,-1.52469,-1.11757,-2.70167,2.92741,2.03093], "dq_d": [0,0,0,0,0,0,0], "ddq_d": [0,0,0,0,0,0,0], "joint_contact": [0,0,0,0,0,0,0], "cartesian_contact": [0,0,0,0,0,0], "joint_collision": [0,0,0,0,0,0,0], "cartesian_collision": [0,0,0,0,0,0], "tau_ext_hat_filtered": [-0.209891,-0.104688,0.563081,-0.685243,0.303469,-1.1862,0.129881], "O_F_ext_hat_K": [1.29619,9.52599,1.04014,-2.9804,0.177752,-0.214857], "K_F_ext_hat_K": [-0.733259,-4.78439,-8.37131,-2.89514,0.0243376,0.525558], "O_dP_EE_d": [0,0,0,0,0,0], "O_ddP_O": [0,0,-9.81], "O_T_EE_c": [0.0313426,0.0278011,-0.999112,0,0.791626,-0.61094,0.0078338,0,-0.610192,-0.791184,-0.0411573,0,-0.425793,-0.747188,0.190124,1], "O_dP_EE_c": [0,0,0,0,0,0], "O_ddP_EE_c": [0,0,0,0,0,0], "theta": [-1.30313,1.72529,-1.52641,-1.11768,-2.70186,2.92736,2.03091], "dtheta": [0,0,0,0,0,0,0], "current_errors": [], "last_motion_errors": [], "control_command_success_rate": 0, "robot_mode": "User stopped", "time": 10330964}