{"O_T_EE": [0.020298,0.00846506,-0.999749,0,0.751126,-0.660074,0.00966118,0,-0.659839,-0.751147,-0.0197569,0,-0.468864,-0.722313,0.190773,1], "O_T_EE_d": [0.020424,0.00838685,-0.999747,0,0.751014,-0.660199,0.00980418,0,-0.659962,-0.751038,-0.0197829,0,-0.46901,-0.722203,0.190701,1], "F_T_NE": [0.7071,-0.7071,0,0,0.7071,0.7071,0,0,0,0,1,0,0,0,0.1034,1], "NE_T_EE": [1,0,0,0,0,1,0,0,0,0,1,0,0,0,0,1], "F_T_EE": [0.7071,-0.7071,0,0,0.7071,0.7071,0,0,0,0,1,0,0,0,0.1034,1], "EE_T_K": [1,0,0,0,0,1,0,0,0,0,1,0,0,0,0,1], "m_ee": 0.73, "F_x_Cee": [-0.01,0,0.03], "I_ee": [0.001,0,0,0,0.0025,0,0,0,0.0017], "m_load": 0, "F_x_Cload": [0,0,0], "I_load": [0,0,0,0,0,0,0,0,0], "m_total": 0.73, "F_x_Ctotal": [-0.01,0,0.03], "I_total": [0.001,0,0,0,0.0025,0,0,0,0.0017], "elbow": [-1.37615,-1], "elbow_d": [-1.37602,-1], "elbow_c": [-1.37602,-1], "delbow_c": [0,0], "ddelbow_c": [0,0], "tau_J": [-0.41143,-44.1106,-24.6286,1.23718,-1.46991,-1.91743,0.224507], "tau_J_d": [0,0,0,0,0,0,0], "dtau_J": [-37.3389,-72.0863,-76.6459,29.8245,-5.07788,21.8775,123.049], "q": [-1.3709,1.58676,-1.37615,-1.15671,-2.59977,2.85854,1.73589], "dq": [0.00121916,0.00115556,0.000358654,-0.000158624,0.000112473,-0.00060924,-0.00254262], "q_d": [-1.37109,1.58677,-1.37602,-1.1568,-2.59974,2.85839,1.73595], "dq_d": [0,0,0,0,0,0,0], "ddq_d": [0,0,0,0,0,0,0], "joint_contact": [0,0,0,0,0,0,0], "cartesian_contact": [0,0,0,0,0,0], "joint_collision": [0,0,0,0,0,0,0], "cartesian_collision": [0,0,0,0,0,0], "tau_ext_hat_filtered": [-0.355847,0.429256,0.710575,-0.760675,0.422087,-1.00786,0.16955], "O_F_ext_hat_K": [1.55885,6.87323,-1.45263,-1.58696,0.148941,-0.331392], "K_F_ext_hat_K": [1.54212,-3.38005,-6.16269,-1.78723,-1.32981,0.439309], "O_dP_EE_d": [0,0,0,0,0,0], "O_ddP_O": [0,0,-9.81], "O_T_EE_c": [0.020424,0.00838685,-0.999747,0,0.751014,-0.660199,0.00980418,0,-0.659962,-0.751038,-0.0197829,0,-0.46901,-0.722203,0.190701,1], "O_dP_EE_c": [0,0,0,0,0,0], "O_ddP_EE_c": [0,0,0,0,0,0], "theta": [-1.37093,1.58366,-1.37788,-1.15662,-2.59993,2.85832,1.73592], "dtheta": [0,0,0,0,0,0,0], "current_errors": [], "last_motion_errors": [], "control_command_success_rate": 0, "robot_mode": "User stopped", "time": 10297708}