{"O_T_EE": [0.0135128,0.0172047,-0.999751,0,0.85277,-0.522262,0.00253859,0,-0.522098,-0.852609,-0.0217293,0,-0.334708,-0.790727,0.191105,1], "O_T_EE_d": [0.013621,0.0171518,-0.99975,0,0.852682,-0.522405,0.00265488,0,-0.522239,-0.852522,-0.0217411,0,-0.33484,-0.790642,0.191053,1], "F_T_NE": [0.7071,-0.7071,0,0,0.7071,0.7071,0,0,0,0,1,0,0,0,0.1034,1], "NE_T_EE": [1,0,0,0,0,1,0,0,0,0,1,0,0,0,0,1], "F_T_EE": [0.7071,-0.7071,0,0,0.7071,0.7071,0,0,0,0,1,0,0,0,0.1034,1], "EE_T_K": [1,0,0,0,0,1,0,0,0,0,1,0,0,0,0,1], "m_ee": 0.73, "F_x_Cee": [-0.01,0,0.03], "I_ee": [0.001,0,0,0,0.0025,0,0,0,0.0017], "m_load": 0, "F_x_Cload": [0,0,0], "I_load": [0,0,0,0,0,0,0,0,0], "m_total": 0.73, "F_x_Ctotal": [-0.01,0,0.03], "I_total": [0.001,0,0,0,0.0025,0,0,0,0.0017], "elbow": [-1.39003,-1], "elbow_d": [-1.38993,-1], "elbow_c": [-1.38993,-1], "delbow_c": [0,0], "ddelbow_c": [0,0], "tau_J": [0.298714,-44.3011,-25.2673,1.12213,-1.4516,-2.04744,0.204366], "tau_J_d": [0,0,0,0,0,0,0], "dtau_J": [141.526,151.836,71.4373,48.4721,-16.8929,-46.6582,56.174], "q": [-1.184,1.59807,-1.39003,-1.16785,-2.60577,2.86528,1.75381], "dq": [-0.00125229,-0.000750634,-0.000226602,-0.000536832,9.86071e-05,0.000707349,-0.00126039], "q_d": [-1.18409,1.59807,-1.38993,-1.16803,-2.60574,2.86514,1.75387], "dq_d": [0,0,0,0,0,0,0], "ddq_d": [0,0,0,0,0,0,0], "joint_contact": [0,0,0,0,0,0,0], "cartesian_contact": [0,0,0,0,0,0], "joint_collision": [0,0,0,0,0,0,0], "cartesian_collision": [0,0,0,0,0,0], "tau_ext_hat_filtered": [0.252267,-0.119341,0.218824,-0.496418,0.463894,-1.13833,0.180982], "O_F_ext_hat_K": [1.39059,7.61143,-0.62064,-2.47327,0.436736,0.272192], "K_F_ext_hat_K": [0.770243,-2.79093,-7.20211,-1.73372,-1.48069,0.427797], "O_dP_EE_d": [0,0,0,0,0,0], "O_ddP_O": [0,0,-9.81], "O_T_EE_c": [0.013621,0.0171518,-0.99975,0,0.852682,-0.522405,0.00265488,0,-0.522239,-0.852522,-0.0217411,0,-0.33484,-0.790642,0.191053,1], "O_dP_EE_c": [0,0,0,0,0,0], "O_ddP_EE_c": [0,0,0,0,0,0], "theta": [-1.18398,1.59496,-1.3918,-1.16777,-2.60593,2.86505,1.75383], "dtheta": [0,0,0,0,0,0,0], "current_errors": [], "last_motion_errors": [], "control_command_success_rate": 0, "robot_mode": "User stopped", "time": 10112329}