{"O_T_EE": [0.0338929,0.0373591,-0.998717,0,0.609107,-0.793025,-0.0089938,0,-0.792359,-0.608032,-0.0496346,0,-0.588995,-0.632431,0.190357,1], "O_T_EE_d": [0.0338592,0.0373258,-0.99872,0,0.609042,-0.793075,-0.00899202,0,-0.792411,-0.607969,-0.0495868,0,-0.589104,-0.632337,0.190343,1], "F_T_NE": [0.7071,-0.7071,0,0,0.7071,0.7071,0,0,0,0,1,0,0,0,0.1034,1], "NE_T_EE": [1,0,0,0,0,1,0,0,0,0,1,0,0,0,0,1], "F_T_EE": [0.7071,-0.7071,0,0,0.7071,0.7071,0,0,0,0,1,0,0,0,0.1034,1], "EE_T_K": [1,0,0,0,0,1,0,0,0,0,1,0,0,0,0,1], "m_ee": 0.73, "F_x_Cee": [-0.01,0,0.03], "I_ee": [0.001,0,0,0,0.0025,0,0,0,0.0017], "m_load": 0, "F_x_Cload": [0,0,0], "I_load": [0,0,0,0,0,0,0,0,0], "m_total": 0.73, "F_x_Ctotal": [-0.01,0,0.03], "I_total": [0.001,0,0,0,0.0025,0,0,0,0.0017], "elbow": [-1.44601,-1], "elbow_d": [-1.44602,-1], "elbow_c": [-1.44602,-1], "delbow_c": [0,0], "ddelbow_c": [0,0], "tau_J": [0.0368734,-45.5071,-24.2517,-0.25849,-1.46991,-1.73708,0.112813], "tau_J_d": [0,0,0,0,0,0,0], "dtau_J": [97.871,-19.0477,-27.6013,-57.9158,-54.8441,18.7958,-56.8225], "q": [-1.56864,1.64207,-1.44601,-1.07848,-2.6267,2.95264,1.82046], "dq": [-0.00185424,-3.86312e-05,0.000365249,0.00210062,0.000443657,-0.000155973,0.0020356], "q_d": [-1.56879,1.64212,-1.44602,-1.07854,-2.62669,2.95249,1.8205], "dq_d": [0,0,0,0,0,0,0], "ddq_d": [0,0,0,0,0,0,0], "joint_contact": [0,0,0,0,0,0,0], "cartesian_contact": [0,0,0,0,0,0], "joint_collision": [0,0,0,0,0,0,0], "cartesian_collision": [0,0,0,0,0,0], "tau_ext_hat_filtered": [-0.0704696,-0.122983,0.285902,-0.573547,0.647701,-1.02981,0.147713], "O_F_ext_hat_K": [0,0,0,0,0,0], "K_F_ext_hat_K": [0,0,0,0,0,0], "O_dP_EE_d": [0,0,0,0,0,0], "O_ddP_O": [0,0,-9.81], "O_T_EE_c": [0.0338592,0.0373258,-0.99872,0,0.609042,-0.793075,-0.00899202,0,-0.792411,-0.607969,-0.0495868,0,-0.589104,-0.632337,0.190343,1], "O_dP_EE_c": [0,0,0,0,0,0], "O_ddP_EE_c": [0,0,0,0,0,0], "theta": [-1.56864,1.63888,-1.44772,-1.0785,-2.62686,2.95244,1.82048], "dtheta": [0,0,0,0,0,0,0], "current_errors": [], "last_motion_errors": [], "control_command_success_rate": 0, "robot_mode": "User stopped", "time": 10560934}