{"O_T_EE": [0.0169562,0.0207615,-0.999631,0,0.677035,-0.735928,-0.00380043,0,-0.73575,-0.676733,-0.0265353,0,-0.550437,-0.664705,0.19065,1], "O_T_EE_d": [0.0168952,0.0206337,-0.999635,0,0.676999,-0.735961,-0.00374892,0,-0.735784,-0.676701,-0.0264037,0,-0.550502,-0.664664,0.190727,1], "F_T_NE": [0.7071,-0.7071,0,0,0.7071,0.7071,0,0,0,0,1,0,0,0,0.1034,1], "NE_T_EE": [1,0,0,0,0,1,0,0,0,0,1,0,0,0,0,1], "F_T_EE": [0.7071,-0.7071,0,0,0.7071,0.7071,0,0,0,0,1,0,0,0,0.1034,1], "EE_T_K": [1,0,0,0,0,1,0,0,0,0,1,0,0,0,0,1], "m_ee": 0.73, "F_x_Cee": [-0.01,0,0.03], "I_ee": [0.001,0,0,0,0.0025,0,0,0,0.0017], "m_load": 0, "F_x_Cload": [0,0,0], "I_load": [0,0,0,0,0,0,0,0,0], "m_total": 0.73, "F_x_Ctotal": [-0.01,0,0.03], "I_total": [0.001,0,0,0,0.0025,0,0,0,0.0017], "elbow": [-1.34132,-1], "elbow_d": [-1.34137,-1], "elbow_c": [-1.34137,-1], "delbow_c": [0,0], "ddelbow_c": [0,0], "tau_J": [0.338387,-44.7137,-24.5889,2.31231,-1.35089,-1.91743,0.174153], "tau_J_d": [0,0,0,0,0,0,0], "dtau_J": [118.373,-75.96,2.02405,-42.5633,14.7609,-1.46527,76.8584], "q": [-1.49905,1.5575,-1.34132,-1.15286,-2.62881,2.84355,1.70473], "dq": [-0.00118459,0.000932503,0.00030916,-0.000443441,-1.78751e-05,0.00041307,-0.00145565], "q_d": [-1.4991,1.55743,-1.34137,-1.15294,-2.62881,2.84344,1.70476], "dq_d": [0,0,0,0,0,0,0], "ddq_d": [0,0,0,0,0,0,0], "joint_contact": [0,0,0,0,0,0,0], "cartesian_contact": [0,0,0,0,0,0], "joint_collision": [0,0,0,0,0,0,0], "cartesian_collision": [0,0,0,0,0,0], "tau_ext_hat_filtered": [0.272027,0.12121,0.515608,-0.678683,0.503643,-0.976979,0.133156], "O_F_ext_hat_K": [4.39214,7.43797,-1.09474,-2.15195,1.17669,0.303463], "K_F_ext_hat_K": [1.32325,-2.49606,-8.23599,-1.48284,-1.6884,0.398714], "O_dP_EE_d": [0,0,0,0,0,0], "O_ddP_O": [0,0,-9.81], "O_T_EE_c": [0.0168952,0.0206337,-0.999635,0,0.676999,-0.735961,-0.00374892,0,-0.735784,-0.676701,-0.0264037,0,-0.550502,-0.664664,0.190727,1], "O_dP_EE_c": [0,0,0,0,0,0], "O_ddP_EE_c": [0,0,0,0,0,0], "theta": [-1.49902,1.55436,-1.34305,-1.1527,-2.62896,2.84333,1.70475], "dtheta": [0,0,0,0,0,0,0], "current_errors": [], "last_motion_errors": [], "control_command_success_rate": 0, "robot_mode": "User stopped", "time": 10535036}