{"O_T_EE": [0.000831993,-0.0187628,-0.999814,0,-0.897903,-0.440108,0.00751202,0,-0.440176,0.897747,-0.0172137,0,-0.521108,0.694738,0.305938,1], "O_T_EE_d": [0.000773457,-0.0185898,-0.999817,0,-0.897989,-0.439932,0.00748508,0,-0.44,0.897836,-0.0170341,0,-0.520964,0.69485,0.306042,1], "F_T_NE": [0.7071,-0.7071,0,0,0.7071,0.7071,0,0,0,0,1,0,0,0,0.1034,1], "NE_T_EE": [1,0,0,0,0,1,0,0,0,0,1,0,0,0,0,1], "F_T_EE": [0.7071,-0.7071,0,0,0.7071,0.7071,0,0,0,0,1,0,0,0,0.1034,1], "EE_T_K": [1,0,0,0,0,1,0,0,0,0,1,0,0,0,0,1], "m_ee": 0.73, "F_x_Cee": [-0.01,0,0.03], "I_ee": [0.001,0,0,0,0.0025,0,0,0,0.0017], "m_load": 0, "F_x_Cload": [0,0,0], "I_load": [0,0,0,0,0,0,0,0,0], "m_total": 0.73, "F_x_Ctotal": [-0.01,0,0.03], "I_total": [0.001,0,0,0,0.0025,0,0,0,0.0017], "elbow": [2.21379,-1], "elbow_d": [2.21365,-1], "elbow_c": [2.21365,-1], "delbow_c": [0,0], "ddelbow_c": [0,0], "tau_J": [-0.82006,46.7084,-18.7054,14.1547,-0.747555,-2.50795,0.071614], "tau_J_d": [0,0,0,0,0,0,0], "dtau_J": [23.442,-157.326,104.216,-40.3598,0.888657,-19.473,58.6489], "q": [-0.323139,-1.04292,2.21379,-1.1825,-2.66434,2.85117,1.10803], "dq": [0.000114872,0.00165729,-0.000214645,-0.000898853,-0.000116788,0.000381181,-0.000971982], "q_d": [-0.323263,-1.04285,2.21365,-1.18255,-2.66433,2.85109,1.10804], "dq_d": [0,0,0,0,0,0,0], "ddq_d": [0,0,0,0,0,0,0], "joint_contact": [0,0,0,0,0,0,0], "cartesian_contact": [0,0,0,0,0,0], "joint_collision": [0,0,0,0,0,0,0], "cartesian_collision": [0,0,0,0,0,0], "tau_ext_hat_filtered": [-0.826233,0.534268,-0.785976,-1.34245,0.496762,-0.97144,0.0667028], "O_F_ext_hat_K": [7.12946,-8.53527,-1.87054,3.59819,2.58574,-0.753004], "K_F_ext_hat_K": [2.03631,-2.65923,-10.7685,0.223635,-2.66204,0.236092], "O_dP_EE_d": [0,0,0,0,0,0], "O_ddP_O": [0,0,-9.81], "O_T_EE_c": [0.000773457,-0.0185898,-0.999817,0,-0.897989,-0.439932,0.00748508,0,-0.44,0.897836,-0.0170341,0,-0.520964,0.69485,0.306042,1], "O_dP_EE_c": [0,0,0,0,0,0], "O_ddP_EE_c": [0,0,0,0,0,0], "theta": [-0.323197,-1.03964,2.21247,-1.18151,-2.66442,2.85089,1.10804], "dtheta": [0,0,0,0,0,0,0], "current_errors": [], "last_motion_errors": [], "control_command_success_rate": 0, "robot_mode": "User stopped", "time": 345420}