{"O_T_EE": [0.00869016,-0.0674325,-0.997676,0,-0.994661,-0.103084,-0.00169647,0,-0.102732,0.992384,-0.0679697,0,-0.244923,0.826227,0.298244,1], "O_T_EE_d": [0.00875054,-0.0674705,-0.997673,0,-0.994672,-0.102982,-0.00175977,0,-0.102626,0.992392,-0.0680134,0,-0.24486,0.826224,0.298188,1], "F_T_NE": [0.7071,-0.7071,0,0,0.7071,0.7071,0,0,0,0,1,0,0,0,0.1034,1], "NE_T_EE": [1,0,0,0,0,1,0,0,0,0,1,0,0,0,0,1], "F_T_EE": [0.7071,-0.7071,0,0,0.7071,0.7071,0,0,0,0,1,0,0,0,0.1034,1], "EE_T_K": [1,0,0,0,0,1,0,0,0,0,1,0,0,0,0,1], "m_ee": 0.73, "F_x_Cee": [-0.01,0,0.03], "I_ee": [0.001,0,0,0,0.0025,0,0,0,0.0017], "m_load": 0, "F_x_Cload": [0,0,0], "I_load": [0,0,0,0,0,0,0,0,0], "m_total": 0.73, "F_x_Ctotal": [-0.01,0,0.03], "I_total": [0.001,0,0,0,0.0025,0,0,0,0.0017], "elbow": [0.77718,-1], "elbow_d": [0.777115,-1], "elbow_c": [0.777115,-1], "delbow_c": [0,0], "ddelbow_c": [0,0], "tau_J": [-0.597892,-45.9594,15.195,16.0352,0.478336,-1.73708,-0.0400803], "tau_J_d": [0,0,0,0,0,0,0], "dtau_J": [1.12921,57.9482,61.2775,-56.6183,8.11155,19.4709,39.5914], "q": [1.31758,0.920997,0.77718,-1.36541,-2.81387,2.52349,-0.0770217], "dq": [-0.00025631,0.000180567,0.00196278,0.00654944,-0.000346167,-0.000621573,-0.000563539], "q_d": [1.31753,0.920967,0.777115,-1.36555,-2.81386,2.52339,-0.0770104], "dq_d": [0,0,0,0,0,0,0], "ddq_d": [0,0,0,0,0,0,0], "joint_contact": [0,0,0,0,0,0,0], "cartesian_contact": [0,0,0,0,0,0], "joint_collision": [0,0,0,0,0,0,0], "cartesian_collision": [0,0,0,0,0,0], "tau_ext_hat_filtered": [-0.578887,-0.656393,-0.527025,-1.62544,0.111898,-0.818927,-0.046833], "O_F_ext_hat_K": [3.12846,-14.6572,-0.194027,5.46006,0.800509,-0.628971], "K_F_ext_hat_K": [1.20916,-1.60053,-14.8538,1.64683,-1.23087,-0.101606], "O_dP_EE_d": [0,0,0,0,0,0], "O_ddP_O": [0,0,-9.81], "O_T_EE_c": [0.00875054,-0.0674705,-0.997673,0,-0.994672,-0.102982,-0.00175977,0,-0.102626,0.992392,-0.0680134,0,-0.24486,0.826224,0.298188,1], "O_dP_EE_c": [0,0,0,0,0,0], "O_ddP_EE_c": [0,0,0,0,0,0], "theta": [1.31754,0.917771,0.778246,-1.36428,-2.81382,2.52329,-0.077025], "dtheta": [0,0,0,0,0,0,0], "current_errors": [], "last_motion_errors": ["cartesian_reflex"], "control_command_success_rate": 0, "robot_mode": "User stopped", "time": 2800462}