{"O_T_EE": [0.00969877,-0.0151206,-0.999829,0,-0.958323,-0.285611,-0.0049768,0,-0.285493,0.958225,-0.0172608,0,-0.389847,0.771707,0.295938,1], "O_T_EE_d": [0.00968885,-0.0150859,-0.99983,0,-0.958395,-0.285367,-0.00498158,0,-0.285248,0.958299,-0.0172235,0,-0.389659,0.771776,0.296002,1], "F_T_NE": [0.7071,-0.7071,0,0,0.7071,0.7071,0,0,0,0,1,0,0,0,0.1034,1], "NE_T_EE": [1,0,0,0,0,1,0,0,0,0,1,0,0,0,0,1], "F_T_EE": [0.7071,-0.7071,0,0,0.7071,0.7071,0,0,0,0,1,0,0,0,0.1034,1], "EE_T_K": [1,0,0,0,0,1,0,0,0,0,1,0,0,0,0,1], "m_ee": 0.73, "F_x_Cee": [-0.01,0,0.03], "I_ee": [0.001,0,0,0,0.0025,0,0,0,0.0017], "m_load": 0, "F_x_Cload": [0,0,0], "I_load": [0,0,0,0,0,0,0,0,0], "m_total": 0.73, "F_x_Ctotal": [-0.01,0,0.03], "I_total": [0.001,0,0,0,0.0025,0,0,0,0.0017], "elbow": [-0.518897,-1], "elbow_d": [-0.51902,-1], "elbow_c": [-0.51902,-1], "delbow_c": [0,0], "ddelbow_c": [0,0], "tau_J": [-0.482841,-48.2208,-10.755,18.0664,-0.124996,-2.29829,-0.00986788], "tau_J_d": [0,0,0,0,0,0,0], "dtau_J": [27.5753,168.75,-182.375,62.5129,47.2875,30.2682,-5.11924], "q": [2.41897,0.854267,-0.518897,-1.27365,-2.70312,2.7101,0.770999], "dq": [-0.000941083,-0.00206619,0.00213441,-0.000887884,-0.000714786,-6.71883e-05,-0.000861169], "q_d": [2.41886,0.854127,-0.51902,-1.27379,-2.7031,2.71009,0.771004], "dq_d": [0,0,0,0,0,0,0], "ddq_d": [0,0,0,0,0,0,0], "joint_contact": [0,0,0,0,0,0,0], "cartesian_contact": [0,0,0,0,0,0], "joint_collision": [0,0,0,0,0,0,0], "cartesian_collision": [0,0,0,0,0,0], "tau_ext_hat_filtered": [-0.520835,-0.501447,-0.578055,-1.66617,0.536542,-0.696061,0.00369077], "O_F_ext_hat_K": [5.42508,-12.4606,-1.13273,4.84035,1.82653,-0.454378], "K_F_ext_hat_K": [1.3736,-1.63448,-13.4693,1.13496,-2.12622,0.0757105], "O_dP_EE_d": [0,0,0,0,0,0], "O_ddP_O": [0,0,-9.81], "O_T_EE_c": [0.00968885,-0.0150859,-0.99983,0,-0.958395,-0.285367,-0.00498158,0,-0.285248,0.958299,-0.0172235,0,-0.389659,0.771776,0.296002,1], "O_dP_EE_c": [0,0,0,0,0,0], "O_ddP_EE_c": [0,0,0,0,0,0], "theta": [2.41894,0.850883,-0.519652,-1.27238,-2.70314,2.70984,0.770998], "dtheta": [0,0,0,0,0,0,0], "current_errors": [], "last_motion_errors": [], "control_command_success_rate": 0, "robot_mode": "User stopped", "time": 531365}