{"O_T_EE": [0.00392605,-0.0169934,-0.999838,0,-0.973554,-0.228415,5.93235e-05,0,-0.228383,0.973415,-0.0174411,0,-0.343862,0.792086,0.295795,1], "O_T_EE_d": [0.00387162,-0.016911,-0.99984,0,-0.973612,-0.228166,8.90735e-05,0,-0.228136,0.973475,-0.0173485,0,-0.343682,0.792148,0.29585,1], "F_T_NE": [0.7071,-0.7071,0,0,0.7071,0.7071,0,0,0,0,1,0,0,0,0.1034,1], "NE_T_EE": [1,0,0,0,0,1,0,0,0,0,1,0,0,0,0,1], "F_T_EE": [0.7071,-0.7071,0,0,0.7071,0.7071,0,0,0,0,1,0,0,0,0.1034,1], "EE_T_K": [1,0,0,0,0,1,0,0,0,0,1,0,0,0,0,1], "m_ee": 0.73, "F_x_Cee": [-0.01,0,0.03], "I_ee": [0.001,0,0,0,0.0025,0,0,0,0.0017], "m_load": 0, "F_x_Cload": [0,0,0], "I_load": [0,0,0,0,0,0,0,0,0], "m_total": 0.73, "F_x_Ctotal": [-0.01,0,0.03], "I_total": [0.001,0,0,0,0.0025,0,0,0,0.0017], "elbow": [-0.516672,-1], "elbow_d": [-0.516775,-1], "elbow_c": [-0.516775,-1], "delbow_c": [0,0], "ddelbow_c": [0,0], "tau_J": [-0.970817,-48.5223,-10.9057,18.3322,-0.134151,-2.46858,-0.00986788], "tau_J_d": [0,0,0,0,0,0,0], "dtau_J": [58.0504,-28.9851,-16.713,-91.3193,-29.446,30.0057,-83.8648], "q": [2.3612,0.849575,-0.516672,-1.28131,-2.70323,2.7064,0.773636], "dq": [0.000241983,0.00120451,0.000897063,-0.00154822,0.000149045,-0.000743994,0.00176499], "q_d": [2.36108,0.849471,-0.516775,-1.28144,-2.70318,2.70632,0.773653], "dq_d": [0,0,0,0,0,0,0], "ddq_d": [0,0,0,0,0,0,0], "joint_contact": [0,0,0,0,0,0,0], "cartesian_contact": [0,0,0,0,0,0], "joint_collision": [0,0,0,0,0,0,0], "cartesian_collision": [0,0,0,0,0,0], "tau_ext_hat_filtered": [-0.985169,-0.804656,-0.817933,-1.31291,0.543645,-0.883446,0.048962], "O_F_ext_hat_K": [4.67962,-10.9792,-0.847432,4.57108,1.71508,-0.875485], "K_F_ext_hat_K": [1.05226,-2.04814,-11.7413,0.941242,-2.08427,0.166633], "O_dP_EE_d": [0,0,0,0,0,0], "O_ddP_O": [0,0,-9.81], "O_T_EE_c": [0.00387162,-0.016911,-0.99984,0,-0.973612,-0.228166,8.90735e-05,0,-0.228136,0.973475,-0.0173485,0,-0.343682,0.792148,0.29585,1], "O_dP_EE_c": [0,0,0,0,0,0], "O_ddP_EE_c": [0,0,0,0,0,0], "theta": [2.36113,0.846169,-0.517437,-1.28002,-2.70324,2.70612,0.773634], "dtheta": [0,0,0,0,0,0,0], "current_errors": [], "last_motion_errors": [], "control_command_success_rate": 0, "robot_mode": "User stopped", "time": 518295}