{"O_T_EE": [0.021397,-0.0269146,-0.999399,0,-0.944639,-0.327884,-0.0113944,0,-0.327387,0.944333,-0.032441,0,-0.43708,0.748241,0.305943,1], "O_T_EE_d": [0.0214231,-0.0268579,-0.9994,0,-0.944747,-0.327572,-0.0114483,0,-0.327075,0.944443,-0.0323921,0,-0.436858,0.748332,0.306021,1], "F_T_NE": [0.7071,-0.7071,0,0,0.7071,0.7071,0,0,0,0,1,0,0,0,0.1034,1], "NE_T_EE": [1,0,0,0,0,1,0,0,0,0,1,0,0,0,0,1], "F_T_EE": [0.7071,-0.7071,0,0,0.7071,0.7071,0,0,0,0,1,0,0,0,0.1034,1], "EE_T_K": [1,0,0,0,0,1,0,0,0,0,1,0,0,0,0,1], "m_ee": 0.73, "F_x_Cee": [-0.01,0,0.03], "I_ee": [0.001,0,0,0,0.0025,0,0,0,0.0017], "m_load": 0, "F_x_Cload": [0,0,0], "I_load": [0,0,0,0,0,0,0,0,0], "m_total": 0.73, "F_x_Ctotal": [-0.01,0,0.03], "I_total": [0.001,0,0,0,0.0025,0,0,0,0.0017], "elbow": [2.16583,-1], "elbow_d": [2.16562,-1], "elbow_c": [2.16562,-1], "delbow_c": [0,0], "ddelbow_c": [0,0], "tau_J": [-0.597892,47.0853,-19.5663,12.659,-0.948055,-1.78743,0.0926712], "tau_J_d": [0,0,0,0,0,0,0], "dtau_J": [133.622,49.8425,26.1951,-76.8345,15.9146,-8.62097,-30.5504], "q": [-0.415575,-1.0681,2.16583,-1.17226,-2.66477,2.88824,1.13547], "dq": [-0.00106527,-0.00047869,-0.00101572,-0.000376049,-0.000489737,-4.33182e-05,0.00160779], "q_d": [-0.415649,-1.068,2.16562,-1.17246,-2.66476,2.88826,1.13547], "dq_d": [0,0,0,0,0,0,0], "ddq_d": [0,0,0,0,0,0,0], "joint_contact": [0,0,0,0,0,0,0], "cartesian_contact": [0,0,0,0,0,0], "joint_collision": [0,0,0,0,0,0,0], "cartesian_collision": [0,0,0,0,0,0], "tau_ext_hat_filtered": [-0.654882,1.07824,-0.870455,-2.03593,0.405366,-0.323124,0.134159], "O_F_ext_hat_K": [9.38721,-14.257,-0.715309,5.93313,3.65999,-0.579087], "K_F_ext_hat_K": [1.29948,-4.18481,-16.5134,-0.197848,-2.3534,0.342843], "O_dP_EE_d": [0,0,0,0,0,0], "O_ddP_O": [0,0,-9.81], "O_T_EE_c": [0.0214231,-0.0268579,-0.9994,0,-0.944747,-0.327572,-0.0114483,0,-0.327075,0.944443,-0.0323921,0,-0.436858,0.748332,0.306021,1], "O_dP_EE_c": [0,0,0,0,0,0], "O_ddP_EE_c": [0,0,0,0,0,0], "theta": [-0.415616,-1.0648,2.16446,-1.17138,-2.66487,2.88805,1.13548], "dtheta": [0,0,0,0,0,0,0], "current_errors": [], "last_motion_errors": [], "control_command_success_rate": 0, "robot_mode": "User stopped", "time": 407753}