{"O_T_EE": [-0.0149679,-0.0412868,-0.999026,0,-0.784615,0.619813,-0.0138596,0,0.619793,0.783658,-0.0416723,0,0.383151,0.753305,0.297825,1], "O_T_EE_d": [-0.014921,-0.0412514,-0.999028,0,-0.784512,0.619943,-0.0138813,0,0.619925,0.783557,-0.0416131,0,0.383284,0.753233,0.297818,1], "F_T_NE": [0.7071,-0.7071,0,0,0.7071,0.7071,0,0,0,0,1,0,0,0,0.1034,1], "NE_T_EE": [1,0,0,0,0,1,0,0,0,0,1,0,0,0,0,1], "F_T_EE": [0.7071,-0.7071,0,0,0.7071,0.7071,0,0,0,0,1,0,0,0,0.1034,1], "EE_T_K": [1,0,0,0,0,1,0,0,0,0,1,0,0,0,0,1], "m_ee": 0.73, "F_x_Cee": [-0.01,0,0.03], "I_ee": [0.001,0,0,0,0.0025,0,0,0,0.0017], "m_load": 0, "F_x_Cload": [0,0,0], "I_load": [0,0,0,0,0,0,0,0,0], "m_total": 0.73, "F_x_Ctotal": [-0.01,0,0.03], "I_total": [0.001,0,0,0,0.0025,0,0,0,0.0017], "elbow": [-0.933604,-1], "elbow_d": [-0.933631,-1], "elbow_c": [-0.933631,-1], "delbow_c": [0,0], "ddelbow_c": [0,0], "tau_J": [-0.708976,-42.3412,-18.027,14.3451,-0.948055,-2.58852,0.0514724], "tau_J_d": [0,0,0,0,0,0,0], "dtau_J": [-57.9805,10.8904,46.7747,57.0478,24.6598,10.7351,-80.1494], "q": [1.7728,0.979539,-0.933604,-1.32913,-2.69944,2.8114,1.09859], "dq": [0.000663122,-0.00137329,0.00021554,0.000107896,0.00196028,9.17642e-06,0.00258773], "q_d": [1.77267,0.979552,-0.933631,-1.3292,-2.69943,2.81129,1.0986], "dq_d": [0,0,0,0,0,0,0], "ddq_d": [0,0,0,0,0,0,0], "joint_contact": [0,0,0,0,0,0,0], "cartesian_contact": [0,0,0,0,0,0], "joint_collision": [0,0,0,0,0,0,0], "cartesian_collision": [0,0,0,0,0,0], "tau_ext_hat_filtered": [-0.739154,1.21238,0.312066,-1.30129,0.256238,-1.1277,0.12362], "O_F_ext_hat_K": [-0.764836,-5.31258,-4.40841,0.367562,0.165082,-0.676449], "K_F_ext_hat_K": [4.63499,-2.63166,-4.45358,-0.760193,-2.46691,0.257003], "O_dP_EE_d": [0,0,0,0,0,0], "O_ddP_O": [0,0,-9.81], "O_T_EE_c": [-0.014921,-0.0412514,-0.999028,0,-0.784512,0.619943,-0.0138813,0,0.619925,0.783557,-0.0416131,0,0.383284,0.753233,0.297818,1], "O_dP_EE_c": [0,0,0,0,0,0], "O_ddP_EE_c": [0,0,0,0,0,0], "theta": [1.77275,0.976567,-0.934869,-1.32812,-2.69954,2.81112,1.0986], "dtheta": [0,0,0,0,0.0374578,0,0], "current_errors": [], "last_motion_errors": [], "control_command_success_rate": 0, "robot_mode": "User stopped", "time": 1622190}