{"O_T_EE": [-0.0172128,-0.0243856,-0.999545,0,-0.704673,0.7095,-0.00517451,0,0.709317,0.704277,-0.0293969,0,0.469468,0.699358,0.297908,1], "O_T_EE_d": [-0.0171325,-0.0242816,-0.999549,0,-0.704633,0.70954,-0.00515901,0,0.709359,0.70424,-0.0292663,0,0.469489,0.699336,0.297958,1], "F_T_NE": [0.7071,-0.7071,0,0,0.7071,0.7071,0,0,0,0,1,0,0,0,0.1034,1], "NE_T_EE": [1,0,0,0,0,1,0,0,0,0,1,0,0,0,0,1], "F_T_EE": [0.7071,-0.7071,0,0,0.7071,0.7071,0,0,0,0,1,0,0,0,0.1034,1], "EE_T_K": [1,0,0,0,0,1,0,0,0,0,1,0,0,0,0,1], "m_ee": 0.73, "F_x_Cee": [-0.01,0,0.03], "I_ee": [0.001,0,0,0,0.0025,0,0,0,0.0017], "m_load": 0, "F_x_Cload": [0,0,0], "I_load": [0,0,0,0,0,0,0,0,0], "m_total": 0.73, "F_x_Ctotal": [-0.01,0,0.03], "I_total": [0.001,0,0,0,0.0025,0,0,0,0.0017], "elbow": [-0.467207,-1], "elbow_d": [-0.467283,-1], "elbow_c": [-0.467283,-1], "delbow_c": [0,0], "ddelbow_c": [0,0], "tau_J": [-0.633598,-45.8483,-9.1403,18.6774,-0.308102,-2.58852,0.02126], "tau_J_d": [0,0,0,0,0,0,0], "dtau_J": [-61.4362,-42.1546,70.669,-50.1064,-32.9155,23.0026,-73.9082], "q": [1.356,0.754832,-0.467207,-1.41333,-2.69659,2.65756,0.707715], "dq": [0.000781717,0.000295163,-0.000393149,0.000928225,0.000343388,-0.000475222,0.000978278], "q_d": [1.35605,0.754757,-0.467283,-1.41343,-2.69658,2.65743,0.707738], "dq_d": [0,0,0,0,0,0,0], "ddq_d": [0,0,0,0,0,0,0], "joint_contact": [0,0,0,0,0,0,0], "cartesian_contact": [0,0,0,0,0,0], "joint_collision": [0,0,0,0,0,0,0], "cartesian_collision": [0,0,0,0,0,0], "tau_ext_hat_filtered": [-0.651803,0.129113,-0.424749,-1.24687,0.272571,-1.01693,0.0675609], "O_F_ext_hat_K": [-4.48749,-7.05361,-2.3019,2.1337,-1.69817,-0.547909], "K_F_ext_hat_K": [2.55015,-1.83045,-8.08307,0.381534,-2.17847,0.160319], "O_dP_EE_d": [0,0,0,0,0,0], "O_ddP_O": [0,0,-9.81], "O_T_EE_c": [-0.0171325,-0.0242816,-0.999549,0,-0.704633,0.70954,-0.00515901,0,0.709359,0.70424,-0.0292663,0,0.469489,0.699336,0.297958,1], "O_dP_EE_c": [0,0,0,0,0,0], "O_ddP_EE_c": [0,0,0,0,0,0], "theta": [1.35596,0.751616,-0.467848,-1.41202,-2.69663,2.65727,0.707716], "dtheta": [0,0,0,0,0,0,0], "current_errors": [], "last_motion_errors": [], "control_command_success_rate": 0, "robot_mode": "User stopped", "time": 666143}