{"O_T_EE": [-0.0123488,-0.0320162,-0.999401,0,-0.746783,0.664944,-0.0120743,0,0.664945,0.746201,-0.0321211,0,0.427437,0.727247,0.297928,1], "O_T_EE_d": [-0.0122964,-0.0319785,-0.999403,0,-0.746676,0.665064,-0.0120936,0,0.665066,0.746096,-0.0320561,0,0.427534,0.72718,0.297937,1], "F_T_NE": [0.7071,-0.7071,0,0,0.7071,0.7071,0,0,0,0,1,0,0,0,0.1034,1], "NE_T_EE": [1,0,0,0,0,1,0,0,0,0,1,0,0,0,0,1], "F_T_EE": [0.7071,-0.7071,0,0,0.7071,0.7071,0,0,0,0,1,0,0,0,0.1034,1], "EE_T_K": [1,0,0,0,0,1,0,0,0,0,1,0,0,0,0,1], "m_ee": 0.73, "F_x_Cee": [-0.01,0,0.03], "I_ee": [0.001,0,0,0,0.0025,0,0,0,0.0017], "m_load": 0, "F_x_Cload": [0,0,0], "I_load": [0,0,0,0,0,0,0,0,0], "m_total": 0.73, "F_x_Ctotal": [-0.01,0,0.03], "I_total": [0.001,0,0,0,0.0025,0,0,0,0.0017], "elbow": [-0.467581,-1], "elbow_d": [-0.467681,-1], "elbow_c": [-0.467681,-1], "delbow_c": [0,0], "ddelbow_c": [0,0], "tau_J": [-0.855766,-45.9237,-9.40611,18.3719,-0.353878,-2.44844,0.153096], "tau_J_d": [0,0,0,0,0,0,0], "dtau_J": [1.08671,-216.815,58.9968,25.9515,-14.299,23.5667,96.9591], "q": [1.41386,0.759344,-0.467581,-1.40407,-2.69681,2.66525,0.701717], "dq": [-0.000796229,0.00167291,-0.000693989,0.000245137,0.00564719,2.88201e-05,-0.00274428], "q_d": [1.41382,0.759331,-0.467681,-1.40415,-2.69679,2.66516,0.701741], "dq_d": [0,0,0,0,0,0,0], "ddq_d": [0,0,0,0,0,0,0], "joint_contact": [0,0,0,0,0,0,0], "cartesian_contact": [0,0,0,0,0,0], "joint_collision": [0,0,0,0,0,0,0], "cartesian_collision": [0,0,0,0,0,0], "tau_ext_hat_filtered": [-0.857393,0.238829,-0.668929,-1.51729,0.225979,-0.885822,0.106747], "O_F_ext_hat_K": [-4.11013,-8.27188,-2.33367,2.46642,-1.54819,-0.806982], "K_F_ext_hat_K": [2.64791,-2.40284,-8.83054,0.281489,-2.14434,0.152349], "O_dP_EE_d": [0,0,0,0,0,0], "O_ddP_O": [0,0,-9.81], "O_T_EE_c": [-0.0122964,-0.0319785,-0.999403,0,-0.746676,0.665064,-0.0120936,0,0.665066,0.746096,-0.0320561,0,0.427534,0.72718,0.297937,1], "O_dP_EE_c": [0,0,0,0,0,0], "O_ddP_EE_c": [0,0,0,0,0,0], "theta": [1.4138,0.756122,-0.468241,-1.40278,-2.69685,2.66498,0.701734], "dtheta": [0,0,0,0,0,0,0], "current_errors": [], "last_motion_errors": [], "control_command_success_rate": 0, "robot_mode": "User stopped", "time": 684307}