{"O_T_EE": [-0.00598007,-0.0313628,-0.999481,0,-0.665956,0.745726,-0.0194157,0,0.745962,0.665506,-0.0253462,0,0.508925,0.669447,0.298724,1], "O_T_EE_d": [-0.00597387,-0.0313296,-0.999482,0,-0.6659,0.745775,-0.0193969,0,0.746011,0.665452,-0.025318,0,0.508941,0.669398,0.29875,1], "F_T_NE": [0.7071,-0.7071,0,0,0.7071,0.7071,0,0,0,0,1,0,0,0,0.1034,1], "NE_T_EE": [1,0,0,0,0,1,0,0,0,0,1,0,0,0,0,1], "F_T_EE": [0.7071,-0.7071,0,0,0.7071,0.7071,0,0,0,0,1,0,0,0,0.1034,1], "EE_T_K": [1,0,0,0,0,1,0,0,0,0,1,0,0,0,0,1], "m_ee": 0.73, "F_x_Cee": [-0.01,0,0.03], "I_ee": [0.001,0,0,0,0.0025,0,0,0,0.0017], "m_load": 0, "F_x_Cload": [0,0,0], "I_load": [0,0,0,0,0,0,0,0,0], "m_total": 0.73, "F_x_Ctotal": [-0.01,0,0.03], "I_total": [0.001,0,0,0,0.0025,0,0,0,0.0017], "elbow": [-0.519713,-1], "elbow_d": [-0.519755,-1], "elbow_c": [-0.519755,-1], "delbow_c": [0,0], "ddelbow_c": [0,0], "tau_J": [0.18763,-46.9393,-9.92979,17.8363,-0.60107,-2.19759,0.0313308], "tau_J_d": [0,0,0,0,0,0,0], "dtau_J": [152.946,3.82712,98.126,-9.44902,21.9249,14.4036,-94.454], "q": [1.33775,0.763896,-0.519713,-1.41922,-2.70892,2.66101,0.740507], "dq": [-0.00118735,-0.00117562,-0.00195391,-0.00025629,-0.000402986,-0.000452876,0.00235644], "q_d": [1.33777,0.763769,-0.519755,-1.41939,-2.70891,2.66094,0.740504], "dq_d": [0,0,0,0,0,0,0], "ddq_d": [0,0,0,0,0,0,0], "joint_contact": [0,0,0,0,0,0,0], "cartesian_contact": [0,0,0,0,0,0], "joint_collision": [0,0,0,0,0,0,0], "cartesian_collision": [0,0,0,0,0,0], "tau_ext_hat_filtered": [0.148389,-1.54726,-0.251963,-1.82044,0.02527,-0.611284,0.0820086], "O_F_ext_hat_K": [-10.8174,-14.4761,0.212895,6.0691,-4.8214,0.273133], "K_F_ext_hat_K": [0.305922,-3.59551,-17.7087,-0.361679,-2.1798,0.199052], "O_dP_EE_d": [0,0,0,0,0,0], "O_ddP_O": [0,0,-9.81], "O_T_EE_c": [-0.00597387,-0.0313296,-0.999482,0,-0.6659,0.745775,-0.0193969,0,0.746011,0.665452,-0.025318,0,0.508941,0.669398,0.29875,1], "O_dP_EE_c": [0,0,0,0,0,0], "O_ddP_EE_c": [0,0,0,0,0,0], "theta": [1.33776,0.760602,-0.520409,-1.41797,-2.70899,2.66076,0.74051], "dtheta": [0,0,0,0,0,0,0], "current_errors": [], "last_motion_errors": [], "control_command_success_rate": 0, "robot_mode": "User stopped", "time": 727639}