{"O_T_EE": [-0.0498468,-0.0402565,-0.997936,0,-0.542051,0.840306,-0.00682237,0,0.838863,0.540602,-0.0637089,0,0.612005,0.574109,0.298871,1], "O_T_EE_d": [-0.0498669,-0.0402685,-0.997934,0,-0.542176,0.840226,-0.00681204,0,0.83878,0.540727,-0.0637333,0,0.611872,0.574192,0.298862,1], "F_T_NE": [0.7071,-0.7071,0,0,0.7071,0.7071,0,0,0,0,1,0,0,0,0.1034,1], "NE_T_EE": [1,0,0,0,0,1,0,0,0,0,1,0,0,0,0,1], "F_T_EE": [0.7071,-0.7071,0,0,0.7071,0.7071,0,0,0,0,1,0,0,0,0.1034,1], "EE_T_K": [1,0,0,0,0,1,0,0,0,0,1,0,0,0,0,1], "m_ee": 0.73, "F_x_Cee": [-0.01,0,0.03], "I_ee": [0.001,0,0,0,0.0025,0,0,0,0.0017], "m_load": 0, "F_x_Cload": [0,0,0], "I_load": [0,0,0,0,0,0,0,0,0], "m_total": 0.73, "F_x_Ctotal": [-0.01,0,0.03], "I_total": [0.001,0,0,0,0.0025,0,0,0,0.0017], "elbow": [0.767175,-1], "elbow_d": [0.767265,-1], "elbow_c": [0.767265,-1], "delbow_c": [0,0], "ddelbow_c": [0,0], "tau_J": [0.897774,-43.9242,15.7941,16.3803,0.569889,-1.84694,0.0414016], "tau_J_d": [0,0,0,0,0,0,0], "dtau_J": [-32.2927,-33.1217,11.8934,-168.275,-11.9612,-28.9812,69.7416], "q": [0.180203,0.835494,0.767175,-1.49587,-2.8307,2.48166,-0.00864283], "dq": [3.94989e-06,-0.000123579,-0.000323974,0.000519007,0.000306033,0.000408997,-0.00168586], "q_d": [0.180265,0.83541,0.767265,-1.4961,-2.83068,2.48155,-0.00864331], "dq_d": [0,0,0,0,0,0,0], "ddq_d": [0,0,0,0,0,0,0], "joint_contact": [0,0,0,0,0,0,0], "cartesian_contact": [0,0,0,0,0,0], "joint_collision": [0,0,0,0,0,0,0], "cartesian_collision": [0,0,0,0,0,0], "tau_ext_hat_filtered": [0.891133,-1.0591,0.863074,-1.47308,0.359525,-0.819417,0.0148948], "O_F_ext_hat_K": [-10.8068,-5.554,0.651635,2.46295,-4.54555,0.863193], "K_F_ext_hat_K": [0.111981,1.18635,-12.1094,1.95353,-0.989827,-0.0121638], "O_dP_EE_d": [0,0,0,0,0,0], "O_ddP_O": [0,0,-9.81], "O_T_EE_c": [-0.0498669,-0.0402685,-0.997934,0,-0.542176,0.840226,-0.00681204,0,0.83878,0.540727,-0.0637333,0,0.611872,0.574192,0.298862,1], "O_dP_EE_c": [0,0,0,0,0,0], "O_ddP_EE_c": [0,0,0,0,0,0], "theta": [0.180265,0.832412,0.768285,-1.49472,-2.83064,2.48146,-0.00863823], "dtheta": [0,0,0,0,0,0,0], "current_errors": [], "last_motion_errors": ["cartesian_reflex"], "control_command_success_rate": 0, "robot_mode": "User stopped", "time": 3523848}