{"O_T_EE": [-0.0425245,-0.0439074,-0.998121,0,-0.447981,0.893803,-0.0202324,0,0.893029,0.446288,-0.0576793,0,0.674709,0.496249,0.298812,1], "O_T_EE_d": [-0.0425118,-0.0439462,-0.998119,0,-0.44799,0.893798,-0.0202723,0,0.893025,0.446294,-0.0576855,0,0.674675,0.496262,0.298796,1], "F_T_NE": [0.7071,-0.7071,0,0,0.7071,0.7071,0,0,0,0,1,0,0,0,0.1034,1], "NE_T_EE": [1,0,0,0,0,1,0,0,0,0,1,0,0,0,0,1], "F_T_EE": [0.7071,-0.7071,0,0,0.7071,0.7071,0,0,0,0,1,0,0,0,0.1034,1], "EE_T_K": [1,0,0,0,0,1,0,0,0,0,1,0,0,0,0,1], "m_ee": 0.73, "F_x_Cee": [-0.01,0,0.03], "I_ee": [0.001,0,0,0,0.0025,0,0,0,0.0017], "m_load": 0, "F_x_Cload": [0,0,0], "I_load": [0,0,0,0,0,0,0,0,0], "m_total": 0.73, "F_x_Ctotal": [-0.01,0,0.03], "I_total": [0.001,0,0,0,0.0025,0,0,0,0.0017], "elbow": [0.821125,-1], "elbow_d": [0.821138,-1], "elbow_c": [0.821138,-1], "delbow_c": [0,0], "ddelbow_c": [0,0], "tau_J": [0.112252,-42.3016,16.0202,15.6503,0.304386,-1.86708,0.0414016], "tau_J_d": [0,0,0,0,0,0,0], "dtau_J": [-9.92678,-76.5123,-77.2294,55.9365,1.13527,-20.9545,32.4837], "q": [0.0191605,0.85846,0.821125,-1.50762,-2.8626,2.47264,-0.0420261], "dq": [0.00230394,0.000736547,0.00421622,-0.00132999,-0.0032153,3.45349e-05,0.000375725], "q_d": [0.0191609,0.858424,0.821138,-1.50774,-2.86259,2.47255,-0.0420473], "dq_d": [0,0,0,0,0,0,0], "ddq_d": [0,0,0,0,0,0,0], "joint_contact": [0,0,0,0,0,0,0], "cartesian_contact": [0,0,0,0,0,0], "joint_collision": [0,0,0,0,0,0,0], "cartesian_collision": [0,0,0,0,0,0], "tau_ext_hat_filtered": [-0.0348623,-0.0676673,-0.116988,-1.64041,0.0751612,-0.874934,0.0442399], "O_F_ext_hat_K": [-9.8325,-5.10987,-1.41431,1.50547,-3.3673,-0.0092102], "K_F_ext_hat_K": [2.05417,-0.133826,-10.9796,1.47,-1.51233,0.0733224], "O_dP_EE_d": [0,0,0,0,0,0], "O_ddP_O": [0,0,-9.81], "O_T_EE_c": [-0.0425118,-0.0439462,-0.998119,0,-0.44799,0.893798,-0.0202723,0,0.893025,0.446294,-0.0576855,0,0.674675,0.496262,0.298796,1], "O_dP_EE_c": [0,0,0,0,0,0], "O_ddP_EE_c": [0,0,0,0,0,0], "theta": [0.0191684,0.855492,0.822249,-1.50652,-2.86257,2.47243,-0.0420215], "dtheta": [0,0,0,0,0,0,0], "current_errors": [], "last_motion_errors": ["cartesian_reflex"], "control_command_success_rate": 0, "robot_mode": "User stopped", "time": 3583174}