{"O_T_EE": [-0.0351714,-0.0154922,-0.999252,0,-0.216787,0.97618,-0.00750412,0,0.975585,0.216365,-0.0376928,0,0.770612,0.320497,0.298452,1], "O_T_EE_d": [-0.0351574,-0.0154523,-0.999253,0,-0.217021,0.976129,-0.00745911,0,0.975533,0.2166,-0.0376724,0,0.7705,0.320653,0.298523,1], "F_T_NE": [0.7071,-0.7071,0,0,0.7071,0.7071,0,0,0,0,1,0,0,0,0.1034,1], "NE_T_EE": [1,0,0,0,0,1,0,0,0,0,1,0,0,0,0,1], "F_T_EE": [0.7071,-0.7071,0,0,0.7071,0.7071,0,0,0,0,1,0,0,0,0.1034,1], "EE_T_K": [1,0,0,0,0,1,0,0,0,0,1,0,0,0,0,1], "m_ee": 0.73, "F_x_Cee": [-0.01,0,0.03], "I_ee": [0.001,0,0,0,0.0025,0,0,0,0.0017], "m_load": 0, "F_x_Cload": [0,0,0], "I_load": [0,0,0,0,0,0,0,0,0], "m_total": 0.73, "F_x_Ctotal": [-0.01,0,0.03], "I_total": [0.001,0,0,0,0.0025,0,0,0,0.0017], "elbow": [0.675703,-1], "elbow_d": [0.675894,-1], "elbow_c": [0.675894,-1], "delbow_c": [0,0], "ddelbow_c": [0,0], "tau_J": [0.635933,-45.1659,13.8422,16.7255,0.286076,-1.80757,-0.00986788], "tau_J_d": [0,0,0,0,0,0,0], "dtau_J": [76.2591,26.6493,90.1095,10.1674,-3.7607,8.93759,-116.446], "q": [-0.119784,0.78124,0.675703,-1.52407,-2.85581,2.46421,0.0961002], "dq": [-1.67557e-06,0.000204805,-0.00296069,0.000299468,0.000416489,-0.000197655,0.00199168], "q_d": [-0.119762,0.781061,0.675894,-1.52429,-2.85579,2.4642,0.0961015], "dq_d": [0,0,0,0,0,0,0], "ddq_d": [0,0,0,0,0,0,0], "joint_contact": [0,0,0,0,0,0,0], "cartesian_contact": [0,0,0,0,0,0], "joint_collision": [0,0,0,0,0,0,0], "cartesian_collision": [0,0,0,0,0,0], "tau_ext_hat_filtered": [0.605316,-1.97249,0.981016,-1.90089,0.210879,-0.630182,0.0641766], "O_F_ext_hat_K": [-16.9059,-4.42991,1.76788,2.14173,-7.67497,0.561939], "K_F_ext_hat_K": [-1.10335,-0.672685,-17.5183,1.45226,-1.281,0.0270778], "O_dP_EE_d": [0,0,0,0,0,0], "O_ddP_O": [0,0,-9.81], "O_T_EE_c": [-0.0351574,-0.0154523,-0.999253,0,-0.217021,0.976129,-0.00745911,0,0.975533,0.2166,-0.0376724,0,0.7705,0.320653,0.298523,1], "O_dP_EE_c": [0,0,0,0,0,0], "O_ddP_EE_c": [0,0,0,0,0,0], "theta": [-0.11974,0.77807,0.676674,-1.52289,-2.85578,2.46401,0.0960991], "dtheta": [0,0,0,0,0,0,0], "current_errors": [], "last_motion_errors": ["cartesian_reflex"], "control_command_success_rate": 0, "robot_mode": "User stopped", "time": 3850020}