{"O_T_EE": [-0.0437015,-0.00442602,-0.999025,0,0.258697,0.965823,-0.0155954,0,0.964969,-0.259132,-0.0410636,0,0.830928,-0.0724813,0.296741,1], "O_T_EE_d": [-0.0436502,-0.00440267,-0.999028,0,0.258731,0.965814,-0.015561,0,0.964962,-0.259164,-0.0410197,0,0.830927,-0.0724636,0.296744,1], "F_T_NE": [0.7071,-0.7071,0,0,0.7071,0.7071,0,0,0,0,1,0,0,0,0.1034,1], "NE_T_EE": [1,0,0,0,0,1,0,0,0,0,1,0,0,0,0,1], "F_T_EE": [0.7071,-0.7071,0,0,0.7071,0.7071,0,0,0,0,1,0,0,0,0.1034,1], "EE_T_K": [1,0,0,0,0,1,0,0,0,0,1,0,0,0,0,1], "m_ee": 0.73, "F_x_Cee": [-0.01,0,0.03], "I_ee": [0.001,0,0,0,0.0025,0,0,0,0.0017], "m_load": 0, "F_x_Cload": [0,0,0], "I_load": [0,0,0,0,0,0,0,0,0], "m_total": 0.73, "F_x_Ctotal": [-0.01,0,0.03], "I_total": [0.001,0,0,0,0.0025,0,0,0,0.0017], "elbow": [0.6704,-1], "elbow_d": [0.670419,-1], "elbow_c": [0.670419,-1], "delbow_c": [0,0], "ddelbow_c": [0,0], "tau_J": [0.711312,-42.8689,13.1677,17.261,0.414249,-2.14815,0.194295], "tau_J_d": [0,0,0,0,0,0,0], "dtau_J": [190.56,-85.718,-56.0647,169.294,11.0838,-35.1014,117.924], "q": [-0.597721,0.779931,0.6704,-1.52555,-2.85451,2.46621,0.0911528], "dq": [-0.00147669,-3.88521e-05,0.00182308,-0.00301248,0.00167602,0.0007723,-0.000978005], "q_d": [-0.597707,0.779923,0.670419,-1.52559,-2.85448,2.46611,0.0911668], "dq_d": [0,0,0,0,0,0,0], "ddq_d": [0,0,0,0,0,0,0], "joint_contact": [0,0,0,0,0,0,0], "cartesian_contact": [0,0,0,0,0,0], "joint_collision": [0,0,0,0,0,0,0], "cartesian_collision": [0,0,0,0,0,0], "tau_ext_hat_filtered": [0.508325,0.355189,0.347814,-1.44764,0.336026,-0.958636,0.147011], "O_F_ext_hat_K": [-7.78692,3.2767,-1.98557,-1.09522,-2.20639,0.576578], "K_F_ext_hat_K": [2.30948,1.18125,-8.2817,1.59869,-1.53717,0.207993], "O_dP_EE_d": [0,0,0,0,0,0], "O_ddP_O": [0,0,-9.81], "O_T_EE_c": [-0.0436502,-0.00440267,-0.999028,0,0.258731,0.965814,-0.015561,0,0.964962,-0.259164,-0.0410197,0,0.830927,-0.0724636,0.296744,1], "O_dP_EE_c": [0,0,0,0,0,0], "O_ddP_EE_c": [0,0,0,0,0,0], "theta": [-0.597671,0.776923,0.671324,-1.52433,-2.85446,2.46597,0.091176], "dtheta": [0,0,0,0,0,0,0], "current_errors": [], "last_motion_errors": ["cartesian_reflex"], "control_command_success_rate": 0, "robot_mode": "User stopped", "time": 3967288}