{"O_T_EE": [-0.0498835,0.032232,-0.998225,0,0.61636,0.787434,-0.00537509,0,0.785878,-0.615546,-0.0591476,0,0.730324,-0.407719,0.296317,1], "O_T_EE_d": [-0.0498593,0.0321636,-0.998229,0,0.616389,0.787411,-0.00541633,0,0.785857,-0.615579,-0.0590862,0,0.730305,-0.407719,0.296356,1], "F_T_NE": [0.7071,-0.7071,0,0,0.7071,0.7071,0,0,0,0,1,0,0,0,0.1034,1], "NE_T_EE": [1,0,0,0,0,1,0,0,0,0,1,0,0,0,0,1], "F_T_EE": [0.7071,-0.7071,0,0,0.7071,0.7071,0,0,0,0,1,0,0,0,0.1034,1], "EE_T_K": [1,0,0,0,0,1,0,0,0,0,1,0,0,0,0,1], "m_ee": 0.73, "F_x_Cee": [-0.01,0,0.03], "I_ee": [0.001,0,0,0,0.0025,0,0,0,0.0017], "m_load": 0, "F_x_Cload": [0,0,0], "I_load": [0,0,0,0,0,0,0,0,0], "m_total": 0.73, "F_x_Ctotal": [-0.01,0,0.03], "I_total": [0.001,0,0,0,0.0025,0,0,0,0.0017], "elbow": [0.687464,-1], "elbow_d": [0.687475,-1], "elbow_c": [0.687475,-1], "delbow_c": [0,0], "ddelbow_c": [0,0], "tau_J": [0.227303,-44.3368,13.3185,17.261,0.267765,-2.01723,0.0926712], "tau_J_d": [0,0,0,0,0,0,0], "dtau_J": [-13.7858,12.3765,-70.9857,79.7564,-11.1099,-33.8678,27.7057], "q": [-1.03318,0.795968,0.687464,-1.50134,-2.8642,2.508,0.0870335], "dq": [-0.00017195,0.00120753,0.000626329,0.000881701,-3.11014e-05,0.000169457,0.000571204], "q_d": [-1.03321,0.795857,0.687475,-1.50145,-2.86418,2.50792,0.0870293], "dq_d": [0,0,0,0,0,0,0], "ddq_d": [0,0,0,0,0,0,0], "joint_contact": [0,0,0,0,0,0,0], "cartesian_contact": [0,0,0,0,0,0], "joint_collision": [0,0,0,0,0,0,0], "cartesian_collision": [0,0,0,0,0,0], "tau_ext_hat_filtered": [0.23922,-0.893258,0.235743,-1.31544,0.115465,-0.889001,0.0707785], "O_F_ext_hat_K": [-9.24317,7.36366,-0.282763,-3.07588,-3.72495,0.189779], "K_F_ext_hat_K": [0.980708,0.102801,-11.78,1.42884,-1.55355,0.0249233], "O_dP_EE_d": [0,0,0,0,0,0], "O_ddP_O": [0,0,-9.81], "O_T_EE_c": [-0.0498593,0.0321636,-0.998229,0,0.616389,0.787411,-0.00541633,0,0.785857,-0.615579,-0.0590862,0,0.730305,-0.407719,0.296356,1], "O_dP_EE_c": [0,0,0,0,0,0], "O_ddP_EE_c": [0,0,0,0,0,0], "theta": [-1.03316,0.792857,0.688399,-1.50013,-2.86417,2.50778,0.0870438], "dtheta": [0,0,0,0,0,0,0], "current_errors": [], "last_motion_errors": ["cartesian_reflex"], "control_command_success_rate": 0, "robot_mode": "User stopped", "time": 4448460}