{"O_T_EE": [-0.03434,0.0329816,-0.998856,0,0.88148,0.471971,-0.0147206,0,0.470954,-0.880995,-0.045281,0,0.519147,-0.661149,0.294923,1], "O_T_EE_d": [-0.0342936,0.0330606,-0.998855,0,0.881681,0.471598,-0.0146615,0,0.470583,-0.881191,-0.0453225,0,0.518879,-0.661259,0.294918,1], "F_T_NE": [0.7071,-0.7071,0,0,0.7071,0.7071,0,0,0,0,1,0,0,0,0.1034,1], "NE_T_EE": [1,0,0,0,0,1,0,0,0,0,1,0,0,0,0,1], "F_T_EE": [0.7071,-0.7071,0,0,0.7071,0.7071,0,0,0,0,1,0,0,0,0.1034,1], "EE_T_K": [1,0,0,0,0,1,0,0,0,0,1,0,0,0,0,1], "m_ee": 0.73, "F_x_Cee": [-0.01,0,0.03], "I_ee": [0.001,0,0,0,0.0025,0,0,0,0.0017], "m_load": 0, "F_x_Cload": [0,0,0], "I_load": [0,0,0,0,0,0,0,0,0], "m_total": 0.73, "F_x_Ctotal": [-0.01,0,0.03], "I_total": [0.001,0,0,0,0.0025,0,0,0,0.0017], "elbow": [-1.06197,-1], "elbow_d": [-1.06212,-1], "elbow_c": [-1.06212,-1], "delbow_c": [0,0], "ddelbow_c": [0,0], "tau_J": [-0.185295,-42.3769,-21.1017,11.8179,-0.874813,-2.0273,0.122884], "tau_J_d": [0,0,0,0,0,0,0], "dtau_J": [29.9262,-176.661,141.996,109.477,-23.7686,-19.0254,32.4514], "q": [-0.14948,1.0677,-1.06197,-1.34379,-2.80182,2.82346,1.33321], "dq": [-0.000229659,0.000615543,-0.00204527,-0.00133723,0.000492462,0.000219121,-0.000179744], "q_d": [-0.149522,1.06759,-1.06212,-1.34422,-2.80177,2.8234,1.33327], "dq_d": [0,0,0,0,0,0,0], "ddq_d": [0,0,0,0,0,0,0], "joint_contact": [0,0,0,0,0,0,0], "cartesian_contact": [0,0,0,0,0,0], "joint_collision": [0,0,0,0,0,0,0], "cartesian_collision": [0,0,0,0,0,0], "tau_ext_hat_filtered": [-0.231429,0.137258,0.103073,-1.6818,0.654853,-0.733066,0.101218], "O_F_ext_hat_K": [-7.24873,8.02358,-2.9419,-2.59849,-2.1604,-0.158147], "K_F_ext_hat_K": [3.45216,-2.55947,-10.3493,-0.444778,-2.65766,0.318826], "O_dP_EE_d": [0,0,0,0,0,0], "O_ddP_O": [0,0,-9.81], "O_T_EE_c": [-0.0342936,0.0330606,-0.998855,0,0.881681,0.471598,-0.0146615,0,0.470583,-0.881191,-0.0453225,0,0.518879,-0.661259,0.294918,1], "O_dP_EE_c": [0,0,0,0,0,0], "O_ddP_EE_c": [0,0,0,0,0,0], "theta": [-0.149493,1.06473,-1.06345,-1.34296,-2.80192,2.82324,1.33322], "dtheta": [0,0,0,0,0,0,0], "current_errors": [], "last_motion_errors": [], "control_command_success_rate": 0, "robot_mode": "User stopped", "time": 424500}