{"O_T_EE": [-0.0144992,0.0376102,-0.999178,0,0.929491,0.368818,0.000394816,0,0.368537,-0.928739,-0.0403067,0,0.436992,-0.719589,0.294476,1], "O_T_EE_d": [-0.0144486,0.0376356,-0.999177,0,0.929671,0.368365,0.000431577,0,0.368085,-0.928918,-0.0403119,0,0.43667,-0.719713,0.294508,1], "F_T_NE": [0.7071,-0.7071,0,0,0.7071,0.7071,0,0,0,0,1,0,0,0,0.1034,1], "NE_T_EE": [1,0,0,0,0,1,0,0,0,0,1,0,0,0,0,1], "F_T_EE": [0.7071,-0.7071,0,0,0.7071,0.7071,0,0,0,0,1,0,0,0,0.1034,1], "EE_T_K": [1,0,0,0,0,1,0,0,0,0,1,0,0,0,0,1], "m_ee": 0.73, "F_x_Cee": [-0.01,0,0.03], "I_ee": [0.001,0,0,0,0.0025,0,0,0,0.0017], "m_load": 0, "F_x_Cload": [0,0,0], "I_load": [0,0,0,0,0,0,0,0,0], "m_total": 0.73, "F_x_Ctotal": [-0.01,0,0.03], "I_total": [0.001,0,0,0,0.0025,0,0,0,0.0017], "elbow": [-1.06013,-1], "elbow_d": [-1.06031,-1], "elbow_c": [-1.06031,-1], "delbow_c": [0,0], "ddelbow_c": [0,0], "tau_J": [0.18763,-42.8689,-21.1413,11.9687,-1.04876,-1.86708,0.153096], "tau_J_d": [0,0,0,0,0,0,0], "dtau_J": [-113.337,-153.734,29.1234,-15.7705,-2.49595,-10.2778,70.0733], "q": [-0.271899,1.07062,-1.06013,-1.34258,-2.80943,2.81332,1.35643], "dq": [0.000676152,0.00122057,-0.0002118,-0.000520995,-0.0003169,-0.000183388,-0.000738166], "q_d": [-0.272045,1.07052,-1.06031,-1.3429,-2.80939,2.81331,1.35649], "dq_d": [0,0,0,0,0,0,0], "ddq_d": [0,0,0,0,0,0,0], "joint_contact": [0,0,0,0,0,0,0], "cartesian_contact": [0,0,0,0,0,0], "joint_collision": [0,0,0,0,0,0,0], "cartesian_collision": [0,0,0,0,0,0], "tau_ext_hat_filtered": [0.213416,-0.291425,0.126975,-1.42972,0.46301,-0.584361,0.09454], "O_F_ext_hat_K": [-6.57158,9.60973,-1.68039,-3.42694,-2.29417,0.289745], "K_F_ext_hat_K": [2.13575,-2.5647,-11.2791,-0.833511,-2.08196,0.316697], "O_dP_EE_d": [0,0,0,0,0,0], "O_ddP_O": [0,0,-9.81], "O_T_EE_c": [-0.0144486,0.0376356,-0.999177,0,0.929671,0.368365,0.000431577,0,0.368085,-0.928918,-0.0403119,0,0.43667,-0.719713,0.294508,1], "O_dP_EE_c": [0,0,0,0,0,0], "O_ddP_EE_c": [0,0,0,0,0,0], "theta": [-0.271885,1.06761,-1.06161,-1.34174,-2.80955,2.81311,1.35645], "dtheta": [0,0,0,0,0,0,0], "current_errors": [], "last_motion_errors": [], "control_command_success_rate": 0, "robot_mode": "User stopped", "time": 715037}