{"O_T_EE": [-0.0176682,0.0409061,-0.998997,0,0.9053,0.424749,0.00138121,0,0.424387,-0.904385,-0.0445377,0,0.478761,-0.691862,0.294916,1], "O_T_EE_d": [-0.0176461,0.0408904,-0.998998,0,0.905501,0.42432,0.00137346,0,0.423959,-0.904587,-0.0445147,0,0.478447,-0.691997,0.294975,1], "F_T_NE": [0.7071,-0.7071,0,0,0.7071,0.7071,0,0,0,0,1,0,0,0,0.1034,1], "NE_T_EE": [1,0,0,0,0,1,0,0,0,0,1,0,0,0,0,1], "F_T_EE": [0.7071,-0.7071,0,0,0.7071,0.7071,0,0,0,0,1,0,0,0,0.1034,1], "EE_T_K": [1,0,0,0,0,1,0,0,0,0,1,0,0,0,0,1], "m_ee": 0.73, "F_x_Cee": [-0.01,0,0.03], "I_ee": [0.001,0,0,0,0.0025,0,0,0,0.0017], "m_load": 0, "F_x_Cload": [0,0,0], "I_load": [0,0,0,0,0,0,0,0,0], "m_total": 0.73, "F_x_Ctotal": [-0.01,0,0.03], "I_total": [0.001,0,0,0,0.0025,0,0,0,0.0017], "elbow": [-0.993701,-1], "elbow_d": [-0.993945,-1], "elbow_c": [-0.993945,-1], "delbow_c": [0,0], "ddelbow_c": [0,0], "tau_J": [0.112252,-42.9443,-19.6774,13.1589,-1.01214,-1.95772,0.143025], "tau_J_d": [0,0,0,0,0,0,0], "dtau_J": [-162.769,-35.5849,-67.1986,-101.697,-14.4787,-3.95811,59.9146], "q": [-0.245659,1.01551,-0.993701,-1.35313,-2.80358,2.79854,1.27427], "dq": [0.000957489,0.000626623,0.000863463,0.00062205,0.000745573,0.000221432,-0.000847259], "q_d": [-0.245745,1.01537,-0.993945,-1.3535,-2.80356,2.79851,1.27432], "dq_d": [0,0,0,0,0,0,0], "ddq_d": [0,0,0,0,0,0,0], "joint_contact": [0,0,0,0,0,0,0], "cartesian_contact": [0,0,0,0,0,0], "joint_collision": [0,0,0,0,0,0,0], "cartesian_collision": [0,0,0,0,0,0], "tau_ext_hat_filtered": [0.0942002,-0.162795,0.21163,-1.49931,0.396041,-0.592744,0.0832703], "O_F_ext_hat_K": [-7.03875,8.88209,-1.89017,-3.0329,-2.35969,0.18687], "K_F_ext_hat_K": [2.37602,-2.60218,-10.9358,-0.821776,-2.06211,0.308855], "O_dP_EE_d": [0,0,0,0,0,0], "O_ddP_O": [0,0,-9.81], "O_T_EE_c": [-0.0176461,0.0408904,-0.998998,0,0.905501,0.42432,0.00137346,0,0.423959,-0.904587,-0.0445147,0,0.478447,-0.691997,0.294975,1], "O_dP_EE_c": [0,0,0,0,0,0], "O_ddP_EE_c": [0,0,0,0,0,0], "theta": [-0.245651,1.01249,-0.995081,-1.35221,-2.8037,2.79832,1.27428], "dtheta": [0,0,0,0,0,0,0], "current_errors": [], "last_motion_errors": [], "control_command_success_rate": 0, "robot_mode": "User stopped", "time": 357709}