{"O_T_EE": [0.00431919,0.0374549,-0.999279,0,0.945166,0.326152,0.0163101,0,0.326534,-0.944574,-0.033993,0,0.393263,-0.746509,0.306659,1], "O_T_EE_d": [0.00433653,0.0372942,-0.999285,0,0.945289,0.3258,0.0162613,0,0.32618,-0.944702,-0.0338416,0,0.392991,-0.746636,0.306759,1], "F_T_NE": [0.7071,-0.7071,0,0,0.7071,0.7071,0,0,0,0,1,0,0,0,0.1034,1], "NE_T_EE": [1,0,0,0,0,1,0,0,0,0,1,0,0,0,0,1], "F_T_EE": [0.7071,-0.7071,0,0,0.7071,0.7071,0,0,0,0,1,0,0,0,0.1034,1], "EE_T_K": [1,0,0,0,0,1,0,0,0,0,1,0,0,0,0,1], "m_ee": 0.73, "F_x_Cee": [-0.01,0,0.03], "I_ee": [0.001,0,0,0,0.0025,0,0,0,0.0017], "m_load": 0, "F_x_Cload": [0,0,0], "I_load": [0,0,0,0,0,0,0,0,0], "m_total": 0.73, "F_x_Ctotal": [-0.01,0,0.03], "I_total": [0.001,0,0,0,0.0025,0,0,0,0.0017], "elbow": [2.7402,-1], "elbow_d": [2.73995,-1], "elbow_c": [2.73995,-1], "delbow_c": [0,0], "ddelbow_c": [0,0], "tau_J": [-0.371757,46.4823,-7.56529,19.1772,-0.280636,-2.40816,0.112813], "tau_J_d": [0,0,0,0,0,0,0], "dtau_J": [-16.5125,-93.9055,9.80458,33.2947,21.5844,-30.8792,64.4597], "q": [2.37699,-0.730938,2.7402,-1.40299,-2.79894,2.67287,0.766216], "dq": [0.000843324,0.000642759,-0.000561633,-0.000578502,0.00870084,0.000720166,0.000101434], "q_d": [2.37685,-0.730805,2.73995,-1.40311,-2.79891,2.67281,0.766249], "dq_d": [0,0,0,0,0,0,0], "ddq_d": [0,0,0,0,0,0,0], "joint_contact": [0,0,0,0,0,0,0], "cartesian_contact": [0,0,0,0,0,0], "joint_collision": [0,0,0,0,0,0,0], "cartesian_collision": [0,0,0,0,0,0], "tau_ext_hat_filtered": [-0.274236,0.11859,-0.0823566,-1.17545,0.328613,-0.822726,0.099553], "O_F_ext_hat_K": [-3.99185,8.11629,-1.98852,-2.87536,-1.28403,-0.165792], "K_F_ext_hat_K": [2.27389,-1.15828,-8.90231,0.337776,-2.04913,0.197174], "O_dP_EE_d": [0,0,0,0,0,0], "O_ddP_O": [0,0,-9.81], "O_T_EE_c": [0.00433653,0.0372942,-0.999285,0,0.945289,0.3258,0.0162613,0,0.32618,-0.944702,-0.0338416,0,0.392991,-0.746636,0.306759,1], "O_dP_EE_c": [0,0,0,0,0,0], "O_ddP_EE_c": [0,0,0,0,0,0], "theta": [2.37697,-0.727676,2.73967,-1.40165,-2.79897,2.67261,0.766228], "dtheta": [0,0,0,0,0.0376351,0,0], "current_errors": [], "last_motion_errors": [], "control_command_success_rate": 0, "robot_mode": "User stopped", "time": 576277}