{"O_T_EE": [-0.00835747,0.00361758,-0.999949,0,0.994481,0.104525,-0.00793362,0,0.104493,-0.994516,-0.00447127,0,0.207659,-0.820702,0.305367,1], "O_T_EE_d": [-0.00826926,0.00354868,-0.99995,0,0.994479,0.104547,-0.007853,0,0.104516,-0.994513,-0.0043937,0,0.2077,-0.820688,0.305393,1], "F_T_NE": [0.7071,-0.7071,0,0,0.7071,0.7071,0,0,0,0,1,0,0,0,0.1034,1], "NE_T_EE": [1,0,0,0,0,1,0,0,0,0,1,0,0,0,0,1], "F_T_EE": [0.7071,-0.7071,0,0,0.7071,0.7071,0,0,0,0,1,0,0,0,0.1034,1], "EE_T_K": [1,0,0,0,0,1,0,0,0,0,1,0,0,0,0,1], "m_ee": 0.73, "F_x_Cee": [-0.01,0,0.03], "I_ee": [0.001,0,0,0,0.0025,0,0,0,0.0017], "m_load": 0, "F_x_Cload": [0,0,0], "I_load": [0,0,0,0,0,0,0,0,0], "m_total": 0.73, "F_x_Ctotal": [-0.01,0,0.03], "I_total": [0.001,0,0,0,0.0025,0,0,0,0.0017], "elbow": [2.69673,-1], "elbow_d": [2.69675,-1], "elbow_c": [2.69675,-1], "delbow_c": [0,0], "ddelbow_c": [0,0], "tau_J": [0.600228,46.6727,-7.97789,19.0622,-0.280636,-2.46858,0.000202917], "tau_J_d": [0,0,0,0,0,0,0], "dtau_J": [21.8232,128.478,19.7944,-92.6925,19.3675,21.6392,-50.8882], "q": [2.17342,-0.751538,2.69673,-1.40351,-2.81746,2.63842,0.793845], "dq": [2.66022e-07,-0.00131389,0.0029059,-0.00241283,-0.000877892,-0.000373552,-0.00033743], "q_d": [2.17347,-0.751482,2.69675,-1.40357,-2.8174,2.63833,0.79385], "dq_d": [0,0,0,0,0,0,0], "ddq_d": [0,0,0,0,0,0,0], "joint_contact": [0,0,0,0,0,0,0], "cartesian_contact": [0,0,0,0,0,0], "joint_collision": [0,0,0,0,0,0,0], "cartesian_collision": [0,0,0,0,0,0], "tau_ext_hat_filtered": [0.683656,0.409818,0.446035,-0.958228,0.400837,-0.852938,0.0300799], "O_F_ext_hat_K": [-0.841146,10.0708,-1.56,-3.84594,-0.244206,0.759015], "K_F_ext_hat_K": [1.60341,0.228529,-10.0965,0.657918,-2.06718,0.0981489], "O_dP_EE_d": [0,0,0,0,0,0], "O_ddP_O": [0,0,-9.81], "O_T_EE_c": [-0.00826926,0.00354868,-0.99995,0,0.994479,0.104547,-0.007853,0,0.104516,-0.994513,-0.0043937,0,0.2077,-0.820688,0.305393,1], "O_dP_EE_c": [0,0,0,0,0,0], "O_ddP_EE_c": [0,0,0,0,0,0], "theta": [2.17347,-0.748263,2.69617,-1.40217,-2.81749,2.63815,0.793845], "dtheta": [0,0,0,0,0,0,0], "current_errors": [], "last_motion_errors": ["cartesian_reflex"], "control_command_success_rate": 0, "robot_mode": "User stopped", "time": 5118705}