{"O_T_EE": [0.0346006,0.0362401,-0.998734,0,0.990691,-0.132825,0.0295022,0,-0.131591,-0.990477,-0.0404994,0,0.00745028,-0.850855,0.291953,1], "O_T_EE_d": [0.0345696,0.0361687,-0.998738,0,0.990651,-0.133128,0.0294685,0,-0.131897,-0.990438,-0.0404335,0,0.00720684,-0.850848,0.291954,1], "F_T_NE": [0.7071,-0.7071,0,0,0.7071,0.7071,0,0,0,0,1,0,0,0,0.1034,1], "NE_T_EE": [1,0,0,0,0,1,0,0,0,0,1,0,0,0,0,1], "F_T_EE": [0.7071,-0.7071,0,0,0.7071,0.7071,0,0,0,0,1,0,0,0,0.1034,1], "EE_T_K": [1,0,0,0,0,1,0,0,0,0,1,0,0,0,0,1], "m_ee": 0.73, "F_x_Cee": [-0.01,0,0.03], "I_ee": [0.001,0,0,0,0.0025,0,0,0,0.0017], "m_load": 0, "F_x_Cload": [0,0,0], "I_load": [0,0,0,0,0,0,0,0,0], "m_total": 0.73, "F_x_Ctotal": [-0.01,0,0.03], "I_total": [0.001,0,0,0,0.0025,0,0,0,0.0017], "elbow": [-0.26217,-1], "elbow_d": [-0.262311,-1], "elbow_c": [-0.262311,-1], "delbow_c": [0,0], "ddelbow_c": [0,0], "tau_J": [-0.0742106,-47.6931,-5.01829,19.6771,-0.179928,-2.49879,0.143025], "tau_J_d": [0,0,0,0,0,0,0], "dtau_J": [77.6434,-209.382,-137.828,-13.6037,-5.93473,24.6119,72.0643], "q": [-1.35176,0.749524,-0.26217,-1.37145,-2.8218,2.65584,0.715778], "dq": [-0.000974446,0.00088684,0.000936518,-0.000150504,0.00957957,-0.000122227,-0.002477], "q_d": [-1.35192,0.749507,-0.262311,-1.37154,-2.82177,2.65573,0.715819], "dq_d": [0,0,0,0,0,0,0], "ddq_d": [0,0,0,0,0,0,0], "joint_contact": [0,0,0,0,0,0,0], "cartesian_contact": [0,0,0,0,0,0], "joint_collision": [0,0,0,0,0,0,0], "cartesian_collision": [0,0,0,0,0,0], "tau_ext_hat_filtered": [-0.0996136,0.0702341,0.048206,-0.989284,0.354983,-0.964125,0.0949561], "O_F_ext_hat_K": [0.662612,8.10774,-2.16937,-2.63684,0.340383,-0.00701638], "K_F_ext_hat_K": [2.48342,-0.484481,-8.02986,0.561939,-2.13197,0.17443], "O_dP_EE_d": [0,0,0,0,0,0], "O_ddP_O": [0,0,-9.81], "O_T_EE_c": [0.0345696,0.0361687,-0.998738,0,0.990651,-0.133128,0.0294685,0,-0.131897,-0.990438,-0.0404335,0,0.00720684,-0.850848,0.291954,1], "O_dP_EE_c": [0,0,0,0,0,0], "O_ddP_EE_c": [0,0,0,0,0,0], "theta": [-1.35177,0.746176,-0.262522,-1.37007,-2.82182,2.65556,0.715794], "dtheta": [0,0,0,0,0.0371224,0,0], "current_errors": [], "last_motion_errors": [], "control_command_success_rate": 0, "robot_mode": "User stopped", "time": 991657}