{"O_T_EE": [-0.000686655,0.029045,-0.999568,0,0.99949,-0.0315995,-0.00160481,0,-0.0316331,-0.999078,-0.0290091,0,0.105124,-0.842216,0.306521,1], "O_T_EE_d": [-0.00070001,0.0290725,-0.999567,0,0.99949,-0.0315845,-0.00161859,0,-0.0316185,-0.999078,-0.0290361,0,0.105155,-0.842185,0.306496,1], "F_T_NE": [0.7071,-0.7071,0,0,0.7071,0.7071,0,0,0,0,1,0,0,0,0.1034,1], "NE_T_EE": [1,0,0,0,0,1,0,0,0,0,1,0,0,0,0,1], "F_T_EE": [0.7071,-0.7071,0,0,0.7071,0.7071,0,0,0,0,1,0,0,0,0.1034,1], "EE_T_K": [1,0,0,0,0,1,0,0,0,0,1,0,0,0,0,1], "m_ee": 0.73, "F_x_Cee": [-0.01,0,0.03], "I_ee": [0.001,0,0,0,0.0025,0,0,0,0.0017], "m_load": 0, "F_x_Cload": [0,0,0], "I_load": [0,0,0,0,0,0,0,0,0], "m_total": 0.73, "F_x_Ctotal": [-0.01,0,0.03], "I_total": [0.001,0,0,0,0.0025,0,0,0,0.0017], "elbow": [-2.47151,-1], "elbow_d": [-2.4715,-1], "elbow_c": [-2.4715,-1], "delbow_c": [0,0], "ddelbow_c": [0,0], "tau_J": [0.151925,45.2009,13.1677,17.3364,0.0755044,-2.01723,0.0414016], "tau_J_d": [0,0,0,0,0,0,0], "dtau_J": [-28.8061,-59.9603,-62.9597,212.711,-0.932763,12.9431,-19.3258], "q": [1.20031,-0.816979,-2.47151,-1.44099,-2.87753,2.51309,0.0973265], "dq": [0.000455178,0.000422647,0.000676167,-0.000287268,-0.00014722,-0.000127013,0.00164291], "q_d": [1.20031,-0.816922,-2.4715,-1.44115,-2.87751,2.51301,0.0973331], "dq_d": [0,0,0,0,0,0,0], "ddq_d": [0,0,0,0,0,0,0], "joint_contact": [0,0,0,0,0,0,0], "cartesian_contact": [0,0,0,0,0,0], "joint_collision": [0,0,0,0,0,0,0], "cartesian_collision": [0,0,0,0,0,0], "tau_ext_hat_filtered": [0.182696,0.496538,0.272385,-1.57049,-0.0588129,-0.8123,0.0709431], "O_F_ext_hat_K": [-0.0524021,12.6341,-1.19042,-4.72365,0.0891334,0.221764], "K_F_ext_hat_K": [1.55693,-0.449706,-12.5863,1.06248,-1.85045,0.109379], "O_dP_EE_d": [0,0,0,0,0,0], "O_ddP_O": [0,0,-9.81], "O_T_EE_c": [-0.00070001,0.0290725,-0.999567,0,0.99949,-0.0315845,-0.00161859,0,-0.0316185,-0.999078,-0.0290361,0,0.105155,-0.842185,0.306496,1], "O_dP_EE_c": [0,0,0,0,0,0], "O_ddP_EE_c": [0,0,0,0,0,0], "theta": [1.20032,-0.813806,-2.47059,-1.43978,-2.87752,2.51287,0.0973311], "dtheta": [0,0,0,0,0,0,0], "current_errors": [], "last_motion_errors": ["cartesian_reflex"], "control_command_success_rate": 0, "robot_mode": "User stopped", "time": 5300927}