{"O_T_EE": [0.0137034,0.0224307,-0.999645,0,0.703956,-0.710202,-0.00628594,0,-0.710104,-0.703634,-0.0255229,0,-0.513747,-0.693065,0.306996,1], "O_T_EE_d": [0.0136964,0.0224956,-0.999643,0,0.703854,-0.710303,-0.00634068,0,-0.710206,-0.70353,-0.0255627,0,-0.513825,-0.693004,0.306933,1], "F_T_NE": [0.7071,-0.7071,0,0,0.7071,0.7071,0,0,0,0,1,0,0,0,0.1034,1], "NE_T_EE": [1,0,0,0,0,1,0,0,0,0,1,0,0,0,0,1], "F_T_EE": [0.7071,-0.7071,0,0,0.7071,0.7071,0,0,0,0,1,0,0,0,0.1034,1], "EE_T_K": [1,0,0,0,0,1,0,0,0,0,1,0,0,0,0,1], "m_ee": 0.73, "F_x_Cee": [-0.01,0,0.03], "I_ee": [0.001,0,0,0,0.0025,0,0,0,0.0017], "m_load": 0, "F_x_Cload": [0,0,0], "I_load": [0,0,0,0,0,0,0,0,0], "m_total": 0.73, "F_x_Ctotal": [-0.01,0,0.03], "I_total": [0.001,0,0,0,0.0025,0,0,0,0.0017], "elbow": [-2.54955,-1], "elbow_d": [-2.54963,-1], "elbow_c": [-2.54963,-1], "delbow_c": [0,0], "ddelbow_c": [0,0], "tau_J": [0.0368734,45.4667,11.2952,18.1815,0.148747,-2.18751,0.071614], "tau_J_d": [0,0,0,0,0,0,0], "dtau_J": [-126.9,-65.4994,-157.156,-185.54,4.63204,-12.8929,16.2619], "q": [0.511801,-0.839455,-2.54955,-1.35252,-2.8682,2.55566,0.12017], "dq": [-6.09618e-05,0.000762195,0.00100938,3.90427e-05,-0.000165698,-0.000186601,0.000142986], "q_d": [0.511742,-0.839502,-2.54963,-1.35256,-2.86819,2.55559,0.120156], "dq_d": [0,0,0,0,0,0,0], "ddq_d": [0,0,0,0,0,0,0], "joint_contact": [0,0,0,0,0,0,0], "cartesian_contact": [0,0,0,0,0,0], "joint_collision": [0,0,0,0,0,0,0], "cartesian_collision": [0,0,0,0,0,0], "tau_ext_hat_filtered": [0.0558998,-1.10406,-0.157181,-1.18902,-0.0141484,-0.926514,0.0762346], "O_F_ext_hat_K": [4.48051,3.8778,-3.37398,-0.276973,0.856491,0.165219], "K_F_ext_hat_K": [3.52123,0.421278,-5.82407,0.955241,-1.85961,0.181547], "O_dP_EE_d": [0,0,0,0,0,0], "O_ddP_O": [0,0,-9.81], "O_T_EE_c": [0.0136964,0.0224956,-0.999643,0,0.703854,-0.710303,-0.00634068,0,-0.710206,-0.70353,-0.0255627,0,-0.513825,-0.693004,0.306933,1], "O_dP_EE_c": [0,0,0,0,0,0], "O_ddP_EE_c": [0,0,0,0,0,0], "theta": [0.511803,-0.836266,-2.54876,-1.35125,-2.86818,2.55542,0.120178], "dtheta": [0,0,0,0,0,0,0], "current_errors": [], "last_motion_errors": ["cartesian_reflex"], "control_command_success_rate": 0, "robot_mode": "User stopped", "time": 5817027}