{"O_T_EE": [0.00446077,0.0401878,-0.999173,0,0.788243,-0.614983,-0.0212162,0,-0.615339,-0.787511,-0.0344217,0,-0.428599,-0.746686,0.306431,1], "O_T_EE_d": [0.004413,0.040096,-0.999176,0,0.788225,-0.615006,-0.0211983,0,-0.615362,-0.787497,-0.0343194,0,-0.428583,-0.746696,0.306474,1], "F_T_NE": [0.7071,-0.7071,0,0,0.7071,0.7071,0,0,0,0,1,0,0,0,0.1034,1], "NE_T_EE": [1,0,0,0,0,1,0,0,0,0,1,0,0,0,0,1], "F_T_EE": [0.7071,-0.7071,0,0,0.7071,0.7071,0,0,0,0,1,0,0,0,0.1034,1], "EE_T_K": [1,0,0,0,0,1,0,0,0,0,1,0,0,0,0,1], "m_ee": 0.73, "F_x_Cee": [-0.01,0,0.03], "I_ee": [0.001,0,0,0,0.0025,0,0,0,0.0017], "m_load": 0, "F_x_Cload": [0,0,0], "I_load": [0,0,0,0,0,0,0,0,0], "m_total": 0.73, "F_x_Ctotal": [-0.01,0,0.03], "I_total": [0.001,0,0,0,0.0025,0,0,0,0.0017], "elbow": [-2.53337,-1], "elbow_d": [-2.53331,-1], "elbow_c": [-2.53331,-1], "delbow_c": [0,0], "ddelbow_c": [0,0], "tau_J": [0.0765462,46.8592,12.3068,18.4116,0.331852,-2.29829,0.0926712], "tau_J_d": [0,0,0,0,0,0,0], "dtau_J": [-67.2309,-71.4112,-7.47677,6.30435,-21.1798,-8.44294,-70.8462], "q": [0.6136,-0.839924,-2.53337,-1.35741,-2.87675,2.56869,0.100974], "dq": [0.000823489,-0.000364158,-0.00601661,-0.000925673,0.00439457,0.000219831,-9.76533e-05], "q_d": [0.613589,-0.83988,-2.53331,-1.35746,-2.87674,2.56858,0.100969], "dq_d": [0,0,0,0,0,0,0], "ddq_d": [0,0,0,0,0,0,0], "joint_contact": [0,0,0,0,0,0,0], "cartesian_contact": [0,0,0,0,0,0], "joint_collision": [0,0,0,0,0,0,0], "cartesian_collision": [0,0,0,0,0,0], "tau_ext_hat_filtered": [0.0206226,0.428846,0.397564,-0.932426,0.155494,-1.05987,0.12918], "O_F_ext_hat_K": [6.58802,8.13013,-1.19985,-3.15135,2.47438,0.130194], "K_F_ext_hat_K": [1.55501,0.218528,-10.4151,1.33539,-1.79533,0.238558], "O_dP_EE_d": [0,0,0,0,0,0], "O_ddP_O": [0,0,-9.81], "O_T_EE_c": [0.004413,0.040096,-0.999176,0,0.788225,-0.615006,-0.0211983,0,-0.615362,-0.787497,-0.0343194,0,-0.428583,-0.746696,0.306474,1], "O_dP_EE_c": [0,0,0,0,0,0], "O_ddP_EE_c": [0,0,0,0,0,0], "theta": [0.613605,-0.836636,-2.53251,-1.35612,-2.87671,2.56844,0.100984], "dtheta": [0,0,-0.0249701,0,0.0375315,0,0], "current_errors": [], "last_motion_errors": ["cartesian_reflex"], "control_command_success_rate": 0, "robot_mode": "User stopped", "time": 5625523}