{"O_T_EE": [-0.0105003,-0.0368854,-0.999255,0,-0.871298,-0.489978,0.0272422,0,-0.490627,0.870952,-0.0269938,0,-0.55575,0.665306,0.3965,1], "O_T_EE_d": [-0.0105927,-0.0366935,-0.999261,0,-0.871382,-0.489829,0.027224,0,-0.490476,0.871043,-0.026786,0,-0.55571,0.665337,0.396586,1], "F_T_NE": [0.7071,-0.7071,0,0,0.7071,0.7071,0,0,0,0,1,0,0,0,0.1034,1], "NE_T_EE": [1,0,0,0,0,1,0,0,0,0,1,0,0,0,0,1], "F_T_EE": [0.7071,-0.7071,0,0,0.7071,0.7071,0,0,0,0,1,0,0,0,0.1034,1], "EE_T_K": [1,0,0,0,0,1,0,0,0,0,1,0,0,0,0,1], "m_ee": 0.73, "F_x_Cee": [-0.01,0,0.03], "I_ee": [0.001,0,0,0,0.0025,0,0,0,0.0017], "m_load": 0, "F_x_Cload": [0,0,0], "I_load": [0,0,0,0,0,0,0,0,0], "m_total": 0.73, "F_x_Ctotal": [-0.01,0,0.03], "I_total": [0.001,0,0,0,0.0025,0,0,0,0.0017], "elbow": [0.306194,-1], "elbow_d": [0.306187,-1], "elbow_c": [0.306187,-1], "delbow_c": [0,0], "ddelbow_c": [0,0], "tau_J": [-0.558219,-48.1097,5.14589,21.0181,0.441715,-2.64894,-0.00986788], "tau_J_d": [0,0,0,0,0,0,0], "dtau_J": [60.6922,-57.7616,71.6556,-147.825,23.1763,-14.3951,-64.1013], "q": [2.04636,0.701309,0.306194,-1.24263,-2.61967,2.72965,0.133362], "dq": [-0.000330068,-4.95227e-05,-0.000918194,0.00300336,-0.000297142,0.000386423,0.00173048], "q_d": [2.04633,0.701197,0.306187,-1.2427,-2.61963,2.72942,0.133332], "dq_d": [0,0,0,0,0,0,0], "ddq_d": [0,0,0,0,0,0,0], "joint_contact": [0,0,0,0,0,0,0], "cartesian_contact": [0,0,0,0,0,0], "joint_collision": [0,0,0,0,0,0,0], "cartesian_collision": [0,0,0,0,0,0], "tau_ext_hat_filtered": [-0.565933,-0.651704,-0.333195,-0.464677,0.0304822,-1.41244,0.0392183], "O_F_ext_hat_K": [5.10372,-7.90752,-2.4063,3.33623,1.80343,-0.454697], "K_F_ext_hat_K": [2.64263,-0.637918,-9.32614,1.39256,-2.157,0.128169], "O_dP_EE_d": [0,0,0,0,0,0], "O_ddP_O": [0,0,-9.81], "O_T_EE_c": [-0.0105927,-0.0366935,-0.999261,0,-0.871382,-0.489829,0.027224,0,-0.490476,0.871043,-0.026786,0,-0.55571,0.665337,0.396586,1], "O_dP_EE_c": [0,0,0,0,0,0], "O_ddP_EE_c": [0,0,0,0,0,0], "theta": [2.04632,0.697933,0.306556,-1.24115,-2.61962,2.72936,0.13336], "dtheta": [0,0,0,0,0,0,0], "current_errors": [], "last_motion_errors": [], "control_command_success_rate": 0, "robot_mode": "User stopped", "time": 992945}