{"O_T_EE": [0.0105244,-0.00205411,-0.999933,0,-0.928685,-0.370735,-0.00901291,0,-0.370699,0.928735,-0.00580949,0,-0.475259,0.722935,0.396451,1], "O_T_EE_d": [0.0104296,-0.0018618,-0.999934,0,-0.928819,-0.370399,-0.0089982,0,-0.370365,0.928869,-0.0055925,0,-0.475112,0.723037,0.396511,1], "F_T_NE": [0.7071,-0.7071,0,0,0.7071,0.7071,0,0,0,0,1,0,0,0,0.1034,1], "NE_T_EE": [1,0,0,0,0,1,0,0,0,0,1,0,0,0,0,1], "F_T_EE": [0.7071,-0.7071,0,0,0.7071,0.7071,0,0,0,0,1,0,0,0,0.1034,1], "EE_T_K": [1,0,0,0,0,1,0,0,0,0,1,0,0,0,0,1], "m_ee": 0.73, "F_x_Cee": [-0.01,0,0.03], "I_ee": [0.001,0,0,0,0.0025,0,0,0,0.0017], "m_load": 0, "F_x_Cload": [0,0,0], "I_load": [0,0,0,0,0,0,0,0,0], "m_total": 0.73, "F_x_Ctotal": [-0.01,0,0.03], "I_total": [0.001,0,0,0,0.0025,0,0,0,0.0017], "elbow": [0.267258,-1], "elbow_d": [0.267194,-1], "elbow_c": [0.267194,-1], "delbow_c": [0,0], "ddelbow_c": [0,0], "tau_J": [-0.970817,-48.185,4.20565,21.2482,0.505802,-2.78902,0.0313308], "tau_J_d": [0,0,0,0,0,0,0], "dtau_J": [143.467,-8.26947,73.5078,103.346,18.1579,-12.3999,95.5244], "q": [1.96322,0.684961,0.267258,-1.26958,-2.6193,2.69007,0.127787], "dq": [-0.00187058,1.34667e-05,-0.000753656,-0.000420997,-0.000232904,-0.000127439,-0.00141935], "q_d": [1.96309,0.684891,0.267194,-1.26965,-2.61923,2.68978,0.12779], "dq_d": [0,0,0,0,0,0,0], "ddq_d": [0,0,0,0,0,0,0], "joint_contact": [0,0,0,0,0,0,0], "cartesian_contact": [0,0,0,0,0,0], "joint_collision": [0,0,0,0,0,0,0], "cartesian_collision": [0,0,0,0,0,0], "tau_ext_hat_filtered": [-1.04452,-0.818068,-0.54323,-0.414443,0.195775,-1.49462,0.0033681], "O_F_ext_hat_K": [4.43501,-8.35702,-1.89101,3.6231,1.6534,-0.878737], "K_F_ext_hat_K": [1.95476,-1.00346,-9.39453,1.66017,-1.83703,0.125164], "O_dP_EE_d": [0,0,0,0,0,0], "O_ddP_O": [0,0,-9.81], "O_T_EE_c": [0.0104296,-0.0018618,-0.999934,0,-0.928819,-0.370399,-0.0089982,0,-0.370365,0.928869,-0.0055925,0,-0.475112,0.723037,0.396511,1], "O_dP_EE_c": [0,0,0,0,0,0], "O_ddP_EE_c": [0,0,0,0,0,0], "theta": [1.96315,0.68158,0.267552,-1.26809,-2.61924,2.68976,0.12779], "dtheta": [0,0,0,0,0,0,0], "current_errors": [], "last_motion_errors": [], "control_command_success_rate": 0, "robot_mode": "User stopped", "time": 1015300}