{"O_T_EE": [-0.00270876,-0.004694,-0.999976,0,-0.937185,-0.348781,0.00417589,0,-0.348798,0.937191,-0.00345445,0,-0.4325,0.746048,0.410319,1], "O_T_EE_d": [-0.00267795,-0.00441517,-0.999977,0,-0.937308,-0.34845,0.00404862,0,-0.348467,0.937316,-0.0032053,0,-0.432261,0.746176,0.410453,1], "F_T_NE": [0.7071,-0.7071,0,0,0.7071,0.7071,0,0,0,0,1,0,0,0,0.1034,1], "NE_T_EE": [1,0,0,0,0,1,0,0,0,0,1,0,0,0,0,1], "F_T_EE": [0.7071,-0.7071,0,0,0.7071,0.7071,0,0,0,0,1,0,0,0,0.1034,1], "EE_T_K": [1,0,0,0,0,1,0,0,0,0,1,0,0,0,0,1], "m_ee": 0.73, "F_x_Cee": [-0.01,0,0.03], "I_ee": [0.001,0,0,0,0.0025,0,0,0,0.0017], "m_load": 0, "F_x_Cload": [0,0,0], "I_load": [0,0,0,0,0,0,0,0,0], "m_total": 0.73, "F_x_Ctotal": [-0.01,0,0.03], "I_total": [0.001,0,0,0,0.0025,0,0,0,0.0017], "elbow": [2.82827,-1], "elbow_d": [2.82799,-1], "elbow_c": [2.82799,-1], "delbow_c": [0,0], "ddelbow_c": [0,0], "tau_J": [-0.855766,48.708,-5.84349,20.8237,-0.161617,-2.70845,0.0414016], "tau_J_d": [0,0,0,0,0,0,0], "dtau_J": [-68.4354,26.9649,-140.951,-33.6482,-13.328,-11.5179,-11.7311], "q": [-0.830175,-0.686042,2.82827,-1.20339,-2.6601,2.84597,0.524881], "dq": [-0.000255441,0.000306597,0.000844146,0.00368962,0.000233507,0.000229624,0.00279283], "q_d": [-0.830268,-0.685916,2.82799,-1.20344,-2.66009,2.84586,0.524874], "dq_d": [0,0,0,0,0,0,0], "ddq_d": [0,0,0,0,0,0,0], "joint_contact": [0,0,0,0,0,0,0], "cartesian_contact": [0,0,0,0,0,0], "joint_collision": [0,0,0,0,0,0,0], "cartesian_collision": [0,0,0,0,0,0], "tau_ext_hat_filtered": [-0.867394,1.30096,-0.862175,-0.661531,0.0870431,-1.10847,0.050551], "O_F_ext_hat_K": [6.26305,-10.6618,-2.28459,4.88027,2.53533,-0.792911], "K_F_ext_hat_K": [2.31766,-2.16058,-12.1688,0.721112,-2.40691,0.125384], "O_dP_EE_d": [0,0,0,0,0,0], "O_ddP_O": [0,0,-9.81], "O_T_EE_c": [-0.00267795,-0.00441517,-0.999977,0,-0.937308,-0.34845,0.00404862,0,-0.348467,0.937316,-0.0032053,0,-0.432261,0.746176,0.410453,1], "O_dP_EE_c": [0,0,0,0,0,0], "O_ddP_EE_c": [0,0,0,0,0,0], "theta": [-0.830235,-0.682625,2.82786,-1.20193,-2.66011,2.84567,0.524885], "dtheta": [0,0,0,0,0,0,0], "current_errors": [], "last_motion_errors": ["cartesian_reflex"], "control_command_success_rate": 0, "robot_mode": "User stopped", "time": 9271971}