{"O_T_EE": [0.00467779,0.0643407,-0.997907,0,-0.998176,0.0601994,-0.000797654,0,0.0600233,0.996111,0.0645062,0,-0.100157,0.849268,0.410289,1], "O_T_EE_d": [0.00470269,0.0644407,-0.997901,0,-0.998165,0.0603959,-0.000803786,0,0.0602185,0.996092,0.0646077,0,-0.100026,0.849284,0.410298,1], "F_T_NE": [0.7071,-0.7071,0,0,0.7071,0.7071,0,0,0,0,1,0,0,0,0.1034,1], "NE_T_EE": [1,0,0,0,0,1,0,0,0,0,1,0,0,0,0,1], "F_T_EE": [0.7071,-0.7071,0,0,0.7071,0.7071,0,0,0,0,1,0,0,0,0.1034,1], "EE_T_K": [1,0,0,0,0,1,0,0,0,0,1,0,0,0,0,1], "m_ee": 0.73, "F_x_Cee": [-0.01,0,0.03], "I_ee": [0.001,0,0,0,0.0025,0,0,0,0.0017], "m_load": 0, "F_x_Cload": [0,0,0], "I_load": [0,0,0,0,0,0,0,0,0], "m_total": 0.73, "F_x_Ctotal": [-0.01,0,0.03], "I_total": [0.001,0,0,0,0.0025,0,0,0,0.0017], "elbow": [2.79142,-1], "elbow_d": [2.79134,-1], "elbow_c": [2.79134,-1], "delbow_c": [0,0], "ddelbow_c": [0,0], "tau_J": [-0.522514,46.6727,-5.91887,21.1331,0.0480385,-2.88881,0.0111892], "tau_J_d": [0,0,0,0,0,0,0], "dtau_J": [-83.8038,-107.685,-170.85,32.5315,4.92311,18.5275,-75.0173], "q": [-1.18702,-0.650129,2.79142,-1.30524,-2.71119,2.72216,0.588918], "dq": [3.89501e-05,0.00197334,0.00148346,0.000413527,0.000387829,-2.64411e-05,0.000736655], "q_d": [-1.1871,-0.650131,2.79134,-1.30529,-2.71114,2.72203,0.588919], "dq_d": [0,0,0,0,0,0,0], "ddq_d": [0,0,0,0,0,0,0], "joint_contact": [0,0,0,0,0,0,0], "cartesian_contact": [0,0,0,0,0,0], "joint_collision": [0,0,0,0,0,0,0], "cartesian_collision": [0,0,0,0,0,0], "tau_ext_hat_filtered": [-0.476293,0.591619,-0.236401,-0.284597,0.465623,-1.1417,0.0688857], "O_F_ext_hat_K": [-0.188482,-5.88595,-1.88555,2.58258,-0.116123,-0.333507], "K_F_ext_hat_K": [1.50204,-0.164692,-5.996,1.09876,-1.75593,0.185789], "O_dP_EE_d": [0,0,0,0,0,0], "O_ddP_O": [0,0,-9.81], "O_T_EE_c": [0.00470269,0.0644407,-0.997901,0,-0.998165,0.0603959,-0.000803786,0,0.0602185,0.996092,0.0646077,0,-0.100026,0.849284,0.410298,1], "O_dP_EE_c": [0,0,0,0,0,0], "O_ddP_EE_c": [0,0,0,0,0,0], "theta": [-1.18706,-0.646854,2.791,-1.30376,-2.71118,2.72184,0.588919], "dtheta": [0,0,0,0,0,0,0], "current_errors": [], "last_motion_errors": ["cartesian_reflex"], "control_command_success_rate": 0, "robot_mode": "User stopped", "time": 9532621}