{"O_T_EE": [0.0172899,-0.0182809,-0.999674,0,-0.885574,0.463867,-0.0237992,0,0.46416,0.885714,-0.00816903,0,0.246037,0.812215,0.397864,1], "O_T_EE_d": [0.0173339,-0.0180521,-0.999677,0,-0.885546,0.463925,-0.0237324,0,0.464213,0.885688,-0.00794449,0,0.246065,0.812215,0.397965,1], "F_T_NE": [0.7071,-0.7071,0,0,0.7071,0.7071,0,0,0,0,1,0,0,0,0.1034,1], "NE_T_EE": [1,0,0,0,0,1,0,0,0,0,1,0,0,0,0,1], "F_T_EE": [0.7071,-0.7071,0,0,0.7071,0.7071,0,0,0,0,1,0,0,0,0.1034,1], "EE_T_K": [1,0,0,0,0,1,0,0,0,0,1,0,0,0,0,1], "m_ee": 0.73, "F_x_Cee": [-0.01,0,0.03], "I_ee": [0.001,0,0,0,0.0025,0,0,0,0.0017], "m_load": 0, "F_x_Cload": [0,0,0], "I_load": [0,0,0,0,0,0,0,0,0], "m_total": 0.73, "F_x_Ctotal": [-0.01,0,0.03], "I_total": [0.001,0,0,0,0.0025,0,0,0,0.0017], "elbow": [-0.299953,-1], "elbow_d": [-0.29997,-1], "elbow_c": [-0.29997,-1], "delbow_c": [0,0], "ddelbow_c": [0,0], "tau_J": [0.338387,-46.4513,-4.49064,21.0181,0.029728,-2.78902,0.214436], "tau_J_d": [0,0,0,0,0,0,0], "dtau_J": [86.4934,83.4426,-44.1697,-112.266,17.1107,6.34687,66.6649], "q": [1.50259,0.634208,-0.299953,-1.31716,-2.65249,2.78173,0.479307], "dq": [-0.000744977,-0.00163208,0.000302181,0.00115026,-0.00241614,0.000106226,-0.00204268], "q_d": [1.50258,0.634134,-0.29997,-1.31714,-2.65248,2.78159,0.479344], "dq_d": [0,0,0,0,0,0,0], "ddq_d": [0,0,0,0,0,0,0], "joint_contact": [0,0,0,0,0,0,0], "cartesian_contact": [0,0,0,0,0,0], "joint_collision": [0,0,0,0,0,0,0], "cartesian_collision": [0,0,0,0,0,0], "tau_ext_hat_filtered": [0.311639,-0.493147,0.172324,-0.380522,0.257462,-1.22481,0.172757], "O_F_ext_hat_K": [-3.47419,-6.7156,-2.59372,2.68613,-1.597,0.386403], "K_F_ext_hat_K": [2.65563,0.0232338,-7.53948,0.835097,-2.25531,0.235408], "O_dP_EE_d": [0,0,0,0,0,0], "O_ddP_O": [0,0,-9.81], "O_T_EE_c": [0.0173339,-0.0180521,-0.999677,0,-0.885546,0.463925,-0.0237324,0,0.464213,0.885688,-0.00794449,0,0.246065,0.812215,0.397965,1], "O_dP_EE_c": [0,0,0,0,0,0], "O_ddP_EE_c": [0,0,0,0,0,0], "theta": [1.50261,0.630949,-0.300267,-1.31568,-2.65249,2.78142,0.479331], "dtheta": [0,0,0,0,0,0,0], "current_errors": [], "last_motion_errors": ["cartesian_reflex"], "control_command_success_rate": 0, "robot_mode": "User stopped", "time": 9902382}