{"O_T_EE": [0.0154785,-0.00770565,-0.999841,0,-0.910263,0.413646,-0.0172797,0,0.413721,0.910403,-0.000611562,0,0.198288,0.825991,0.397765,1], "O_T_EE_d": [0.0155471,-0.00750281,-0.999841,0,-0.910196,0.413795,-0.0172582,0,0.413867,0.910337,-0.00039574,0,0.198383,0.825973,0.397856,1], "F_T_NE": [0.7071,-0.7071,0,0,0.7071,0.7071,0,0,0,0,1,0,0,0,0.1034,1], "NE_T_EE": [1,0,0,0,0,1,0,0,0,0,1,0,0,0,0,1], "F_T_EE": [0.7071,-0.7071,0,0,0.7071,0.7071,0,0,0,0,1,0,0,0,0.1034,1], "EE_T_K": [1,0,0,0,0,1,0,0,0,0,1,0,0,0,0,1], "m_ee": 0.73, "F_x_Cee": [-0.01,0,0.03], "I_ee": [0.001,0,0,0,0.0025,0,0,0,0.0017], "m_load": 0, "F_x_Cload": [0,0,0], "I_load": [0,0,0,0,0,0,0,0,0], "m_total": 0.73, "F_x_Ctotal": [-0.01,0,0.03], "I_total": [0.001,0,0,0,0.0025,0,0,0,0.0017], "elbow": [-0.219405,-1], "elbow_d": [-0.219466,-1], "elbow_c": [-0.219466,-1], "delbow_c": [0,0], "ddelbow_c": [0,0], "tau_J": [0.18763,-46.6021,-3.3679,21.0934,0.203678,-2.80916,0.0816849], "tau_J_d": [0,0,0,0,0,0,0], "dtau_J": [-23.5484,26.4161,-115.962,106.291,-26.5251,-19.0454,-53.774], "q": [1.50307,0.625209,-0.219405,-1.32571,-2.65168,2.75497,0.439264], "dq": [-0.000895273,-0.00142803,0.00167464,-0.00236641,0.000444387,0.000378657,0.00135051], "q_d": [1.50302,0.625139,-0.219466,-1.32572,-2.65166,2.75481,0.439273], "dq_d": [0,0,0,0,0,0,0], "ddq_d": [0,0,0,0,0,0,0], "joint_contact": [0,0,0,0,0,0,0], "cartesian_contact": [0,0,0,0,0,0], "joint_collision": [0,0,0,0,0,0,0], "cartesian_collision": [0,0,0,0,0,0], "tau_ext_hat_filtered": [0.150767,-0.403255,0.0526438,-0.54747,0.379261,-1.24596,0.117773], "O_F_ext_hat_K": [-3.54021,-6.90409,-2.53104,2.66213,-1.62154,0.230948], "K_F_ext_hat_K": [2.52909,0.41042,-7.74861,1.3606,-2.09956,0.179797], "O_dP_EE_d": [0,0,0,0,0,0], "O_ddP_O": [0,0,-9.81], "O_T_EE_c": [0.0155471,-0.00750281,-0.999841,0,-0.910196,0.413795,-0.0172582,0,0.413867,0.910337,-0.00039574,0,0.198383,0.825973,0.397856,1], "O_dP_EE_c": [0,0,0,0,0,0], "O_ddP_EE_c": [0,0,0,0,0,0], "theta": [1.50308,0.62194,-0.219641,-1.32423,-2.65166,2.75466,0.439275], "dtheta": [0,0,0,0,0,0,0], "current_errors": [], "last_motion_errors": ["cartesian_reflex"], "control_command_success_rate": 0, "robot_mode": "User stopped", "time": 9888894}