{"O_T_EE": [0.00789826,-0.0458479,-0.998908,0,-0.715713,0.697365,-0.0376667,0,0.698343,0.715242,-0.0273064,0,0.469531,0.700291,0.398207,1], "O_T_EE_d": [0.00805212,-0.0455981,-0.998918,0,-0.715759,0.697321,-0.0376006,0,0.698294,0.715301,-0.0270228,0,0.469459,0.700346,0.398354,1], "F_T_NE": [0.7071,-0.7071,0,0,0.7071,0.7071,0,0,0,0,1,0,0,0,0.1034,1], "NE_T_EE": [1,0,0,0,0,1,0,0,0,0,1,0,0,0,0,1], "F_T_EE": [0.7071,-0.7071,0,0,0.7071,0.7071,0,0,0,0,1,0,0,0,0.1034,1], "EE_T_K": [1,0,0,0,0,1,0,0,0,0,1,0,0,0,0,1], "m_ee": 0.73, "F_x_Cee": [-0.01,0,0.03], "I_ee": [0.001,0,0,0,0.0025,0,0,0,0.0017], "m_load": 0, "F_x_Cload": [0,0,0], "I_load": [0,0,0,0,0,0,0,0,0], "m_total": 0.73, "F_x_Ctotal": [-0.01,0,0.03], "I_total": [0.001,0,0,0,0.0025,0,0,0,0.0017], "elbow": [-0.269944,-1], "elbow_d": [-0.269946,-1], "elbow_c": [-0.269946,-1], "delbow_c": [0,0], "ddelbow_c": [0,0], "tau_J": [0.485177,-46.3363,-3.70512,20.903,-0.124996,-2.70845,0.163167], "tau_J_d": [0,0,0,0,0,0,0], "dtau_J": [10.2229,33.5228,50.5404,-131.451,-13.2409,-18.499,92.9754], "q": [1.18469,0.61113,-0.269944,-1.33888,-2.6587,2.79535,0.449587], "dq": [-0.000522032,0.000214147,0.00019682,0.000904281,0.00290948,0.000195516,-0.0007555], "q_d": [1.18482,0.610998,-0.269946,-1.33887,-2.65869,2.79519,0.449598], "dq_d": [0,0,0,0,0,0,0], "ddq_d": [0,0,0,0,0,0,0], "joint_contact": [0,0,0,0,0,0,0], "cartesian_contact": [0,0,0,0,0,0], "joint_collision": [0,0,0,0,0,0,0], "cartesian_collision": [0,0,0,0,0,0], "tau_ext_hat_filtered": [0.495388,-0.821457,0.388437,-0.436674,0.0831943,-1.20422,0.129149], "O_F_ext_hat_K": [-6.16815,-7.04039,-2.68613,2.89849,-2.8158,0.619227], "K_F_ext_hat_K": [2.95733,-0.393929,-9.26972,0.484059,-2.52983,0.231442], "O_dP_EE_d": [0,0,0,0,0,0], "O_ddP_O": [0,0,-9.81], "O_T_EE_c": [0.00805212,-0.0455981,-0.998918,0,-0.715759,0.697321,-0.0376006,0,0.698294,0.715301,-0.0270228,0,0.469459,0.700346,0.398354,1], "O_dP_EE_c": [0,0,0,0,0,0], "O_ddP_EE_c": [0,0,0,0,0,0], "theta": [1.18473,0.607878,-0.270204,-1.33741,-2.65871,2.79505,0.449605], "dtheta": [0,0,0,0,0.0387135,0,0], "current_errors": [], "last_motion_errors": ["cartesian_reflex"], "control_command_success_rate": 0, "robot_mode": "User stopped", "time": 10094168}