{"O_T_EE": [0.0125649,-0.0589522,-0.998172,0,-0.673356,0.737472,-0.0520314,0,0.739206,0.672792,-0.0304301,0,0.509909,0.671388,0.400072,1], "O_T_EE_d": [0.0126611,-0.0587652,-0.998182,0,-0.673326,0.737504,-0.0519591,0,0.739231,0.672773,-0.0302311,0,0.509904,0.6714,0.400138,1], "F_T_NE": [0.7071,-0.7071,0,0,0.7071,0.7071,0,0,0,0,1,0,0,0,0.1034,1], "NE_T_EE": [1,0,0,0,0,1,0,0,0,0,1,0,0,0,0,1], "F_T_EE": [0.7071,-0.7071,0,0,0.7071,0.7071,0,0,0,0,1,0,0,0,0.1034,1], "EE_T_K": [1,0,0,0,0,1,0,0,0,0,1,0,0,0,0,1], "m_ee": 0.73, "F_x_Cee": [-0.01,0,0.03], "I_ee": [0.001,0,0,0,0.0025,0,0,0,0.0017], "m_load": 0, "F_x_Cload": [0,0,0], "I_load": [0,0,0,0,0,0,0,0,0], "m_total": 0.73, "F_x_Ctotal": [-0.01,0,0.03], "I_total": [0.001,0,0,0,0.0025,0,0,0,0.0017], "elbow": [-0.350034,-1], "elbow_d": [-0.350065,-1], "elbow_c": [-0.350065,-1], "delbow_c": [0,0], "ddelbow_c": [0,0], "tau_J": [0.112252,-45.5071,-5.16508,20.788,-0.0892906,-2.78902,0.143025], "tau_J_d": [0,0,0,0,0,0,0], "dtau_J": [6.90364,-37.7282,14.6377,-159.818,11.292,31.4538,2.94288], "q": [1.18377,0.622931,-0.350034,-1.32649,-2.65832,2.81934,0.479866], "dq": [0.000807113,-6.41359e-05,-0.000163726,0.000816372,0.000204978,-5.07992e-06,0.000153393], "q_d": [1.18383,0.62288,-0.350065,-1.32652,-2.65829,2.81915,0.479907], "dq_d": [0,0,0,0,0,0,0], "ddq_d": [0,0,0,0,0,0,0], "joint_contact": [0,0,0,0,0,0,0], "cartesian_contact": [0,0,0,0,0,0], "joint_collision": [0,0,0,0,0,0,0], "cartesian_collision": [0,0,0,0,0,0], "tau_ext_hat_filtered": [0.163463,-0.191096,0.170783,-0.48519,0.180345,-1.2752,0.159698], "O_F_ext_hat_K": [-4.9382,-5.02667,-3.22758,1.70297,-2.01428,0.269737], "K_F_ext_hat_K": [3.45603,-0.213932,-6.93403,0.604336,-2.4689,0.255537], "O_dP_EE_d": [0,0,0,0,0,0], "O_ddP_O": [0,0,-9.81], "O_T_EE_c": [0.0126611,-0.0587652,-0.998182,0,-0.673326,0.737504,-0.0519591,0,0.739231,0.672773,-0.0302311,0,0.509904,0.6714,0.400138,1], "O_dP_EE_c": [0,0,0,0,0,0], "O_ddP_EE_c": [0,0,0,0,0,0], "theta": [1.18378,0.619738,-0.350396,-1.32503,-2.65833,2.81903,0.479882], "dtheta": [0,0,0,0,0,0,0], "current_errors": [], "last_motion_errors": ["cartesian_reflex"], "control_command_success_rate": 0, "robot_mode": "User stopped", "time": 10112849}