{"O_T_EE": [-0.0173095,-0.0228788,-0.999579,0,-0.548626,0.836001,-0.00963433,0,0.835885,0.548238,-0.0270231,0,0.608541,0.577697,0.409763,1], "O_T_EE_d": [-0.0172941,-0.0227859,-0.999581,0,-0.548634,0.835997,-0.00956487,0,0.835881,0.548249,-0.0269594,0,0.608523,0.577702,0.409804,1], "F_T_NE": [0.7071,-0.7071,0,0,0.7071,0.7071,0,0,0,0,1,0,0,0,0.1034,1], "NE_T_EE": [1,0,0,0,0,1,0,0,0,0,1,0,0,0,0,1], "F_T_EE": [0.7071,-0.7071,0,0,0.7071,0.7071,0,0,0,0,1,0,0,0,0.1034,1], "EE_T_K": [1,0,0,0,0,1,0,0,0,0,1,0,0,0,0,1], "m_ee": 0.73, "F_x_Cee": [-0.01,0,0.03], "I_ee": [0.001,0,0,0,0.0025,0,0,0,0.0017], "m_load": 0, "F_x_Cload": [0,0,0], "I_load": [0,0,0,0,0,0,0,0,0], "m_total": 0.73, "F_x_Ctotal": [-0.01,0,0.03], "I_total": [0.001,0,0,0,0.0025,0,0,0,0.0017], "elbow": [2.50196,-1], "elbow_d": [2.50192,-1], "elbow_c": [2.50192,-1], "delbow_c": [0,0], "ddelbow_c": [0,0], "tau_J": [0.298714,43.7687,-9.9655,19.0622,-0.326412,-2.36787,0.122884], "tau_J_d": [0,0,0,0,0,0,0], "dtau_J": [124.293,-33.0422,136.998,118.111,7.3346,17.7063,79.1849], "q": [-1.90982,-0.675555,2.50196,-1.30675,-2.71333,2.88404,0.748075], "dq": [-0.00105893,7.22762e-05,0.00159878,2.4453e-05,-0.000359386,-6.02425e-05,-0.00111331], "q_d": [-1.90976,-0.675486,2.50192,-1.30679,-2.71332,2.884,0.748117], "dq_d": [0,0,0,0,0,0,0], "ddq_d": [0,0,0,0,0,0,0], "joint_contact": [0,0,0,0,0,0,0], "cartesian_contact": [0,0,0,0,0,0], "joint_collision": [0,0,0,0,0,0,0], "cartesian_collision": [0,0,0,0,0,0], "tau_ext_hat_filtered": [0.20351,0.405541,0.072486,-1.10426,0.342352,-0.793392,0.104003], "O_F_ext_hat_K": [-8.52141,-6.76284,-3.24298,2.42061,-3.42725,0.304376], "K_F_ext_hat_K": [3.54391,-0.947448,-10.7429,0.520039,-2.42671,0.240001], "O_dP_EE_d": [0,0,0,0,0,0], "O_ddP_O": [0,0,-9.81], "O_T_EE_c": [-0.0172941,-0.0227859,-0.999581,0,-0.548634,0.835997,-0.00956487,0,0.835881,0.548249,-0.0269594,0,0.608523,0.577702,0.409804,1], "O_dP_EE_c": [0,0,0,0,0,0], "O_ddP_EE_c": [0,0,0,0,0,0], "theta": [-1.9098,-0.672484,2.50126,-1.30541,-2.71337,2.88378,0.748089], "dtheta": [0,0,0,0,0,0,0], "current_errors": [], "last_motion_errors": [], "control_command_success_rate": 0, "robot_mode": "User stopped", "time": 1297957}