{"O_T_EE": [0.00370156,-0.0130092,-0.999899,0,-0.448453,0.893697,-0.0132876,0,0.893797,0.448465,-0.002526,0,0.672274,0.499584,0.398023,1], "O_T_EE_d": [0.00367901,-0.0129801,-0.999899,0,-0.44844,0.893704,-0.0132515,0,0.893803,0.448452,-0.0025329,0,0.672224,0.499589,0.397986,1], "F_T_NE": [0.7071,-0.7071,0,0,0.7071,0.7071,0,0,0,0,1,0,0,0,0.1034,1], "NE_T_EE": [1,0,0,0,0,1,0,0,0,0,1,0,0,0,0,1], "F_T_EE": [0.7071,-0.7071,0,0,0.7071,0.7071,0,0,0,0,1,0,0,0,0.1034,1], "EE_T_K": [1,0,0,0,0,1,0,0,0,0,1,0,0,0,0,1], "m_ee": 0.73, "F_x_Cee": [-0.01,0,0.03], "I_ee": [0.001,0,0,0,0.0025,0,0,0,0.0017], "m_load": 0, "F_x_Cload": [0,0,0], "I_load": [0,0,0,0,0,0,0,0,0], "m_total": 0.73, "F_x_Ctotal": [-0.01,0,0.03], "I_total": [0.001,0,0,0,0.0025,0,0,0,0.0017], "elbow": [-0.342455,-1], "elbow_d": [-0.342454,-1], "elbow_c": [-0.342454,-1], "delbow_c": [0,0], "ddelbow_c": [0,0], "tau_J": [-0.0742106,-44.1106,-5.50627,20.0977,-0.115841,-2.76887,-0.0400803], "tau_J_d": [0,0,0,0,0,0,0], "dtau_J": [112.415,-112.112,62.7837,8.2929,5.57147,8.04948,-107.969], "q": [0.90902,0.597865,-0.342455,-1.38333,-2.71671,2.76012,0.567414], "dq": [-0.00150736,0.00126107,-0.000303043,-0.00031772,0.00119866,-0.000246405,0.00196854], "q_d": [0.90911,0.597752,-0.342454,-1.38361,-2.71666,2.75995,0.567398], "dq_d": [0,0,0,0,0,0,0], "ddq_d": [0,0,0,0,0,0,0], "joint_contact": [0,0,0,0,0,0,0], "cartesian_contact": [0,0,0,0,0,0], "joint_collision": [0,0,0,0,0,0,0], "cartesian_collision": [0,0,0,0,0,0], "tau_ext_hat_filtered": [-0.146696,0.676723,-0.279596,-1.26757,0.251495,-1.17619,0.0246185], "O_F_ext_hat_K": [-6.62834,-3.43669,-4.22035,0.415713,-2.04065,-0.137657], "K_F_ext_hat_K": [4.24017,-0.0427834,-7.45496,1.17198,-2.50507,0.0319237], "O_dP_EE_d": [0,0,0,0,0,0], "O_ddP_O": [0,0,-9.81], "O_T_EE_c": [0.00367901,-0.0129801,-0.999899,0,-0.44844,0.893704,-0.0132515,0,0.893803,0.448452,-0.0025329,0,0.672224,0.499589,0.397986,1], "O_dP_EE_c": [0,0,0,0,0,0], "O_ddP_EE_c": [0,0,0,0,0,0], "theta": [0.909015,0.594769,-0.342842,-1.38192,-2.71672,2.75981,0.56741], "dtheta": [0,0,0,0,0,0,0], "current_errors": [], "last_motion_errors": ["cartesian_reflex"], "control_command_success_rate": 0, "robot_mode": "User stopped", "time": 10583304}