{"O_T_EE": [-0.00280401,-0.0052815,-0.999972,0,-0.595298,0.803489,-0.00257447,0,0.803496,0.595286,-0.00539716,0,0.573912,0.613397,0.409658,1], "O_T_EE_d": [-0.00276552,-0.00515877,-0.999973,0,-0.595281,0.803501,-0.00249888,0,0.803508,0.59527,-0.00529312,0,0.573903,0.613391,0.409678,1], "F_T_NE": [0.7071,-0.7071,0,0,0.7071,0.7071,0,0,0,0,1,0,0,0,0.1034,1], "NE_T_EE": [1,0,0,0,0,1,0,0,0,0,1,0,0,0,0,1], "F_T_EE": [0.7071,-0.7071,0,0,0.7071,0.7071,0,0,0,0,1,0,0,0,0.1034,1], "EE_T_K": [1,0,0,0,0,1,0,0,0,0,1,0,0,0,0,1], "m_ee": 0.73, "F_x_Cee": [-0.01,0,0.03], "I_ee": [0.001,0,0,0,0.0025,0,0,0,0.0017], "m_load": 0, "F_x_Cload": [0,0,0], "I_load": [0,0,0,0,0,0,0,0,0], "m_total": 0.73, "F_x_Ctotal": [-0.01,0,0.03], "I_total": [0.001,0,0,0,0.0025,0,0,0,0.0017], "elbow": [2.49147,-1], "elbow_d": [2.49143,-1], "elbow_c": [2.49143,-1], "delbow_c": [0,0], "ddelbow_c": [0,0], "tau_J": [0.0011678,43.3918,-10.5289,19.2169,-0.399654,-2.81923,0.071614], "tau_J_d": [0,0,0,0,0,0,0], "dtau_J": [14.1538,61.723,-72.0198,50.7147,3.14328,-22.599,-124.066], "q": [-1.83896,-0.678518,2.49147,-1.31945,-2.71372,2.85241,0.764034], "dq": [0.000246832,-0.000489179,0.00103949,0.000104696,0.000270784,0.00021173,0.00218056], "q_d": [-1.83888,-0.678455,2.49143,-1.31958,-2.71368,2.85225,0.764076], "dq_d": [0,0,0,0,0,0,0], "ddq_d": [0,0,0,0,0,0,0], "joint_contact": [0,0,0,0,0,0,0], "cartesian_contact": [0,0,0,0,0,0], "joint_collision": [0,0,0,0,0,0,0], "cartesian_collision": [0,0,0,0,0,0], "tau_ext_hat_filtered": [-0.0581834,0.0907663,-0.190942,-0.979734,0.299114,-1.17757,0.124036], "O_F_ext_hat_K": [-6.78576,-6.39852,-3.83636,2.07648,-2.69467,-0.00186872], "K_F_ext_hat_K": [3.88915,-1.09174,-9.24057,0.49812,-2.77608,0.195808], "O_dP_EE_d": [0,0,0,0,0,0], "O_ddP_O": [0,0,-9.81], "O_T_EE_c": [-0.00276552,-0.00515877,-0.999973,0,-0.595281,0.803501,-0.00249888,0,0.803508,0.59527,-0.00529312,0,0.573903,0.613391,0.409678,1], "O_dP_EE_c": [0,0,0,0,0,0], "O_ddP_EE_c": [0,0,0,0,0,0], "theta": [-1.83896,-0.675472,2.49073,-1.3181,-2.71376,2.85209,0.764042], "dtheta": [0,0,0,0,0,0,0], "current_errors": [], "last_motion_errors": [], "control_command_success_rate": 0, "robot_mode": "User stopped", "time": 1319639}