{"O_T_EE": [-0.00274876,-0.00580468,-0.99997,0,-0.503597,0.86392,-0.00363062,0,0.863931,0.503582,-0.00529803,0,0.641979,0.539437,0.398918,1], "O_T_EE_d": [-0.00250558,-0.0056617,-0.999971,0,-0.503604,0.863916,-0.00362952,0,0.863928,0.50359,-0.00501596,0,0.641969,0.539462,0.399044,1], "F_T_NE": [0.7071,-0.7071,0,0,0.7071,0.7071,0,0,0,0,1,0,0,0,0.1034,1], "NE_T_EE": [1,0,0,0,0,1,0,0,0,0,1,0,0,0,0,1], "F_T_EE": [0.7071,-0.7071,0,0,0.7071,0.7071,0,0,0,0,1,0,0,0,0.1034,1], "EE_T_K": [1,0,0,0,0,1,0,0,0,0,1,0,0,0,0,1], "m_ee": 0.73, "F_x_Cee": [-0.01,0,0.03], "I_ee": [0.001,0,0,0,0.0025,0,0,0,0.0017], "m_load": 0, "F_x_Cload": [0,0,0], "I_load": [0,0,0,0,0,0,0,0,0], "m_total": 0.73, "F_x_Ctotal": [-0.01,0,0.03], "I_total": [0.001,0,0,0,0.0025,0,0,0,0.0017], "elbow": [-0.348664,-1], "elbow_d": [-0.348702,-1], "elbow_c": [-0.348702,-1], "delbow_c": [0,0], "ddelbow_c": [0,0], "tau_J": [0.298714,-45.5825,-5.24046,20.9387,-0.344723,-2.81923,0.000202917], "tau_J_d": [0,0,0,0,0,0,0], "dtau_J": [-111.575,71.4652,-105.942,-167.469,1.58321,-18.0258,-61.9952], "q": [0.971491,0.602375,-0.348664,-1.37326,-2.72046,2.77057,0.58413], "dq": [0.00098724,-0.000496811,0.000843774,0.00163536,8.41015e-05,0.000428996,0.00116494], "q_d": [0.971564,0.602272,-0.348702,-1.37326,-2.72047,2.77039,0.58411], "dq_d": [0,0,0,0,0,0,0], "ddq_d": [0,0,0,0,0,0,0], "joint_contact": [0,0,0,0,0,0,0], "cartesian_contact": [0,0,0,0,0,0], "joint_collision": [0,0,0,0,0,0,0], "cartesian_collision": [0,0,0,0,0,0], "tau_ext_hat_filtered": [0.337408,-0.732789,0.135768,-0.399461,0.0427881,-1.22333,0.0461906], "O_F_ext_hat_K": [-7.06987,-4.80862,-2.57373,1.86716,-3.23241,0.422788], "K_F_ext_hat_K": [2.62105,-0.584562,-8.51578,0.312207,-2.45593,0.117337], "O_dP_EE_d": [0,0,0,0,0,0], "O_ddP_O": [0,0,-9.81], "O_T_EE_c": [-0.00250558,-0.0056617,-0.999971,0,-0.503604,0.863916,-0.00362952,0,0.863928,0.50359,-0.00501596,0,0.641969,0.539462,0.399044,1], "O_dP_EE_c": [0,0,0,0,0,0], "O_ddP_EE_c": [0,0,0,0,0,0], "theta": [0.971512,0.599176,-0.349032,-1.37179,-2.7205,2.77025,0.58413], "dtheta": [0,0,0,0,0,0,0], "current_errors": [], "last_motion_errors": ["cartesian_reflex"], "control_command_success_rate": 0, "robot_mode": "User stopped", "time": 10626621}