{"O_T_EE": [-0.01748,0.00713111,-0.999812,0,-0.154972,0.987861,0.00975528,0,0.987764,0.155116,-0.016163,0,0.78971,0.270466,0.399214,1], "O_T_EE_d": [-0.0174178,0.00705309,-0.999814,0,-0.155028,0.987853,0.00966946,0,0.987756,0.155171,-0.0161131,0,0.789641,0.270612,0.399218,1], "F_T_NE": [0.7071,-0.7071,0,0,0.7071,0.7071,0,0,0,0,1,0,0,0,0.1034,1], "NE_T_EE": [1,0,0,0,0,1,0,0,0,0,1,0,0,0,0,1], "F_T_EE": [0.7071,-0.7071,0,0,0.7071,0.7071,0,0,0,0,1,0,0,0,0.1034,1], "EE_T_K": [1,0,0,0,0,1,0,0,0,0,1,0,0,0,0,1], "m_ee": 0.73, "F_x_Cee": [-0.01,0,0.03], "I_ee": [0.001,0,0,0,0.0025,0,0,0,0.0017], "m_load": 0, "F_x_Cload": [0,0,0], "I_load": [0,0,0,0,0,0,0,0,0], "m_total": 0.73, "F_x_Ctotal": [-0.01,0,0.03], "I_total": [0.001,0,0,0,0.0025,0,0,0,0.0017], "elbow": [1.44106,-1], "elbow_d": [1.44109,-1], "elbow_c": [1.44109,-1], "delbow_c": [0,0], "ddelbow_c": [0,0], "tau_J": [0.374093,-37.7392,27.9062,7.6007,0.551579,-1.61714,0.0313308], "tau_J_d": [0,0,0,0,0,0,0], "dtau_J": [-97.1608,58.4221,12.3128,-83.6856,11.7111,-10.2,2.16086], "q": [-0.594572,1.22755,1.44106,-1.53495,-2.88717,2.39486,-0.631107], "dq": [0.000963803,-0.00573881,0.000334498,-0.00215884,-8.64621e-05,0.000250677,0.00108233], "q_d": [-0.594423,1.22752,1.44109,-1.5351,-2.88721,2.39461,-0.631131], "dq_d": [0,0,0,0,0,0,0], "ddq_d": [0,0,0,0,0,0,0], "joint_contact": [0,0,0,0,0,0,0], "cartesian_contact": [0,0,0,0,0,0], "joint_collision": [0,0,0,0,0,0,0], "cartesian_collision": [0,0,0,0,0,0], "tau_ext_hat_filtered": [0.380005,-0.522327,0.43134,-0.456795,0.000444257,-1.40373,0.055399], "O_F_ext_hat_K": [-5.8355,1.4629,-0.206821,-0.539643,-2.56352,0.382662], "K_F_ext_hat_K": [0.319225,2.3475,-5.53384,2.34591,-0.43094,0.0754581], "O_dP_EE_d": [0,0,0,0,0,0], "O_ddP_O": [0,0,-9.81], "O_T_EE_c": [-0.0174178,0.00705309,-0.999814,0,-0.155028,0.987853,0.00966946,0,0.987756,0.155171,-0.0161131,0,0.789641,0.270612,0.399218,1], "O_dP_EE_c": [0,0,0,0,0,0], "O_ddP_EE_c": [0,0,0,0,0,0], "theta": [-0.594545,1.2249,1.44302,-1.53442,-2.88711,2.39468,-0.631104], "dtheta": [0,-0.0248158,0,0,0,0,0], "current_errors": [], "last_motion_errors": ["cartesian_reflex"], "control_command_success_rate": 0, "robot_mode": "User stopped", "time": 10774969}