{"O_T_EE": [0.00656797,-0.0135038,-0.999878,0,-0.337626,0.941152,-0.0149285,0,0.941256,0.33769,0.00162223,0,0.72603,0.41502,0.39778,1], "O_T_EE_d": [0.00661797,-0.0133803,-0.999879,0,-0.337692,0.94113,-0.0148292,0,0.941232,0.337756,0.00170998,0,0.725946,0.415055,0.397892,1], "F_T_NE": [0.7071,-0.7071,0,0,0.7071,0.7071,0,0,0,0,1,0,0,0,0.1034,1], "NE_T_EE": [1,0,0,0,0,1,0,0,0,0,1,0,0,0,0,1], "F_T_EE": [0.7071,-0.7071,0,0,0.7071,0.7071,0,0,0,0,1,0,0,0,0.1034,1], "EE_T_K": [1,0,0,0,0,1,0,0,0,0,1,0,0,0,0,1], "m_ee": 0.73, "F_x_Cee": [-0.01,0,0.03], "I_ee": [0.001,0,0,0,0.0025,0,0,0,0.0017], "m_load": 0, "F_x_Cload": [0,0,0], "I_load": [0,0,0,0,0,0,0,0,0], "m_total": 0.73, "F_x_Ctotal": [-0.01,0,0.03], "I_total": [0.001,0,0,0,0.0025,0,0,0,0.0017], "elbow": [-0.34614,-1], "elbow_d": [-0.346152,-1], "elbow_c": [-0.346152,-1], "delbow_c": [0,0], "ddelbow_c": [0,0], "tau_J": [0.18763,-44.3368,-5.31584,19.9429,-0.262325,-2.54823,0.163167], "tau_J_d": [0,0,0,0,0,0,0], "dtau_J": [111.95,-33.5297,16.5306,-96.7503,-0.597327,34.5172,61.0489], "q": [0.794352,0.593186,-0.34614,-1.39437,-2.71989,2.75041,0.570273], "dq": [-2.37661e-05,0.000912977,0.00338641,0.000657722,-0.000166703,0.000870687,-0.00184743], "q_d": [0.794492,0.592876,-0.346152,-1.39463,-2.71989,2.75036,0.570282], "dq_d": [0,0,0,0,0,0,0], "ddq_d": [0,0,0,0,0,0,0], "joint_contact": [0,0,0,0,0,0,0], "cartesian_contact": [0,0,0,0,0,0], "joint_collision": [0,0,0,0,0,0,0], "cartesian_collision": [0,0,0,0,0,0], "tau_ext_hat_filtered": [0.00955981,0.199587,-0.158555,-1.44293,0.110174,-0.937084,0.121093], "O_F_ext_hat_K": [-9.02971,-4.4494,-3.8984,1.1205,-3.09109,0.0133685], "K_F_ext_hat_K": [3.89877,-1.08072,-10.0081,0.541485,-2.51212,0.124136], "O_dP_EE_d": [0,0,0,0,0,0], "O_ddP_O": [0,0,-9.81], "O_T_EE_c": [0.00661797,-0.0133803,-0.999879,0,-0.337692,0.94113,-0.0148292,0,0.941232,0.337756,0.00170998,0,0.725946,0.415055,0.397892,1], "O_dP_EE_c": [0,0,0,0,0,0], "O_ddP_EE_c": [0,0,0,0,0,0], "theta": [0.794366,0.590074,-0.346514,-1.39298,-2.71992,2.75013,0.570291], "dtheta": [0,0,0,0,0,0,0], "current_errors": [], "last_motion_errors": ["cartesian_reflex"], "control_command_success_rate": 0, "robot_mode": "User stopped", "time": 10551439}