{"O_T_EE": [-0.0164193,0.00543284,-0.999841,0,-0.217895,0.975922,0.00888113,0,0.975834,0.21801,-0.0148405,0,0.771061,0.322969,0.397258,1], "O_T_EE_d": [-0.0162155,0.00551507,-0.999844,0,-0.217792,0.975945,0.00891541,0,0.97586,0.217907,-0.0146246,0,0.771066,0.322926,0.397378,1], "F_T_NE": [0.7071,-0.7071,0,0,0.7071,0.7071,0,0,0,0,1,0,0,0,0.1034,1], "NE_T_EE": [1,0,0,0,0,1,0,0,0,0,1,0,0,0,0,1], "F_T_EE": [0.7071,-0.7071,0,0,0.7071,0.7071,0,0,0,0,1,0,0,0,0.1034,1], "EE_T_K": [1,0,0,0,0,1,0,0,0,0,1,0,0,0,0,1], "m_ee": 0.73, "F_x_Cee": [-0.01,0,0.03], "I_ee": [0.001,0,0,0,0.0025,0,0,0,0.0017], "m_load": 0, "F_x_Cload": [0,0,0], "I_load": [0,0,0,0,0,0,0,0,0], "m_total": 0.73, "F_x_Ctotal": [-0.01,0,0.03], "I_total": [0.001,0,0,0,0.0025,0,0,0,0.0017], "elbow": [0.111165,-1], "elbow_d": [0.111162,-1], "elbow_c": [0.111162,-1], "delbow_c": [0,0], "ddelbow_c": [0,0], "tau_J": [0.0765462,-44.186,1.88082,20.1334,0.542423,-2.41823,0.132954], "tau_J_d": [0,0,0,0,0,0,0], "dtau_J": [20.1155,-30.4361,-18.3622,50.2589,2.46417,-9.80018,-23.0715], "q": [0.312987,0.563684,0.111165,-1.42012,-2.69343,2.69613,0.32737], "dq": [0.000334585,0.000753742,0.00127704,-0.000455015,4.58372e-05,-2.97468e-05,1.13868e-05], "q_d": [0.312954,0.56352,0.111162,-1.4202,-2.6934,2.69598,0.32738], "dq_d": [0,0,0,0,0,0,0], "ddq_d": [0,0,0,0,0,0,0], "joint_contact": [0,0,0,0,0,0,0], "cartesian_contact": [0,0,0,0,0,0], "joint_collision": [0,0,0,0,0,0,0], "cartesian_collision": [0,0,0,0,0,0], "tau_ext_hat_filtered": [0.101242,0.99484,0.158968,-1.58503,0.513596,-0.982157,0.133238], "O_F_ext_hat_K": [-7.20771,-0.452765,-3.9765,-0.511523,-1.5756,0.230198], "K_F_ext_hat_K": [4.09183,1.09337,-7.07322,1.7289,-1.88039,0.216808], "O_dP_EE_d": [0,0,0,0,0,0], "O_ddP_O": [0,0,-9.81], "O_T_EE_c": [-0.0162155,0.00551507,-0.999844,0,-0.217792,0.975945,0.00891541,0,0.97586,0.217907,-0.0146246,0,0.771066,0.322926,0.397378,1], "O_dP_EE_c": [0,0,0,0,0,0], "O_ddP_EE_c": [0,0,0,0,0,0], "theta": [0.312993,0.560584,0.111297,-1.41871,-2.69337,2.69586,0.327385], "dtheta": [0,0,0,0,0,0,0], "current_errors": [], "last_motion_errors": [], "control_command_success_rate": 0, "robot_mode": "User stopped", "time": 1424590}