{"O_T_EE": [-0.030328,0.00785843,-0.999499,0,0.0632279,0.997972,0.00592789,0,0.997538,-0.0630177,-0.030764,0,0.830143,0.0798459,0.397017,1], "O_T_EE_d": [-0.0302274,0.00779576,-0.999503,0,0.0632469,0.997971,0.00587107,0,0.99754,-0.0630392,-0.0306597,0,0.83008,0.0798369,0.397141,1], "F_T_NE": [0.7071,-0.7071,0,0,0.7071,0.7071,0,0,0,0,1,0,0,0,0.1034,1], "NE_T_EE": [1,0,0,0,0,1,0,0,0,0,1,0,0,0,0,1], "F_T_EE": [0.7071,-0.7071,0,0,0.7071,0.7071,0,0,0,0,1,0,0,0,0.1034,1], "EE_T_K": [1,0,0,0,0,1,0,0,0,0,1,0,0,0,0,1], "m_ee": 0.73, "F_x_Cee": [-0.01,0,0.03], "I_ee": [0.001,0,0,0,0.0025,0,0,0,0.0017], "m_load": 0, "F_x_Cload": [0,0,0], "I_load": [0,0,0,0,0,0,0,0,0], "m_total": 0.73, "F_x_Ctotal": [-0.01,0,0.03], "I_total": [0.001,0,0,0,0.0025,0,0,0,0.0017], "elbow": [0.245173,-1], "elbow_d": [0.245159,-1], "elbow_c": [0.245159,-1], "delbow_c": [0,0], "ddelbow_c": [0,0], "tau_J": [0.18763,-45.1302,3.98348,20.0977,0.61475,-2.12801,0.0111892], "tau_J_d": [0,0,0,0,0,0,0], "dtau_J": [-148.039,-142.699,2.17465,-12.9176,28.0113,-20.0948,-64.5761], "q": [-0.0973089,0.567723,0.245173,-1.42621,-2.71403,2.70518,0.272195], "dq": [0.000486369,0.00166444,0.000888473,-0.00122863,0.00028397,0.000434935,0.00051386], "q_d": [-0.097326,0.567377,0.245159,-1.42648,-2.71401,2.70514,0.272188], "dq_d": [0,0,0,0,0,0,0], "ddq_d": [0,0,0,0,0,0,0], "joint_contact": [0,0,0,0,0,0,0], "cartesian_contact": [0,0,0,0,0,0], "joint_collision": [0,0,0,0,0,0,0], "cartesian_collision": [0,0,0,0,0,0], "tau_ext_hat_filtered": [0.201595,-0.497421,0.199433,-1.46523,0.474341,-0.755247,0.0483721], "O_F_ext_hat_K": [-11.038,1.54975,-2.08828,-0.831246,-4.15551,0.28255], "K_F_ext_hat_K": [2.43422,0.836329,-11.0443,1.87402,-1.51815,0.103846], "O_dP_EE_d": [0,0,0,0,0,0], "O_ddP_O": [0,0,-9.81], "O_T_EE_c": [-0.0302274,0.00779576,-0.999503,0,0.0632469,0.997971,0.00587107,0,0.99754,-0.0630392,-0.0306597,0,0.83008,0.0798369,0.397141,1], "O_dP_EE_c": [0,0,0,0,0,0], "O_ddP_EE_c": [0,0,0,0,0,0], "theta": [-0.0972959,0.564556,0.245453,-1.4248,-2.71396,2.70495,0.272195], "dtheta": [0,0,0,0,0,0,0], "current_errors": [], "last_motion_errors": [], "control_command_success_rate": 0, "robot_mode": "User stopped", "time": 1461723}