{"O_T_EE": [-0.0496928,-0.00474576,-0.998744,0,0.0067421,0.999955,-0.00508697,0,0.998742,-0.00698655,-0.0496595,0,0.823889,0.13232,0.397566,1], "O_T_EE_d": [-0.0497969,-0.00455045,-0.998739,0,0.00684791,0.999955,-0.00489743,0,0.998736,-0.00708329,-0.0497644,0,0.823807,0.132265,0.397627,1], "F_T_NE": [0.7071,-0.7071,0,0,0.7071,0.7071,0,0,0,0,1,0,0,0,0.1034,1], "NE_T_EE": [1,0,0,0,0,1,0,0,0,0,1,0,0,0,0,1], "F_T_EE": [0.7071,-0.7071,0,0,0.7071,0.7071,0,0,0,0,1,0,0,0,0.1034,1], "EE_T_K": [1,0,0,0,0,1,0,0,0,0,1,0,0,0,0,1], "m_ee": 0.73, "F_x_Cee": [-0.01,0,0.03], "I_ee": [0.001,0,0,0,0.0025,0,0,0,0.0017], "m_load": 0, "F_x_Cload": [0,0,0], "I_load": [0,0,0,0,0,0,0,0,0], "m_total": 0.73, "F_x_Ctotal": [-0.01,0,0.03], "I_total": [0.001,0,0,0,0.0025,0,0,0,0.0017], "elbow": [-0.661677,-1], "elbow_d": [-0.661797,-1], "elbow_c": [-0.661797,-1], "delbow_c": [0,0], "ddelbow_c": [0,0], "tau_J": [0.862069,-42.7538,-9.9655,18.4869,-0.555294,-2.2278,0.0816849], "tau_J_d": [0,0,0,0,0,0,0], "dtau_J": [17.2701,-50.3643,32.6455,6.3211,-9.60563,20.8264,8.15298], "q": [0.655982,0.680067,-0.661677,-1.33055,-2.77356,2.88957,0.826716], "dq": [0.001319,-0.000452996,-0.000797119,-0.00656361,-1.8571e-05,-3.01253e-05,-3.67165e-05], "q_d": [0.656132,0.679719,-0.661797,-1.33093,-2.77352,2.88965,0.826757], "dq_d": [0,0,0,0,0,0,0], "ddq_d": [0,0,0,0,0,0,0], "joint_contact": [0,0,0,0,0,0,0], "cartesian_contact": [0,0,0,0,0,0], "joint_collision": [0,0,0,0,0,0,0], "cartesian_collision": [0,0,0,0,0,0], "tau_ext_hat_filtered": [0.928202,0.134051,0.614741,-1.4876,0.268112,-0.703975,0.0956643], "O_F_ext_hat_K": [-12.5026,-0.537895,-4.28657,-0.208897,-4.25763,0.983724], "K_F_ext_hat_K": [4.90513,-0.600371,-12.2702,0.233345,-2.81657,0.175262], "O_dP_EE_d": [0,0,0,0,0,0], "O_ddP_O": [0,0,-9.81], "O_T_EE_c": [-0.0497969,-0.00455045,-0.998739,0,0.00684791,0.999955,-0.00489743,0,0.998736,-0.00708329,-0.0497644,0,0.823807,0.132265,0.397627,1], "O_dP_EE_c": [0,0,0,0,0,0], "O_ddP_EE_c": [0,0,0,0,0,0], "theta": [0.656042,0.677067,-0.662376,-1.32925,-2.77362,2.88932,0.826725], "dtheta": [0,0,0,-0.0248744,0,0,0], "current_errors": [], "last_motion_errors": [], "control_command_success_rate": 0, "robot_mode": "User stopped", "time": 1220675}