{"O_T_EE": [-0.0223532,0.0160752,-0.999611,0,0.137892,0.990354,0.0128428,0,0.990195,-0.137554,-0.0243547,0,0.832868,0.0241916,0.397604,1], "O_T_EE_d": [-0.0223118,0.0159768,-0.999614,0,0.138077,0.99033,0.0127465,0,0.99017,-0.137742,-0.0243025,0,0.832827,0.0241179,0.397626,1], "F_T_NE": [0.7071,-0.7071,0,0,0.7071,0.7071,0,0,0,0,1,0,0,0,0.1034,1], "NE_T_EE": [1,0,0,0,0,1,0,0,0,0,1,0,0,0,0,1], "F_T_EE": [0.7071,-0.7071,0,0,0.7071,0.7071,0,0,0,0,1,0,0,0,0.1034,1], "EE_T_K": [1,0,0,0,0,1,0,0,0,0,1,0,0,0,0,1], "m_ee": 0.73, "F_x_Cee": [-0.01,0,0.03], "I_ee": [0.001,0,0,0,0.0025,0,0,0,0.0017], "m_load": 0, "F_x_Cload": [0,0,0], "I_load": [0,0,0,0,0,0,0,0,0], "m_total": 0.73, "F_x_Ctotal": [-0.01,0,0.03], "I_total": [0.001,0,0,0,0.0025,0,0,0,0.0017], "elbow": [1.42701,-1], "elbow_d": [1.42706,-1], "elbow_c": [1.42706,-1], "delbow_c": [0,0], "ddelbow_c": [0,0], "tau_J": [-0.522514,-37.7392,27.5293,7.75543,0.706303,-1.53657,0.0313308], "tau_J_d": [0,0,0,0,0,0,0], "dtau_J": [8.58538,-166.543,29.2867,34.0353,6.42963,14.0383,-27.4381], "q": [-0.898255,1.20849,1.42701,-1.53875,-2.87252,2.40817,-0.615801], "dq": [-0.000164397,0.00232825,-0.00145656,-0.000248584,-0.00012797,-0.000351271,0.000253658], "q_d": [-0.89847,1.2084,1.42706,-1.53901,-2.87254,2.40793,-0.615809], "dq_d": [0,0,0,0,0,0,0], "ddq_d": [0,0,0,0,0,0,0], "joint_contact": [0,0,0,0,0,0,0], "cartesian_contact": [0,0,0,0,0,0], "joint_collision": [0,0,0,0,0,0,0], "cartesian_collision": [0,0,0,0,0,0], "tau_ext_hat_filtered": [-0.520407,-0.599931,0.218309,-0.844896,0.124738,-1.33888,0.0459553], "O_F_ext_hat_K": [-9.88835,1.8859,-0.228942,-0.813938,-4.0047,-0.523424], "K_F_ext_hat_K": [0.480214,0.501253,-10.0452,2.32952,-0.299312,0.0351208], "O_dP_EE_d": [0,0,0,0,0,0], "O_ddP_O": [0,0,-9.81], "O_T_EE_c": [-0.0223118,0.0159768,-0.999614,0,0.138077,0.99033,0.0127465,0,0.99017,-0.137742,-0.0243025,0,0.832827,0.0241179,0.397626,1], "O_dP_EE_c": [0,0,0,0,0,0], "O_ddP_EE_c": [0,0,0,0,0,0], "theta": [-0.898293,1.20584,1.42894,-1.53821,-2.87245,2.408,-0.615797], "dtheta": [0,0,0,0,0,0,0], "current_errors": [], "last_motion_errors": ["cartesian_reflex"], "control_command_success_rate": 0, "robot_mode": "User stopped", "time": 10991243}