{"O_T_EE": [-0.0279721,-0.00324885,-0.999594,0,-0.0522085,0.998625,-0.00178472,0,0.998244,0.0521384,-0.0281038,0,0.815111,0.179747,0.396906,1], "O_T_EE_d": [-0.0278602,-0.00325144,-0.999597,0,-0.0521561,0.998628,-0.00179462,0,0.99825,0.0520861,-0.0279921,0,0.815067,0.179728,0.396996,1], "F_T_NE": [0.7071,-0.7071,0,0,0.7071,0.7071,0,0,0,0,1,0,0,0,0.1034,1], "NE_T_EE": [1,0,0,0,0,1,0,0,0,0,1,0,0,0,0,1], "F_T_EE": [0.7071,-0.7071,0,0,0.7071,0.7071,0,0,0,0,1,0,0,0,0.1034,1], "EE_T_K": [1,0,0,0,0,1,0,0,0,0,1,0,0,0,0,1], "m_ee": 0.73, "F_x_Cee": [-0.01,0,0.03], "I_ee": [0.001,0,0,0,0.0025,0,0,0,0.0017], "m_load": 0, "F_x_Cload": [0,0,0], "I_load": [0,0,0,0,0,0,0,0,0], "m_total": 0.73, "F_x_Ctotal": [-0.01,0,0.03], "I_total": [0.001,0,0,0,0.0025,0,0,0,0.0017], "elbow": [0.0967241,-1], "elbow_d": [0.0967192,-1], "elbow_c": [0.0967192,-1], "delbow_c": [0,0], "ddelbow_c": [0,0], "tau_J": [0.485177,-45.0152,1.9562,20.3278,0.450871,-2.36787,0.0514724], "tau_J_d": [0,0,0,0,0,0,0], "dtau_J": [0.0510087,83.9684,25.904,-145.542,9.63087,-8.61077,-48.1904], "q": [0.141678,0.561225,0.0967241,-1.41511,-2.70584,2.72248,0.334177], "dq": [-0.000418729,-0.000988799,3.34488e-05,0.000665171,-0.000161659,-4.74157e-05,0.000749994], "q_d": [0.141675,0.560965,0.0967192,-1.41536,-2.70582,2.72237,0.334167], "dq_d": [0,0,0,0,0,0,0], "ddq_d": [0,0,0,0,0,0,0], "joint_contact": [0,0,0,0,0,0,0], "cartesian_contact": [0,0,0,0,0,0], "joint_collision": [0,0,0,0,0,0,0], "cartesian_collision": [0,0,0,0,0,0], "tau_ext_hat_filtered": [0.474077,0.0425598,0.401528,-1.29739,0.422756,-0.950375,0.0749327], "O_F_ext_hat_K": [-9.02984,0.804844,-2.99776,-0.665715,-3.02531,0.573267], "K_F_ext_hat_K": [3.24657,1.28055,-8.88777,1.70591,-1.88934,0.141903], "O_dP_EE_d": [0,0,0,0,0,0], "O_ddP_O": [0,0,-9.81], "O_T_EE_c": [-0.0278602,-0.00325144,-0.999597,0,-0.0521561,0.998628,-0.00179462,0,0.99825,0.0520861,-0.0279921,0,0.815067,0.179728,0.396996,1], "O_dP_EE_c": [0,0,0,0,0,0], "O_ddP_EE_c": [0,0,0,0,0,0], "theta": [0.141711,0.558065,0.0968613,-1.41369,-2.70579,2.72222,0.334183], "dtheta": [0,0,0,0,0,0,0], "current_errors": [], "last_motion_errors": [], "control_command_success_rate": 0, "robot_mode": "User stopped", "time": 1343413}