{"O_T_EE": [-0.0204521,0.00670797,-0.999759,0,0.183069,0.983086,0.00285106,0,0.982887,-0.18297,-0.0213346,0,0.833137,-0.0188688,0.396689,1], "O_T_EE_d": [-0.0203235,0.0067828,-0.999761,0,0.183177,0.983066,0.00294585,0,0.98287,-0.183077,-0.0212222,0,0.833076,-0.0189374,0.396807,1], "F_T_NE": [0.7071,-0.7071,0,0,0.7071,0.7071,0,0,0,0,1,0,0,0,0.1034,1], "NE_T_EE": [1,0,0,0,0,1,0,0,0,0,1,0,0,0,0,1], "F_T_EE": [0.7071,-0.7071,0,0,0.7071,0.7071,0,0,0,0,1,0,0,0,0.1034,1], "EE_T_K": [1,0,0,0,0,1,0,0,0,0,1,0,0,0,0,1], "m_ee": 0.73, "F_x_Cee": [-0.01,0,0.03], "I_ee": [0.001,0,0,0,0.0025,0,0,0,0.0017], "m_load": 0, "F_x_Cload": [0,0,0], "I_load": [0,0,0,0,0,0,0,0,0], "m_total": 0.73, "F_x_Ctotal": [-0.01,0,0.03], "I_total": [0.001,0,0,0,0.0025,0,0,0,0.0017], "elbow": [-0.307576,-1], "elbow_d": [-0.307611,-1], "elbow_c": [-0.307611,-1], "delbow_c": [0,0], "ddelbow_c": [0,0], "tau_J": [0.524849,-44.8644,-4.41526,20.1334,0.194523,-2.43837,0.204366], "tau_J_d": [0,0,0,0,0,0,0], "dtau_J": [92.4498,-72.0806,-18.9267,68.8517,5.43137,14.8403,70.2743], "q": [0.220847,0.580532,-0.307576,-1.39698,-2.74208,2.77566,0.584261], "dq": [-0.000949557,0.000200292,-0.00095514,0.00470761,-0.000292813,-0.000133891,-0.00154594], "q_d": [0.220837,0.580203,-0.307611,-1.39727,-2.74207,2.77557,0.584276], "dq_d": [0,0,0,0,0,0,0], "ddq_d": [0,0,0,0,0,0,0], "joint_contact": [0,0,0,0,0,0,0], "cartesian_contact": [0,0,0,0,0,0], "joint_collision": [0,0,0,0,0,0,0], "cartesian_collision": [0,0,0,0,0,0], "tau_ext_hat_filtered": [0.520442,-0.400475,0.182939,-1.25914,0.556559,-0.878464,0.170948], "O_F_ext_hat_K": [-10.8043,2.77661,-2.92742,-1.31844,-4.09692,0.528637], "K_F_ext_hat_K": [3.16637,0.743375,-11.065,1.57089,-2.26632,0.177821], "O_dP_EE_d": [0,0,0,0,0,0], "O_ddP_O": [0,0,-9.81], "O_T_EE_c": [-0.0203235,0.0067828,-0.999761,0,0.183177,0.983066,0.00294585,0,0.98287,-0.183077,-0.0212222,0,0.833076,-0.0189374,0.396807,1], "O_dP_EE_c": [0,0,0,0,0,0], "O_ddP_EE_c": [0,0,0,0,0,0], "theta": [0.220884,0.577384,-0.307886,-1.39557,-2.74206,2.77539,0.584284], "dtheta": [0,0,0,0.0232814,0,0,0], "current_errors": [], "last_motion_errors": [], "control_command_success_rate": 0, "robot_mode": "User stopped", "time": 1632933}