{"O_T_EE": [-0.0283271,0.00355476,-0.999583,0,0.241443,0.970399,-0.00339125,0,0.970001,-0.241442,-0.0283474,0,0.830778,-0.068619,0.396607,1], "O_T_EE_d": [-0.028238,0.0036642,-0.999585,0,0.241591,0.970363,-0.0032678,0,0.969967,-0.241588,-0.0282869,0,0.830676,-0.0687263,0.396768,1], "F_T_NE": [0.7071,-0.7071,0,0,0.7071,0.7071,0,0,0,0,1,0,0,0,0.1034,1], "NE_T_EE": [1,0,0,0,0,1,0,0,0,0,1,0,0,0,0,1], "F_T_EE": [0.7071,-0.7071,0,0,0.7071,0.7071,0,0,0,0,1,0,0,0,0.1034,1], "EE_T_K": [1,0,0,0,0,1,0,0,0,0,1,0,0,0,0,1], "m_ee": 0.73, "F_x_Cee": [-0.01,0,0.03], "I_ee": [0.001,0,0,0,0.0025,0,0,0,0.0017], "m_load": 0, "F_x_Cload": [0,0,0], "I_load": [0,0,0,0,0,0,0,0,0], "m_total": 0.73, "F_x_Ctotal": [-0.01,0,0.03], "I_total": [0.001,0,0,0,0.0025,0,0,0,0.0017], "elbow": [-0.364634,-1], "elbow_d": [-0.364692,-1], "elbow_c": [-0.364692,-1], "delbow_c": [0,0], "ddelbow_c": [0,0], "tau_J": [0.413765,-44.2257,-5.09367,19.7525,0.130436,-2.04744,0.0313308], "tau_J_d": [0,0,0,0,0,0,0], "dtau_J": [3.87119,-104.166,64.4559,-37.9396,-15.0055,-16.0033,-63.484], "q": [0.203227,0.592277,-0.364634,-1.38541,-2.74209,2.79666,0.609917], "dq": [-0.000439256,0.00108923,0.000685538,-0.000125175,0.000325047,0.00018289,0.000961116], "q_d": [0.203197,0.5918,-0.364692,-1.3858,-2.74209,2.79667,0.609917], "dq_d": [0,0,0,0,0,0,0], "ddq_d": [0,0,0,0,0,0,0], "joint_contact": [0,0,0,0,0,0,0], "cartesian_contact": [0,0,0,0,0,0], "joint_collision": [0,0,0,0,0,0,0], "cartesian_collision": [0,0,0,0,0,0], "tau_ext_hat_filtered": [0.374615,0.175012,0.417855,-1.48844,0.555764,-0.488836,0.0918677], "O_F_ext_hat_K": [-8.89874,2.99537,-2.96664,-1.2659,-2.8142,0.485095], "K_F_ext_hat_K": [3.22819,0.768251,-9.2709,1.39395,-1.76107,0.188853], "O_dP_EE_d": [0,0,0,0,0,0], "O_ddP_O": [0,0,-9.81], "O_T_EE_c": [-0.028238,0.0036642,-0.999585,0,0.241591,0.970363,-0.0032678,0,0.969967,-0.241588,-0.0282869,0,0.830676,-0.0687263,0.396768,1], "O_dP_EE_c": [0,0,0,0,0,0], "O_ddP_EE_c": [0,0,0,0,0,0], "theta": [0.203256,0.589173,-0.364992,-1.38402,-2.74208,2.79643,0.60992], "dtheta": [0,0,0,0,0,0,0], "current_errors": [], "last_motion_errors": [], "control_command_success_rate": 0, "robot_mode": "User stopped", "time": 1657005}