{"O_T_EE": [-0.0411051,-0.00233929,-0.999142,0,0.298443,0.954307,-0.0145124,0,0.953541,-0.29879,-0.0385295,0,0.825367,-0.118129,0.396956,1], "O_T_EE_d": [-0.0410302,-0.00223648,-0.999146,0,0.298568,0.95427,-0.0143968,0,0.953505,-0.29891,-0.0384868,0,0.825291,-0.118222,0.397087,1], "F_T_NE": [0.7071,-0.7071,0,0,0.7071,0.7071,0,0,0,0,1,0,0,0,0.1034,1], "NE_T_EE": [1,0,0,0,0,1,0,0,0,0,1,0,0,0,0,1], "F_T_EE": [0.7071,-0.7071,0,0,0.7071,0.7071,0,0,0,0,1,0,0,0,0.1034,1], "EE_T_K": [1,0,0,0,0,1,0,0,0,0,1,0,0,0,0,1], "m_ee": 0.73, "F_x_Cee": [-0.01,0,0.03], "I_ee": [0.001,0,0,0,0.0025,0,0,0,0.0017], "m_load": 0, "F_x_Cload": [0,0,0], "I_load": [0,0,0,0,0,0,0,0,0], "m_total": 0.73, "F_x_Ctotal": [-0.01,0,0.03], "I_total": [0.001,0,0,0,0.0025,0,0,0,0.0017], "elbow": [-0.418964,-1], "elbow_d": [-0.419012,-1], "elbow_c": [-0.419012,-1], "delbow_c": [0,0], "ddelbow_c": [0,0], "tau_J": [0.151925,-44.7533,-6.29179,19.7128,0.0846596,-1.98793,0.0313308], "tau_J_d": [0,0,0,0,0,0,0], "dtau_J": [-12.4644,143.168,-104.846,-4.82657,6.88092,9.75224,-87.1997], "q": [0.182108,0.605273,-0.418964,-1.37076,-2.74208,2.82351,0.629887], "dq": [0.000327417,-0.00125262,0.000257178,0.00396944,-0.000516072,-0.000250689,0.0019633], "q_d": [0.182065,0.604935,-0.419012,-1.37099,-2.74209,2.82356,0.629902], "dq_d": [0,0,0,0,0,0,0], "ddq_d": [0,0,0,0,0,0,0], "joint_contact": [0,0,0,0,0,0,0], "cartesian_contact": [0,0,0,0,0,0], "joint_collision": [0,0,0,0,0,0,0], "cartesian_collision": [0,0,0,0,0,0], "tau_ext_hat_filtered": [0.189311,-0.640097,0.127534,-1.38026,0.545415,-0.444959,0.0759852], "O_F_ext_hat_K": [-11.0563,3.62411,-2.16026,-1.59151,-4.3705,0.309133], "K_F_ext_hat_K": [2.60445,0.190184,-11.5423,1.39574,-1.78595,0.191144], "O_dP_EE_d": [0,0,0,0,0,0], "O_ddP_O": [0,0,-9.81], "O_T_EE_c": [-0.0410302,-0.00223648,-0.999146,0,0.298568,0.95427,-0.0143968,0,0.953505,-0.29891,-0.0384868,0,0.825291,-0.118222,0.397087,1], "O_dP_EE_c": [0,0,0,0,0,0], "O_ddP_EE_c": [0,0,0,0,0,0], "theta": [0.182119,0.602132,-0.419406,-1.36938,-2.74207,2.82329,0.629891], "dtheta": [0,0,0,0,0,0,0], "current_errors": [], "last_motion_errors": [], "control_command_success_rate": 0, "robot_mode": "User stopped", "time": 1681311}