{"O_T_EE": [0.0193257,0.00536111,-0.999789,0,0.363292,0.931587,0.0120177,0,0.931473,-0.363455,0.0160562,0,0.814929,-0.173658,0.408911,1], "O_T_EE_d": [0.019468,0.00531505,-0.999787,0,0.363507,0.931503,0.0120303,0,0.931387,-0.363671,0.0162028,0,0.814932,-0.173661,0.40897,1], "F_T_NE": [0.7071,-0.7071,0,0,0.7071,0.7071,0,0,0,0,1,0,0,0,0.1034,1], "NE_T_EE": [1,0,0,0,0,1,0,0,0,0,1,0,0,0,0,1], "F_T_EE": [0.7071,-0.7071,0,0,0.7071,0.7071,0,0,0,0,1,0,0,0,0.1034,1], "EE_T_K": [1,0,0,0,0,1,0,0,0,0,1,0,0,0,0,1], "m_ee": 0.73, "F_x_Cee": [-0.01,0,0.03], "I_ee": [0.001,0,0,0,0.0025,0,0,0,0.0017], "m_load": 0, "F_x_Cload": [0,0,0], "I_load": [0,0,0,0,0,0,0,0,0], "m_total": 0.73, "F_x_Ctotal": [-0.01,0,0.03], "I_total": [0.001,0,0,0,0.0025,0,0,0,0.0017], "elbow": [-1.81952,-1], "elbow_d": [-1.81949,-1], "elbow_c": [-1.81949,-1], "delbow_c": [0,0], "ddelbow_c": [0,0], "tau_J": [0.524849,37.5083,25.3195,11.203,0.61475,-1.99709,0.102742], "tau_J_d": [0,0,0,0,0,0,0], "dtau_J": [-67.943,83.6318,65.2399,94.42,-20.0621,-51.1564,-69.4312], "q": [2.03401,-1.06798,-1.81952,-1.52567,-2.87919,2.43976,-0.448591], "dq": [-0.000126195,-0.000817073,-0.000722019,-0.0012807,-2.12533e-05,0.00100542,0.00148902], "q_d": [2.03404,-1.0679,-1.81949,-1.52572,-2.87918,2.43941,-0.448547], "dq_d": [0,0,0,0,0,0,0], "ddq_d": [0,0,0,0,0,0,0], "joint_contact": [0,0,0,0,0,0,0], "cartesian_contact": [0,0,0,0,0,0], "joint_collision": [0,0,0,0,0,0,0], "cartesian_collision": [0,0,0,0,0,0], "tau_ext_hat_filtered": [0.537372,0.396328,0.381878,-0.710801,0.102299,-1.39084,0.158921], "O_F_ext_hat_K": [-5.15944,4.67908,-1.16681,-1.8424,-2.02423,0.534883], "K_F_ext_hat_K": [1.09197,2.47062,-6.52525,2.3746,-0.882696,0.153595], "O_dP_EE_d": [0,0,0,0,0,0], "O_ddP_O": [0,0,-9.81], "O_T_EE_c": [0.019468,0.00531505,-0.999787,0,0.363507,0.931503,0.0120303,0,0.931387,-0.363671,0.0162028,0,0.814932,-0.173661,0.40897,1], "O_dP_EE_c": [0,0,0,0,0,0], "O_ddP_EE_c": [0,0,0,0,0,0], "theta": [2.03405,-1.06534,-1.81774,-1.52488,-2.87912,2.43953,-0.448579], "dtheta": [0,0,0,0,0,0,0], "current_errors": [], "last_motion_errors": ["joint_position_limits_violation"], "control_command_success_rate": 0, "robot_mode": "User stopped", "time": 11437225}