{"O_T_EE": [-0.00530164,0.00884303,-0.999937,0,0.713201,0.700942,0.00241747,0,0.700933,-0.713157,-0.0100232,0,0.677218,-0.491514,0.396977,1], "O_T_EE_d": [-0.00511596,0.0086432,-0.99994,0,0.713485,0.700653,0.00240587,0,0.700645,-0.713443,-0.00975149,0,0.677089,-0.491709,0.397086,1], "F_T_NE": [0.7071,-0.7071,0,0,0.7071,0.7071,0,0,0,0,1,0,0,0,0.1034,1], "NE_T_EE": [1,0,0,0,0,1,0,0,0,0,1,0,0,0,0,1], "F_T_EE": [0.7071,-0.7071,0,0,0.7071,0.7071,0,0,0,0,1,0,0,0,0.1034,1], "EE_T_K": [1,0,0,0,0,1,0,0,0,0,1,0,0,0,0,1], "m_ee": 0.73, "F_x_Cee": [-0.01,0,0.03], "I_ee": [0.001,0,0,0,0.0025,0,0,0,0.0017], "m_load": 0, "F_x_Cload": [0,0,0], "I_load": [0,0,0,0,0,0,0,0,0], "m_total": 0.73, "F_x_Ctotal": [-0.01,0,0.03], "I_total": [0.001,0,0,0,0.0025,0,0,0,0.0017], "elbow": [0.635729,-1], "elbow_d": [0.635718,-1], "elbow_c": [0.635718,-1], "delbow_c": [0,0], "ddelbow_c": [0,0], "tau_J": [0.298714,-42.7935,10.5811,19.7882,0.5882,-2.52809,0.112813], "tau_J_d": [0,0,0,0,0,0,0], "dtau_J": [29.1012,-164.958,-95.3327,42.5729,1.09376,-16.1991,35.7092], "q": [-1.11393,0.649752,0.635729,-1.45229,-2.73872,2.60819,0.0629383], "dq": [0.000176312,0.00093113,4.7618e-05,0.000170847,-0.0107142,0.000406084,-0.00149974], "q_d": [-1.11417,0.649648,0.635718,-1.45229,-2.73871,2.60794,0.0629572], "dq_d": [0,0,0,0,0,0,0], "ddq_d": [0,0,0,0,0,0,0], "joint_contact": [0,0,0,0,0,0,0], "cartesian_contact": [0,0,0,0,0,0], "joint_collision": [0,0,0,0,0,0,0], "cartesian_collision": [0,0,0,0,0,0], "tau_ext_hat_filtered": [0.33248,-0.569462,0.241219,-0.584412,0.276242,-1.30818,0.091893], "O_F_ext_hat_K": [-4.03926,6.25201,-1.88198,-2.6414,-1.51486,0.347304], "K_F_ext_hat_K": [1.9586,1.49697,-7.27105,1.89647,-1.6094,0.1046], "O_dP_EE_d": [0,0,0,0,0,0], "O_ddP_O": [0,0,-9.81], "O_T_EE_c": [-0.00511596,0.0086432,-0.99994,0,0.713485,0.700653,0.00240587,0,0.700645,-0.713443,-0.00975149,0,0.677089,-0.491709,0.397086,1], "O_dP_EE_c": [0,0,0,0,0,0], "O_ddP_EE_c": [0,0,0,0,0,0], "theta": [-1.11391,0.646749,0.636471,-1.4509,-2.73865,2.60791,0.0629507], "dtheta": [0,0,0,0,-0.0375315,0,0], "current_errors": [], "last_motion_errors": [], "control_command_success_rate": 0, "robot_mode": "User stopped", "time": 1860684}