{"O_T_EE": [0.00798623,0.0234784,-0.999683,0,0.627264,0.778446,0.0232935,0,0.778761,-0.627263,-0.00851044,0,0.729913,-0.406909,0.397113,1], "O_T_EE_d": [0.00821977,0.0232713,-0.999686,0,0.627459,0.77829,0.0232767,0,0.778602,-0.627465,-0.00820459,0,0.729871,-0.406999,0.397244,1], "F_T_NE": [0.7071,-0.7071,0,0,0.7071,0.7071,0,0,0,0,1,0,0,0,0.1034,1], "NE_T_EE": [1,0,0,0,0,1,0,0,0,0,1,0,0,0,0,1], "F_T_EE": [0.7071,-0.7071,0,0,0.7071,0.7071,0,0,0,0,1,0,0,0,0.1034,1], "EE_T_K": [1,0,0,0,0,1,0,0,0,0,1,0,0,0,0,1], "m_ee": 0.73, "F_x_Cee": [-0.01,0,0.03], "I_ee": [0.001,0,0,0,0.0025,0,0,0,0.0017], "m_load": 0, "F_x_Cload": [0,0,0], "I_load": [0,0,0,0,0,0,0,0,0], "m_total": 0.73, "F_x_Ctotal": [-0.01,0,0.03], "I_total": [0.001,0,0,0,0.0025,0,0,0,0.0017], "elbow": [0.662022,-1], "elbow_d": [0.662051,-1], "elbow_c": [0.662051,-1], "delbow_c": [0,0], "ddelbow_c": [0,0], "tau_J": [0.635933,-42.0754,11.1444,19.4073,0.642216,-2.57844,0.0615432], "tau_J_d": [0,0,0,0,0,0,0], "dtau_J": [57.9714,-69.4948,105.046,7.06131,-9.9884,-23.1379,-81.8978], "q": [-1.0147,0.653313,0.662022,-1.46192,-2.73846,2.59664,0.0693291], "dq": [-0.000135076,0.000817399,0.00555268,0.00150434,0.000534324,0.000159632,0.00136875], "q_d": [-1.0148,0.653188,0.662051,-1.46194,-2.73845,2.59636,0.0693328], "dq_d": [0,0,0,0,0,0,0], "ddq_d": [0,0,0,0,0,0,0], "joint_contact": [0,0,0,0,0,0,0], "cartesian_contact": [0,0,0,0,0,0], "joint_collision": [0,0,0,0,0,0,0], "cartesian_collision": [0,0,0,0,0,0], "tau_ext_hat_filtered": [0.670163,-0.110305,0.320313,-0.896916,0.342896,-1.36097,0.113208], "O_F_ext_hat_K": [-3.98766,6.11039,-2.61848,-2.34095,-1.05629,0.68177], "K_F_ext_hat_K": [2.72932,2.19434,-6.91597,2.11469,-1.74234,0.123355], "O_dP_EE_d": [0,0,0,0,0,0], "O_ddP_O": [0,0,-9.81], "O_T_EE_c": [0.00821977,0.0232713,-0.999686,0,0.627459,0.77829,0.0232767,0,0.778602,-0.627465,-0.00820459,0,0.729871,-0.406999,0.397244,1], "O_dP_EE_c": [0,0,0,0,0,0], "O_ddP_EE_c": [0,0,0,0,0,0], "theta": [-1.01466,0.65036,0.662804,-1.46056,-2.73839,2.59635,0.0693359], "dtheta": [0,0,0.024991,0,0,0,0], "current_errors": [], "last_motion_errors": [], "control_command_success_rate": 0, "robot_mode": "User stopped", "time": 1836253}