{"O_T_EE": [-0.0279943,0.0226895,-0.999341,0,0.842809,0.538074,-0.0113927,0,0.537471,-0.842589,-0.0341866,0,0.554411,-0.629606,0.409445,1], "O_T_EE_d": [-0.0280603,0.0224082,-0.999345,0,0.842988,0.537789,-0.0116112,0,0.537187,-0.842778,-0.033981,0,0.554141,-0.629724,0.409666,1], "F_T_NE": [0.7071,-0.7071,0,0,0.7071,0.7071,0,0,0,0,1,0,0,0,0.1034,1], "NE_T_EE": [1,0,0,0,0,1,0,0,0,0,1,0,0,0,0,1], "F_T_EE": [0.7071,-0.7071,0,0,0.7071,0.7071,0,0,0,0,1,0,0,0,0.1034,1], "EE_T_K": [1,0,0,0,0,1,0,0,0,0,1,0,0,0,0,1], "m_ee": 0.73, "F_x_Cee": [-0.01,0,0.03], "I_ee": [0.001,0,0,0,0.0025,0,0,0,0.0017], "m_load": 0, "F_x_Cload": [0,0,0], "I_load": [0,0,0,0,0,0,0,0,0], "m_total": 0.73, "F_x_Ctotal": [-0.01,0,0.03], "I_total": [0.001,0,0,0,0.0025,0,0,0,0.0017], "elbow": [-2.66378,-1], "elbow_d": [-2.66385,-1], "elbow_c": [-2.66385,-1], "delbow_c": [0,0], "ddelbow_c": [0,0], "tau_J": [-0.371757,44.6732,7.65718,19.4073,0.61475,-1.84694,0.0111892], "tau_J_d": [0,0,0,0,0,0,0], "dtau_J": [-91.4965,20.4249,13.7153,107.988,0.77993,1.19565,16.8249], "q": [1.92181,-0.61118,-2.66378,-1.39758,-2.68885,2.70318,0.0937917], "dq": [0.00132346,-0.000252692,-0.000756162,0.000507512,0.000313886,-0.000309495,0.00103314], "q_d": [1.92145,-0.610626,-2.66385,-1.39792,-2.68884,2.70317,0.0937828], "dq_d": [0,0,0,0,0,0,0], "ddq_d": [0,0,0,0,0,0,0], "joint_contact": [0,0,0,0,0,0,0], "cartesian_contact": [0,0,0,0,0,0], "joint_collision": [0,0,0,0,0,0,0], "cartesian_collision": [0,0,0,0,0,0], "tau_ext_hat_filtered": [-0.321941,0.92483,0.0422114,-1.76498,0.242631,-0.652431,0.0226551], "O_F_ext_hat_K": [-8.44287,12.2072,-2.16142,-4.95467,-3.1789,-0.191702], "K_F_ext_hat_K": [2.67338,-0.522749,-14.7495,1.65872,-1.58689,0.123617], "O_dP_EE_d": [0,0,0,0,0,0], "O_ddP_O": [0,0,-9.81], "O_T_EE_c": [-0.0280603,0.0224082,-0.999345,0,0.842988,0.537789,-0.0116112,0,0.537187,-0.842778,-0.033981,0,0.554141,-0.629724,0.409666,1], "O_dP_EE_c": [0,0,0,0,0,0], "O_ddP_EE_c": [0,0,0,0,0,0], "theta": [1.92179,-0.608044,-2.66324,-1.39621,-2.68879,2.70298,0.0937933], "dtheta": [0,0,0,0,0,0,0], "current_errors": [], "last_motion_errors": [], "control_command_success_rate": 0, "robot_mode": "User stopped", "time": 1685517}