{"O_T_EE": [3.20558e-05,0.0212245,-0.999765,0,0.990573,0.136887,0.00293781,0,0.13692,-0.990359,-0.0210204,0,0.255133,-0.805817,0.393504,1], "O_T_EE_d": [1.39059e-05,0.0212633,-0.999764,0,0.99065,0.136323,0.00291314,0,0.136355,-0.990436,-0.021063,0,0.254687,-0.805876,0.393538,1], "F_T_NE": [0.7071,-0.7071,0,0,0.7071,0.7071,0,0,0,0,1,0,0,0,0.1034,1], "NE_T_EE": [1,0,0,0,0,1,0,0,0,0,1,0,0,0,0,1], "F_T_EE": [0.7071,-0.7071,0,0,0.7071,0.7071,0,0,0,0,1,0,0,0,0.1034,1], "EE_T_K": [1,0,0,0,0,1,0,0,0,0,1,0,0,0,0,1], "m_ee": 0.73, "F_x_Cee": [-0.01,0,0.03], "I_ee": [0.001,0,0,0,0.0025,0,0,0,0.0017], "m_load": 0, "F_x_Cload": [0,0,0], "I_load": [0,0,0,0,0,0,0,0,0], "m_total": 0.73, "F_x_Ctotal": [-0.01,0,0.03], "I_total": [0.001,0,0,0,0.0025,0,0,0,0.0017], "elbow": [-0.240611,-1], "elbow_d": [-0.240789,-1], "elbow_c": [-0.240789,-1], "delbow_c": [0,0], "ddelbow_c": [0,0], "tau_J": [-0.669303,-45.884,-4.2288,19.5621,0.231144,-2.24794,-0.0300095], "tau_J_d": [0,0,0,0,0,0,0], "dtau_J": [-145.822,-107.254,-89.5815,-80.2552,7.84114,46.0683,-37.4346], "q": [-1.08119,0.618685,-0.240611,-1.33571,-2.70082,2.78257,0.515943], "dq": [0.000966149,0.00142739,-0.000435353,0.00193611,-0.000382686,-0.000711213,0.00108775], "q_d": [-1.08153,0.618381,-0.240789,-1.33612,-2.70078,2.78252,0.515934], "dq_d": [0,0,0,0,0,0,0], "ddq_d": [0,0,0,0,0,0,0], "joint_contact": [0,0,0,0,0,0,0], "cartesian_contact": [0,0,0,0,0,0], "joint_collision": [0,0,0,0,0,0,0], "cartesian_collision": [0,0,0,0,0,0], "tau_ext_hat_filtered": [-0.635205,0.101038,-0.51122,-1.95515,0.46965,-0.727359,0.0219253], "O_F_ext_hat_K": [-2.37975,12.1178,-3.40156,-4.10035,-0.423638,-0.536784], "K_F_ext_hat_K": [3.65795,-0.708543,-12.2553,1.7028,-2.10719,0.103756], "O_dP_EE_d": [0,0,0,0,0,0], "O_ddP_O": [0,0,-9.81], "O_T_EE_c": [1.39059e-05,0.0212633,-0.999764,0,0.99065,0.136323,0.00291314,0,0.136355,-0.990436,-0.021063,0,0.254687,-0.805876,0.393538,1], "O_dP_EE_c": [0,0,0,0,0,0], "O_ddP_EE_c": [0,0,0,0,0,0], "theta": [-1.08123,0.615465,-0.240909,-1.33434,-2.70079,2.78232,0.51594], "dtheta": [0,0,0,0,0,0,0], "current_errors": [], "last_motion_errors": [], "control_command_success_rate": 0, "robot_mode": "User stopped", "time": 1827426}