{"O_T_EE": [-0.00319737,0.0120302,-0.999913,0,0.99942,0.0336403,-0.00279106,0,0.0336045,-0.999362,-0.012131,0,0.152095,-0.833282,0.395351,1], "O_T_EE_d": [-0.0032093,0.0118285,-0.999915,0,0.999441,0.0330131,-0.00281725,0,0.0329776,-0.999385,-0.0119281,0,0.151808,-0.833372,0.395454,1], "F_T_NE": [0.7071,-0.7071,0,0,0.7071,0.7071,0,0,0,0,1,0,0,0,0.1034,1], "NE_T_EE": [1,0,0,0,0,1,0,0,0,0,1,0,0,0,0,1], "F_T_EE": [0.7071,-0.7071,0,0,0.7071,0.7071,0,0,0,0,1,0,0,0,0.1034,1], "EE_T_K": [1,0,0,0,0,1,0,0,0,0,1,0,0,0,0,1], "m_ee": 0.73, "F_x_Cee": [-0.01,0,0.03], "I_ee": [0.001,0,0,0,0.0025,0,0,0,0.0017], "m_load": 0, "F_x_Cload": [0,0,0], "I_load": [0,0,0,0,0,0,0,0,0], "m_total": 0.73, "F_x_Ctotal": [-0.01,0,0.03], "I_total": [0.001,0,0,0,0.0025,0,0,0,0.0017], "elbow": [1.36541,-1], "elbow_d": [1.36543,-1], "elbow_c": [1.36543,-1], "delbow_c": [0,0], "ddelbow_c": [0,0], "tau_J": [-0.744682,-39.5879,26.1804,9.47723,0.5882,-1.88722,0.163167], "tau_J_d": [0,0,0,0,0,0,0], "dtau_J": [-6.83695,-113.227,-0.599748,-125.327,22.2339,-5.89876,119.619], "q": [-2.26177,1.1786,1.36541,-1.45295,-2.88689,2.4741,-0.572145], "dq": [0.00116428,0.000291159,-0.00111362,0.000858066,-0.000205945,0.000112292,-0.00215618], "q_d": [-2.26197,1.17852,1.36543,-1.45283,-2.88691,2.47377,-0.572133], "dq_d": [0,0,0,0,0,0,0], "ddq_d": [0,0,0,0,0,0,0], "joint_contact": [0,0,0,0,0,0,0], "cartesian_contact": [0,0,0,0,0,0], "joint_collision": [0,0,0,0,0,0,0], "cartesian_collision": [0,0,0,0,0,0], "tau_ext_hat_filtered": [-0.737374,-0.61934,0.0971966,0.00470479,-0.115213,-1.56448,0.115561], "O_F_ext_hat_K": [0.486818,7.3175,-0.71722,-3.17396,0.207376,-0.743983], "K_F_ext_hat_K": [0.803647,0.734715,-7.28777,2.2641,-0.875048,0.0920352], "O_dP_EE_d": [0,0,0,0,0,0], "O_ddP_O": [0,0,-9.81], "O_T_EE_c": [-0.0032093,0.0118285,-0.999915,0,0.999441,0.0330131,-0.00281725,0,0.0329776,-0.999385,-0.0119281,0,0.151808,-0.833372,0.395454,1], "O_dP_EE_c": [0,0,0,0,0,0], "O_ddP_EE_c": [0,0,0,0,0,0], "theta": [-2.26182,1.17582,1.36725,-1.45229,-2.88683,2.47389,-0.572127], "dtheta": [0,0,0,0,0,0,0], "current_errors": [], "last_motion_errors": ["joint_position_limits_violation"], "control_command_success_rate": 0, "robot_mode": "User stopped", "time": 12069988}