{"O_T_EE": [0.0115695,0.0330125,-0.999378,0,0.976456,-0.21563,0.00418128,0,-0.215362,-0.975917,-0.0347306,0,-0.043592,-0.850054,0.407364,1], "O_T_EE_d": [0.0114751,0.0330347,-0.999379,0,0.976382,-0.215968,0.00407218,0,-0.215704,-0.975841,-0.0347334,0,-0.043812,-0.850028,0.40732,1], "F_T_NE": [0.7071,-0.7071,0,0,0.7071,0.7071,0,0,0,0,1,0,0,0,0.1034,1], "NE_T_EE": [1,0,0,0,0,1,0,0,0,0,1,0,0,0,0,1], "F_T_EE": [0.7071,-0.7071,0,0,0.7071,0.7071,0,0,0,0,1,0,0,0,0.1034,1], "EE_T_K": [1,0,0,0,0,1,0,0,0,0,1,0,0,0,0,1], "m_ee": 0.73, "F_x_Cee": [-0.01,0,0.03], "I_ee": [0.001,0,0,0,0.0025,0,0,0,0.0017], "m_load": 0, "F_x_Cload": [0,0,0], "I_load": [0,0,0,0,0,0,0,0,0], "m_total": 0.73, "F_x_Ctotal": [-0.01,0,0.03], "I_total": [0.001,0,0,0,0.0025,0,0,0,0.0017], "elbow": [-2.50903,-1], "elbow_d": [-2.50913,-1], "elbow_c": [-2.50913,-1], "delbow_c": [0,0], "ddelbow_c": [0,0], "tau_J": [0.0368734,44.0702,11.1087,18.7924,0.807011,-1.93758,-0.0300095], "tau_J_d": [0,0,0,0,0,0,0], "dtau_J": [22.8534,11.8248,7.82389,69.7114,-27.5147,6.6002,-52.9085], "q": [1.05319,-0.698168,-2.50903,-1.34761,-2.66324,2.67511,-0.0353656], "dq": [8.78101e-05,0.0002895,0.00363106,0.000184295,0.000338094,-0.000137807,0.000622005], "q_d": [1.05299,-0.698103,-2.50913,-1.34778,-2.66321,2.67494,-0.0353868], "dq_d": [0,0,0,0,0,0,0], "ddq_d": [0,0,0,0,0,0,0], "joint_contact": [0,0,0,0,0,0,0], "cartesian_contact": [0,0,0,0,0,0], "joint_collision": [0,0,0,0,0,0,0], "cartesian_collision": [0,0,0,0,0,0], "tau_ext_hat_filtered": [0.0218567,0.18407,0.343483,-1.5932,0.256467,-0.902825,0.0076499], "O_F_ext_hat_K": [3.05575,11.4462,-2.56819,-3.94969,1.32935,0.22626], "K_F_ext_hat_K": [2.97987,0.504937,-11.7395,1.86065,-1.48574,0.189843], "O_dP_EE_d": [0,0,0,0,0,0], "O_ddP_O": [0,0,-9.81], "O_T_EE_c": [0.0114751,0.0330347,-0.999379,0,0.976382,-0.215968,0.00407218,0,-0.215704,-0.975841,-0.0347334,0,-0.043812,-0.850028,0.40732,1], "O_dP_EE_c": [0,0,0,0,0,0], "O_ddP_EE_c": [0,0,0,0,0,0], "theta": [1.0532,-0.695076,-2.50825,-1.34629,-2.66315,2.6749,-0.0353678], "dtheta": [0,0,0,0,0,0,0], "current_errors": [], "last_motion_errors": [], "control_command_success_rate": 0, "robot_mode": "User stopped", "time": 2715450}