{"O_T_EE": [0.00243088,0.0540019,-0.998528,0,0.999143,-0.0411615,0.000206306,0,-0.0410906,-0.997692,-0.0540567,0,0.109066,-0.841959,0.393411,1], "O_T_EE_d": [0.00231428,0.054061,-0.998525,0,0.999124,-0.0416287,6.18525e-05,0,-0.0415648,-0.997669,-0.054111,0,0.108691,-0.841962,0.393395,1], "F_T_NE": [0.7071,-0.7071,0,0,0.7071,0.7071,0,0,0,0,1,0,0,0,0.1034,1], "NE_T_EE": [1,0,0,0,0,1,0,0,0,0,1,0,0,0,0,1], "F_T_EE": [0.7071,-0.7071,0,0,0.7071,0.7071,0,0,0,0,1,0,0,0,0.1034,1], "EE_T_K": [1,0,0,0,0,1,0,0,0,0,1,0,0,0,0,1], "m_ee": 0.73, "F_x_Cee": [-0.01,0,0.03], "I_ee": [0.001,0,0,0,0.0025,0,0,0,0.0017], "m_load": 0, "F_x_Cload": [0,0,0], "I_load": [0,0,0,0,0,0,0,0,0], "m_total": 0.73, "F_x_Ctotal": [-0.01,0,0.03], "I_total": [0.001,0,0,0,0.0025,0,0,0,0.0017], "elbow": [-0.286256,-1], "elbow_d": [-0.286498,-1], "elbow_c": [-0.286498,-1], "delbow_c": [0,0], "ddelbow_c": [0,0], "tau_J": [-0.522514,-46.6378,-4.75645,19.4827,0.121281,-2.04744,-0.0199387], "tau_J_d": [0,0,0,0,0,0,0], "dtau_J": [-122.575,107.448,109.892,-144.598,-2.3119,29.267,57.7589], "q": [-1.23684,0.646366,-0.286256,-1.28142,-2.6605,2.85154,0.501825], "dq": [0.00117248,9.74755e-05,-0.000689029,0.00339362,-0.00184724,-0.0002116,-0.000798038], "q_d": [-1.23706,0.646238,-0.286498,-1.28168,-2.66049,2.85151,0.5018], "dq_d": [0,0,0,0,0,0,0], "ddq_d": [0,0,0,0,0,0,0], "joint_contact": [0,0,0,0,0,0,0], "cartesian_contact": [0,0,0,0,0,0], "joint_collision": [0,0,0,0,0,0,0], "cartesian_collision": [0,0,0,0,0,0], "tau_ext_hat_filtered": [-0.489901,-0.237501,-0.381114,-1.91972,0.310793,-0.59783,-0.0274818], "O_F_ext_hat_K": [-0.431438,13.9178,-3.13561,-4.98971,0.238509,-0.353558], "K_F_ext_hat_K": [3.88161,-1.00461,-13.6984,1.50438,-2.15571,0.103958], "O_dP_EE_d": [0,0,0,0,0,0], "O_ddP_O": [0,0,-9.81], "O_T_EE_c": [0.00231428,0.054061,-0.998525,0,0.999124,-0.0416287,6.18525e-05,0,-0.0415648,-0.997669,-0.054111,0,0.108691,-0.841962,0.393395,1], "O_dP_EE_c": [0,0,0,0,0,0], "O_ddP_EE_c": [0,0,0,0,0,0], "theta": [-1.23687,0.643093,-0.286589,-1.28005,-2.66049,2.85131,0.501823], "dtheta": [0,0,0,0,0,0,0], "current_errors": [], "last_motion_errors": [], "control_command_success_rate": 0, "robot_mode": "User stopped", "time": 2148641}