{"O_T_EE": [0.00769397,0.022997,-0.999696,0,0.986836,-0.161619,0.00387712,0,-0.161483,-0.986585,-0.0239382,0,0.00915277,-0.849318,0.408225,1], "O_T_EE_d": [0.00755964,0.0229,-0.9997,0,0.986789,-0.161907,0.00375324,0,-0.161776,-0.98654,-0.0238218,0,0.00894263,-0.849292,0.408279,1], "F_T_NE": [0.7071,-0.7071,0,0,0.7071,0.7071,0,0,0,0,1,0,0,0,0.1034,1], "NE_T_EE": [1,0,0,0,0,1,0,0,0,0,1,0,0,0,0,1], "F_T_EE": [0.7071,-0.7071,0,0,0.7071,0.7071,0,0,0,0,1,0,0,0,0.1034,1], "EE_T_K": [1,0,0,0,0,1,0,0,0,0,1,0,0,0,0,1], "m_ee": 0.73, "F_x_Cee": [-0.01,0,0.03], "I_ee": [0.001,0,0,0,0.0025,0,0,0,0.0017], "m_load": 0, "F_x_Cload": [0,0,0], "I_load": [0,0,0,0,0,0,0,0,0], "m_total": 0.73, "F_x_Ctotal": [-0.01,0,0.03], "I_total": [0.001,0,0,0,0.0025,0,0,0,0.0017], "elbow": [2.77864,-1], "elbow_d": [2.77841,-1], "elbow_c": [2.77841,-1], "delbow_c": [0,0], "ddelbow_c": [0,0], "tau_J": [0.635933,47.01,-5.50627,20.4428,-0.152462,-2.51802,-0.0199387], "tau_J_d": [0,0,0,0,0,0,0], "dtau_J": [-22.2742,145.498,-156.943,131.66,22.4195,-5.55012,-76.5256], "q": [1.84412,-0.644835,2.77864,-1.27505,-2.66841,2.84764,0.553956], "dq": [2.2945e-05,-0.00104588,0.00196077,-0.00193263,4.01039e-05,0.000563743,0.00108616], "q_d": [1.84409,-0.644701,2.77841,-1.27524,-2.66839,2.84751,0.553916], "dq_d": [0,0,0,0,0,0,0], "ddq_d": [0,0,0,0,0,0,0], "joint_contact": [0,0,0,0,0,0,0], "cartesian_contact": [0,0,0,0,0,0], "joint_collision": [0,0,0,0,0,0,0], "cartesian_collision": [0,0,0,0,0,0], "tau_ext_hat_filtered": [0.61955,1.00478,0.172759,-0.951871,0.130414,-0.964179,0.0336735], "O_F_ext_hat_K": [1.6407,13.6317,-2.94962,-5.70593,1.04535,0.690141], "K_F_ext_hat_K": [3.2749,-0.595481,-13.6432,0.815487,-2.67115,0.103257], "O_dP_EE_d": [0,0,0,0,0,0], "O_ddP_O": [0,0,-9.81], "O_T_EE_c": [0.00755964,0.0229,-0.9997,0,0.986789,-0.161907,0.00375324,0,-0.161776,-0.98654,-0.0238218,0,0.00894263,-0.849292,0.408279,1], "O_dP_EE_c": [0,0,0,0,0,0], "O_ddP_EE_c": [0,0,0,0,0,0], "theta": [1.84417,-0.641536,2.77826,-1.27361,-2.66842,2.84736,0.553954], "dtheta": [0,0,0,0,0,0,0], "current_errors": [], "last_motion_errors": ["joint_position_limits_violation"], "control_command_success_rate": 0, "robot_mode": "User stopped", "time": 12503370}