{"O_T_EE": [-0.00556412,0.0378235,-0.999259,0,0.904774,-0.425345,-0.021138,0,-0.425838,-0.904239,-0.0318557,0,-0.239061,-0.821805,0.392954,1], "O_T_EE_d": [-0.00562952,0.0377816,-0.999261,0,0.904669,-0.425566,-0.0211871,0,-0.426059,-0.904137,-0.0317847,0,-0.239241,-0.821735,0.39301,1], "F_T_NE": [0.7071,-0.7071,0,0,0.7071,0.7071,0,0,0,0,1,0,0,0,0.1034,1], "NE_T_EE": [1,0,0,0,0,1,0,0,0,0,1,0,0,0,0,1], "F_T_EE": [0.7071,-0.7071,0,0,0.7071,0.7071,0,0,0,0,1,0,0,0,0.1034,1], "EE_T_K": [1,0,0,0,0,1,0,0,0,0,1,0,0,0,0,1], "m_ee": 0.73, "F_x_Cee": [-0.01,0,0.03], "I_ee": [0.001,0,0,0,0.0025,0,0,0,0.0017], "m_load": 0, "F_x_Cload": [0,0,0], "I_load": [0,0,0,0,0,0,0,0,0], "m_total": 0.73, "F_x_Ctotal": [-0.01,0,0.03], "I_total": [0.001,0,0,0,0.0025,0,0,0,0.0017], "elbow": [-0.127984,-1], "elbow_d": [-0.128098,-1], "elbow_c": [-0.128098,-1], "delbow_c": [0,0], "ddelbow_c": [0,0], "tau_J": [0.560555,-47.9946,-1.38029,20.4785,0.341007,-2.14815,0.0514724], "tau_J_d": [0,0,0,0,0,0,0], "dtau_J": [64.2428,179.735,31.1708,75.1895,29.2323,10.8931,-100.395], "q": [-1.76495,0.65307,-0.127984,-1.26587,-2.69458,2.81021,0.421652], "dq": [-0.000296698,-0.00118546,-0.0010299,0.0028378,-0.000431798,-0.000125778,0.00243735], "q_d": [-1.76509,0.652954,-0.128098,-1.26596,-2.69457,2.81017,0.421649], "dq_d": [0,0,0,0,0,0,0], "ddq_d": [0,0,0,0,0,0,0], "joint_contact": [0,0,0,0,0,0,0], "cartesian_contact": [0,0,0,0,0,0], "joint_collision": [0,0,0,0,0,0,0], "cartesian_collision": [0,0,0,0,0,0], "tau_ext_hat_filtered": [0.569043,-0.759125,0.539568,-1.28389,0.435616,-0.668183,0.117235], "O_F_ext_hat_K": [6.06247,11.9538,-2.4062,-4.64628,2.50139,0.705676], "K_F_ext_hat_K": [2.82287,0.45156,-13.314,1.45474,-2.00846,0.237685], "O_dP_EE_d": [0,0,0,0,0,0], "O_ddP_O": [0,0,-9.81], "O_T_EE_c": [-0.00562952,0.0377816,-0.999261,0,0.904669,-0.425566,-0.0211871,0,-0.426059,-0.904137,-0.0317847,0,-0.239241,-0.821735,0.39301,1], "O_dP_EE_c": [0,0,0,0,0,0], "O_ddP_EE_c": [0,0,0,0,0,0], "theta": [-1.76492,0.649702,-0.128081,-1.26443,-2.69454,2.80997,0.421658], "dtheta": [0,0,0,0,0,0,0], "current_errors": [], "last_motion_errors": [], "control_command_success_rate": 0, "robot_mode": "User stopped", "time": 2269854}