{"O_T_EE": [0.00272245,0.0275034,-0.999608,0,0.947188,-0.320588,-0.00624104,0,-0.32064,-0.946818,-0.0269242,0,-0.141725,-0.842619,0.392638,1], "O_T_EE_d": [0.00260834,0.027414,-0.999611,0,0.947116,-0.3208,-0.00632648,0,-0.320855,-0.946749,-0.0268015,0,-0.141881,-0.842586,0.392684,1], "F_T_NE": [0.7071,-0.7071,0,0,0.7071,0.7071,0,0,0,0,1,0,0,0,0.1034,1], "NE_T_EE": [1,0,0,0,0,1,0,0,0,0,1,0,0,0,0,1], "F_T_EE": [0.7071,-0.7071,0,0,0.7071,0.7071,0,0,0,0,1,0,0,0,0.1034,1], "EE_T_K": [1,0,0,0,0,1,0,0,0,0,1,0,0,0,0,1], "m_ee": 0.73, "F_x_Cee": [-0.01,0,0.03], "I_ee": [0.001,0,0,0,0.0025,0,0,0,0.0017], "m_load": 0, "F_x_Cload": [0,0,0], "I_load": [0,0,0,0,0,0,0,0,0], "m_total": 0.73, "F_x_Ctotal": [-0.01,0,0.03], "I_total": [0.001,0,0,0,0.0025,0,0,0,0.0017], "elbow": [-0.0751512,-1], "elbow_d": [-0.0753189,-1], "elbow_c": [-0.0753189,-1], "delbow_c": [0,0], "ddelbow_c": [0,0], "tau_J": [0.0011678,-46.7529,-0.967694,20.5579,0.341007,-2.45851,0.0111892], "tau_J_d": [0,0,0,0,0,0,0], "dtau_J": [-6.97765,-12.3209,-79.8007,66.0789,-20.8705,4.22892,85.1217], "q": [-1.68523,0.642756,-0.0751512,-1.28528,-2.69459,2.78748,0.406254], "dq": [-0.0001621,0.000293216,0.000529389,-0.00208886,0.000225125,-0.00031752,-0.00224662], "q_d": [-1.68528,0.642683,-0.0753189,-1.28535,-2.69458,2.78737,0.406258], "dq_d": [0,0,0,0,0,0,0], "ddq_d": [0,0,0,0,0,0,0], "joint_contact": [0,0,0,0,0,0,0], "cartesian_contact": [0,0,0,0,0,0], "joint_collision": [0,0,0,0,0,0,0], "cartesian_collision": [0,0,0,0,0,0], "tau_ext_hat_filtered": [-0.0197019,0.380463,0.138162,-1.22886,0.411102,-1.00013,-0.030547], "O_F_ext_hat_K": [3.48536,7.61484,-3.25869,-2.10634,1.46943,0.150039], "K_F_ext_hat_K": [3.4764,0.880424,-8.23968,1.71733,-1.93382,0.110251], "O_dP_EE_d": [0,0,0,0,0,0], "O_ddP_O": [0,0,-9.81], "O_T_EE_c": [0.00260834,0.027414,-0.999611,0,0.947116,-0.3208,-0.00632648,0,-0.320855,-0.946749,-0.0268015,0,-0.141881,-0.842586,0.392684,1], "O_dP_EE_c": [0,0,0,0,0,0], "O_ddP_EE_c": [0,0,0,0,0,0], "theta": [-1.68523,0.639475,-0.0752194,-1.28384,-2.69455,2.7872,0.406256], "dtheta": [0,0,0,0,0,0,0], "current_errors": [], "last_motion_errors": [], "control_command_success_rate": 0, "robot_mode": "User stopped", "time": 2239279}