{"O_T_EE": [0.0279904,0.00821413,-0.999565,0,0.687366,-0.726176,0.0132805,0,-0.725765,-0.687452,-0.0259726,0,-0.51293,-0.692844,0.393433,1], "O_T_EE_d": [0.0277444,0.00787827,-0.999574,0,0.687317,-0.726222,0.0133535,0,-0.725822,-0.687408,-0.0255639,0,-0.51292,-0.692852,0.393699,1], "F_T_NE": [0.7071,-0.7071,0,0,0.7071,0.7071,0,0,0,0,1,0,0,0,0.1034,1], "NE_T_EE": [1,0,0,0,0,1,0,0,0,0,1,0,0,0,0,1], "F_T_EE": [0.7071,-0.7071,0,0,0.7071,0.7071,0,0,0,0,1,0,0,0,0.1034,1], "EE_T_K": [1,0,0,0,0,1,0,0,0,0,1,0,0,0,0,1], "m_ee": 0.73, "F_x_Cee": [-0.01,0,0.03], "I_ee": [0.001,0,0,0,0.0025,0,0,0,0.0017], "m_load": 0, "F_x_Cload": [0,0,0], "I_load": [0,0,0,0,0,0,0,0,0], "m_total": 0.73, "F_x_Ctotal": [-0.01,0,0.03], "I_total": [0.001,0,0,0,0.0025,0,0,0,0.0017], "elbow": [0.426394,-1], "elbow_d": [0.426522,-1], "elbow_c": [0.426522,-1], "delbow_c": [0,0], "ddelbow_c": [0,0], "tau_J": [0.747017,-47.7685,8.33162,20.7483,0.560734,-2.3578,0.184224], "tau_J_d": [0,0,0,0,0,0,0], "dtau_J": [40.6561,-50.0446,156.252,-72.4536,8.70336,-4.23393,42.1667], "q": [-2.5163,0.701969,0.426394,-1.28604,-2.6608,2.69641,0.0880636], "dq": [0.000765332,0.00112984,-0.000836404,0.00743065,-8.60802e-05,0.000194639,-0.00102704], "q_d": [-2.51635,0.70173,0.426522,-1.286,-2.6608,2.69624,0.0880735], "dq_d": [0,0,0,0,0,0,0], "ddq_d": [0,0,0,0,0,0,0], "joint_contact": [0,0,0,0,0,0,0], "cartesian_contact": [0,0,0,0,0,0], "joint_collision": [0,0,0,0,0,0,0], "cartesian_collision": [0,0,0,0,0,0], "tau_ext_hat_filtered": [0.714331,-1.29164,0.85125,-0.439789,0.147938,-1.15957,0.163506], "O_F_ext_hat_K": [8.18369,6.57882,-1.49298,-3.05488,3.73047,0.819615], "K_F_ext_hat_K": [1.77547,0.827995,-10.4233,1.44376,-1.97841,0.250122], "O_dP_EE_d": [0,0,0,0,0,0], "O_ddP_O": [0,0,-9.81], "O_T_EE_c": [0.0277444,0.00787827,-0.999574,0,0.687317,-0.726222,0.0133535,0,-0.725822,-0.687408,-0.0255639,0,-0.51292,-0.692852,0.393699,1], "O_dP_EE_c": [0,0,0,0,0,0], "O_ddP_EE_c": [0,0,0,0,0,0], "theta": [-2.51625,0.698616,0.426977,-1.28458,-2.66074,2.69615,0.0880841], "dtheta": [0,0,0,0.0248544,0,0,0], "current_errors": [], "last_motion_errors": [], "control_command_success_rate": 0, "robot_mode": "User stopped", "time": 2680279}