{"O_T_EE": [0.0244493,0.0333849,-0.999134,0,0.817081,-0.576506,0.00073108,0,-0.575993,-0.816407,-0.0413741,0,-0.381973,-0.769446,0.392824,1], "O_T_EE_d": [0.0243479,0.033218,-0.999142,0,0.816985,-0.576642,0.000737567,0,-0.576134,-0.816317,-0.0411795,0,-0.382075,-0.769385,0.39296,1], "F_T_NE": [0.7071,-0.7071,0,0,0.7071,0.7071,0,0,0,0,1,0,0,0,0.1034,1], "NE_T_EE": [1,0,0,0,0,1,0,0,0,0,1,0,0,0,0,1], "F_T_EE": [0.7071,-0.7071,0,0,0.7071,0.7071,0,0,0,0,1,0,0,0,0.1034,1], "EE_T_K": [1,0,0,0,0,1,0,0,0,0,1,0,0,0,0,1], "m_ee": 0.73, "F_x_Cee": [-0.01,0,0.03], "I_ee": [0.001,0,0,0,0.0025,0,0,0,0.0017], "m_load": 0, "F_x_Cload": [0,0,0], "I_load": [0,0,0,0,0,0,0,0,0], "m_total": 0.73, "F_x_Ctotal": [-0.01,0,0.03], "I_total": [0.001,0,0,0,0.0025,0,0,0,0.0017], "elbow": [0.152119,-1], "elbow_d": [0.152093,-1], "elbow_c": [0.152093,-1], "delbow_c": [0,0], "ddelbow_c": [0,0], "tau_J": [0.374093,-48.8635,3.19399,20.3278,0.633061,-1.92751,0.0313308], "tau_J_d": [0,0,0,0,0,0,0], "dtau_J": [37.1496,-16.3456,63.8666,-66.7963,-24.6334,-9.58026,-83.2436], "q": [-2.14963,0.664041,0.152119,-1.26295,-2.67485,2.78244,0.257212], "dq": [-7.69504e-05,0.000970852,-0.000731161,0.00617666,-0.00388531,-3.08374e-05,0.00232068], "q_d": [-2.14974,0.663875,0.152093,-1.26297,-2.67484,2.78238,0.257227], "dq_d": [0,0,0,0,0,0,0], "ddq_d": [0,0,0,0,0,0,0], "joint_contact": [0,0,0,0,0,0,0], "cartesian_contact": [0,0,0,0,0,0], "joint_collision": [0,0,0,0,0,0,0], "cartesian_collision": [0,0,0,0,0,0], "tau_ext_hat_filtered": [0.422281,-1.32361,0.484792,-1.4488,0.424238,-0.589731,0.0970223], "O_F_ext_hat_K": [9.51274,12.9526,-1.58136,-5.34309,4.02844,0.536153], "K_F_ext_hat_K": [2.24503,0.304306,-15.9884,1.82818,-1.72041,0.192489], "O_dP_EE_d": [0,0,0,0,0,0], "O_ddP_O": [0,0,-9.81], "O_T_EE_c": [0.0243479,0.033218,-0.999142,0,0.816985,-0.576642,0.000737567,0,-0.576134,-0.816317,-0.0411795,0,-0.382075,-0.769385,0.39296,1], "O_dP_EE_c": [0,0,0,0,0,0], "O_ddP_EE_c": [0,0,0,0,0,0], "theta": [-2.14961,0.660612,0.152343,-1.26152,-2.67478,2.78223,0.257215], "dtheta": [0,0,0,0,0,0,0], "current_errors": [], "last_motion_errors": [], "control_command_success_rate": 0, "robot_mode": "User stopped", "time": 2425950}