{"O_T_EE": [0.0133599,0.021407,-0.999672,0,0.738567,-0.67415,-0.00456584,0,-0.67404,-0.738278,-0.0248175,0,-0.469569,-0.721527,0.392755,1], "O_T_EE_d": [0.0132093,0.02123,-0.999678,0,0.73846,-0.674267,-0.00456156,0,-0.67416,-0.738176,-0.0245846,0,-0.469651,-0.721469,0.392899,1], "F_T_NE": [0.7071,-0.7071,0,0,0.7071,0.7071,0,0,0,0,1,0,0,0,0.1034,1], "NE_T_EE": [1,0,0,0,0,1,0,0,0,0,1,0,0,0,0,1], "F_T_EE": [0.7071,-0.7071,0,0,0.7071,0.7071,0,0,0,0,1,0,0,0,0.1034,1], "EE_T_K": [1,0,0,0,0,1,0,0,0,0,1,0,0,0,0,1], "m_ee": 0.73, "F_x_Cee": [-0.01,0,0.03], "I_ee": [0.001,0,0,0,0.0025,0,0,0,0.0017], "m_load": 0, "F_x_Cload": [0,0,0], "I_load": [0,0,0,0,0,0,0,0,0], "m_total": 0.73, "F_x_Ctotal": [-0.01,0,0.03], "I_total": [0.001,0,0,0,0.0025,0,0,0,0.0017], "elbow": [0.0788525,-1], "elbow_d": [0.0787862,-1], "elbow_c": [0.0787862,-1], "delbow_c": [0,0], "ddelbow_c": [0,0], "tau_J": [0.374093,-48.5223,1.92049,21.1331,0.551579,-2.36787,0.194295], "tau_J_d": [0,0,0,0,0,0,0], "dtau_J": [85.0302,44.9161,6.55466,68.1872,3.949,13.4125,59.4983], "q": [-2.20932,0.665386,0.0788525,-1.2592,-2.67428,2.76961,0.296195], "dq": [-0.000660323,-0.00117923,0.000231125,-0.000615633,-0.000174806,-0.000254005,-0.00106723], "q_d": [-2.20938,0.665228,0.0787862,-1.25922,-2.67426,2.76951,0.296217], "dq_d": [0,0,0,0,0,0,0], "ddq_d": [0,0,0,0,0,0,0], "joint_contact": [0,0,0,0,0,0,0], "cartesian_contact": [0,0,0,0,0,0], "joint_collision": [0,0,0,0,0,0,0], "cartesian_collision": [0,0,0,0,0,0], "tau_ext_hat_filtered": [0.361763,-0.856032,0.446604,-0.762059,0.437107,-0.971151,0.169586], "O_F_ext_hat_K": [7.75788,7.55223,-1.89282,-3.10913,3.22613,0.481652], "K_F_ext_hat_K": [2.15756,0.647034,-10.7578,1.57177,-1.8272,0.267382], "O_dP_EE_d": [0,0,0,0,0,0], "O_ddP_O": [0,0,-9.81], "O_T_EE_c": [0.0132093,0.02123,-0.999678,0,0.73846,-0.674267,-0.00456156,0,-0.67416,-0.738176,-0.0245846,0,-0.469651,-0.721469,0.392899,1], "O_dP_EE_c": [0,0,0,0,0,0], "O_ddP_EE_c": [0,0,0,0,0,0], "theta": [-2.20929,0.66198,0.0789872,-1.25772,-2.67421,2.76934,0.296216], "dtheta": [0,0,0,0,0,0,0], "current_errors": [], "last_motion_errors": [], "control_command_success_rate": 0, "robot_mode": "User stopped", "time": 2549459}