{"O_T_EE": [0.000841251,0.0203353,-0.999783,0,0.772769,-0.634554,-0.0122564,0,-0.634678,-0.772606,-0.0162487,0,-0.426038,-0.746913,0.392806,1], "O_T_EE_d": [0.000687512,0.0201904,-0.999786,0,0.772626,-0.634727,-0.0122869,0,-0.634852,-0.772467,-0.0160363,0,-0.426167,-0.746829,0.392932,1], "F_T_NE": [0.7071,-0.7071,0,0,0.7071,0.7071,0,0,0,0,1,0,0,0,0.1034,1], "NE_T_EE": [1,0,0,0,0,1,0,0,0,0,1,0,0,0,0,1], "F_T_EE": [0.7071,-0.7071,0,0,0.7071,0.7071,0,0,0,0,1,0,0,0,0.1034,1], "EE_T_K": [1,0,0,0,0,1,0,0,0,0,1,0,0,0,0,1], "m_ee": 0.73, "F_x_Cee": [-0.01,0,0.03], "I_ee": [0.001,0,0,0,0.0025,0,0,0,0.0017], "m_load": 0, "F_x_Cload": [0,0,0], "I_load": [0,0,0,0,0,0,0,0,0], "m_total": 0.73, "F_x_Ctotal": [-0.01,0,0.03], "I_total": [0.001,0,0,0,0.0025,0,0,0,0.0017], "elbow": [0.0870145,-1], "elbow_d": [0.0869264,-1], "elbow_c": [0.0869264,-1], "delbow_c": [0,0], "ddelbow_c": [0,0], "tau_J": [0.338387,-48.1097,1.92049,21.0181,0.569889,-2.47865,0.122884], "tau_J_d": [0,0,0,0,0,0,0], "dtau_J": [-66.8232,123.733,-31.9851,65.4496,20.5499,1.40651,-34.5291], "q": [-2.15473,0.65931,0.0870145,-1.27457,-2.67422,2.74904,0.285604], "dq": [0.00023342,-0.00153251,0.000382213,0.00192721,-0.000107268,-0.000147802,0.000105551], "q_d": [-2.15483,0.659146,0.0869264,-1.27462,-2.67421,2.74893,0.285611], "dq_d": [0,0,0,0,0,0,0], "ddq_d": [0,0,0,0,0,0,0], "joint_contact": [0,0,0,0,0,0,0], "cartesian_contact": [0,0,0,0,0,0], "joint_collision": [0,0,0,0,0,0,0], "cartesian_collision": [0,0,0,0,0,0], "tau_ext_hat_filtered": [0.429747,-0.600271,0.374761,-0.838873,0.460414,-1.05768,0.142389], "O_F_ext_hat_K": [7.22666,7.28926,-2.15332,-2.7928,2.94955,0.516283], "K_F_ext_hat_K": [2.30721,0.98552,-10.1833,1.79513,-1.81927,0.210459], "O_dP_EE_d": [0,0,0,0,0,0], "O_ddP_O": [0,0,-9.81], "O_T_EE_c": [0.000687512,0.0201904,-0.999786,0,0.772626,-0.634727,-0.0122869,0,-0.634852,-0.772467,-0.0160363,0,-0.426167,-0.746829,0.392932,1], "O_dP_EE_c": [0,0,0,0,0,0], "O_ddP_EE_c": [0,0,0,0,0,0], "theta": [-2.15471,0.655933,0.0871493,-1.2731,-2.67416,2.74877,0.285618], "dtheta": [0,0,0,0,0,0,0], "current_errors": [], "last_motion_errors": [], "control_command_success_rate": 0, "robot_mode": "User stopped", "time": 2503635}