{"O_T_EE": [0.0263639,0.012465,-0.999565,0,0.603532,-0.797304,0.00597563,0,-0.796899,-0.603438,-0.0285437,0,-0.590703,-0.63013,0.393412,1], "O_T_EE_d": [0.0261283,0.012234,-0.999574,0,0.603454,-0.797363,0.00601481,0,-0.796965,-0.603366,-0.0282169,0,-0.590722,-0.630116,0.393616,1], "F_T_NE": [0.7071,-0.7071,0,0,0.7071,0.7071,0,0,0,0,1,0,0,0,0.1034,1], "NE_T_EE": [1,0,0,0,0,1,0,0,0,0,1,0,0,0,0,1], "F_T_EE": [0.7071,-0.7071,0,0,0.7071,0.7071,0,0,0,0,1,0,0,0,0.1034,1], "EE_T_K": [1,0,0,0,0,1,0,0,0,0,1,0,0,0,0,1], "m_ee": 0.73, "F_x_Cee": [-0.01,0,0.03], "I_ee": [0.001,0,0,0,0.0025,0,0,0,0.0017], "m_load": 0, "F_x_Cload": [0,0,0], "I_load": [0,0,0,0,0,0,0,0,0], "m_total": 0.73, "F_x_Ctotal": [-0.01,0,0.03], "I_total": [0.001,0,0,0,0.0025,0,0,0,0.0017], "elbow": [0.386226,-1], "elbow_d": [0.386309,-1], "elbow_c": [0.386309,-1], "delbow_c": [0,0], "ddelbow_c": [0,0], "tau_J": [0.227303,-48.4866,7.39534,20.903,0.61475,-2.28822,0.0514724], "tau_J_d": [0,0,0,0,0,0,0], "dtau_J": [-122.227,157.728,56.1743,66.0273,-17.6598,1.96914,-68.7935], "q": [-2.60352,0.703045,0.386226,-1.26795,-2.66055,2.7166,0.102411], "dq": [0.000710309,-0.00212218,-0.00507949,-0.00144484,0.000241403,0.000204277,0.00093843], "q_d": [-2.60358,0.702864,0.386309,-1.26792,-2.66055,2.71645,0.102409], "dq_d": [0,0,0,0,0,0,0], "ddq_d": [0,0,0,0,0,0,0], "joint_contact": [0,0,0,0,0,0,0], "cartesian_contact": [0,0,0,0,0,0], "joint_collision": [0,0,0,0,0,0,0], "cartesian_collision": [0,0,0,0,0,0], "tau_ext_hat_filtered": [0.388852,-1.74552,0.659838,-0.43564,0.224137,-1.06719,0.0770131], "O_F_ext_hat_K": [10.0067,7.0477,-0.757062,-3.41205,4.76131,0.499413], "K_F_ext_hat_K": [1.10842,0.415681,-12.2056,1.62871,-1.69774,0.169169], "O_dP_EE_d": [0,0,0,0,0,0], "O_ddP_O": [0,0,-9.81], "O_T_EE_c": [0.0261283,0.012234,-0.999574,0,0.603454,-0.797363,0.00601481,0,-0.796965,-0.603366,-0.0282169,0,-0.590722,-0.630116,0.393616,1], "O_dP_EE_c": [0,0,0,0,0,0], "O_ddP_EE_c": [0,0,0,0,0,0], "theta": [-2.6035,0.699642,0.386745,-1.26648,-2.66048,2.71634,0.102417], "dtheta": [0,0,0,0,0,0,0], "current_errors": [], "last_motion_errors": [], "control_command_success_rate": 0, "robot_mode": "User stopped", "time": 2707212}