{"O_T_EE": [0.0215139,0.0109307,-0.999699,0,0.642467,-0.766281,0.00544757,0,-0.766006,-0.642403,-0.0235087,0,-0.552718,-0.662612,0.393436,1], "O_T_EE_d": [0.0213133,0.0107459,-0.999705,0,0.642375,-0.766358,0.0054575,0,-0.766089,-0.642315,-0.023237,0,-0.55274,-0.662584,0.393597,1], "F_T_NE": [0.7071,-0.7071,0,0,0.7071,0.7071,0,0,0,0,1,0,0,0,0.1034,1], "NE_T_EE": [1,0,0,0,0,1,0,0,0,0,1,0,0,0,0,1], "F_T_EE": [0.7071,-0.7071,0,0,0.7071,0.7071,0,0,0,0,1,0,0,0,0.1034,1], "EE_T_K": [1,0,0,0,0,1,0,0,0,0,1,0,0,0,0,1], "m_ee": 0.73, "F_x_Cee": [-0.01,0,0.03], "I_ee": [0.001,0,0,0,0.0025,0,0,0,0.0017], "m_load": 0, "F_x_Cload": [0,0,0], "I_load": [0,0,0,0,0,0,0,0,0], "m_total": 0.73, "F_x_Ctotal": [-0.01,0,0.03], "I_total": [0.001,0,0,0,0.0025,0,0,0,0.0017], "elbow": [0.417228,-1], "elbow_d": [0.417275,-1], "elbow_c": [0.417275,-1], "delbow_c": [0,0], "ddelbow_c": [0,0], "tau_J": [0.298714,-47.8082,7.76827,20.7086,0.669682,-2.39809,0.112813], "tau_J_d": [0,0,0,0,0,0,0], "dtau_J": [11.8824,10.417,-196.366,53.8671,13.8182,-12.0153,-60.9978], "q": [-2.56657,0.703122,0.417228,-1.28227,-2.65842,2.69447,0.083126], "dq": [-0.000207695,6.75674e-05,0.00162451,-0.00061176,-0.000120639,-0.000129266,0.00147924], "q_d": [-2.56663,0.702933,0.417275,-1.28232,-2.65841,2.6943,0.0831366], "dq_d": [0,0,0,0,0,0,0], "ddq_d": [0,0,0,0,0,0,0], "joint_contact": [0,0,0,0,0,0,0], "cartesian_contact": [0,0,0,0,0,0], "joint_collision": [0,0,0,0,0,0,0], "cartesian_collision": [0,0,0,0,0,0], "tau_ext_hat_filtered": [0.290487,-1.25713,0.540597,-0.481667,0.265114,-1.1987,0.15163], "O_F_ext_hat_K": [8.62736,6.56592,-1.33489,-2.99006,3.88507,0.398096], "K_F_ext_hat_K": [1.59189,0.504189,-10.7952,1.67454,-1.78037,0.239624], "O_dP_EE_d": [0,0,0,0,0,0], "O_ddP_O": [0,0,-9.81], "O_T_EE_c": [0.0213133,0.0107459,-0.999705,0,0.642375,-0.766358,0.0054575,0,-0.766089,-0.642315,-0.023237,0,-0.55274,-0.662584,0.393597,1], "O_dP_EE_c": [0,0,0,0,0,0], "O_ddP_EE_c": [0,0,0,0,0,0], "theta": [-2.56655,0.699767,0.417773,-1.28082,-2.65835,2.6942,0.083137], "dtheta": [0,0,0,0,0,0,0], "current_errors": [], "last_motion_errors": [], "control_command_success_rate": 0, "robot_mode": "User stopped", "time": 2658561}