{"O_T_EE": [-0.0118673,-0.0284172,-0.999516,0,-0.901367,-0.432424,0.0229961,0,-0.432876,0.901221,-0.020483,0,-0.502524,0.68312,0.497073,1], "O_T_EE_d": [-0.011902,-0.0282718,-0.99952,0,-0.901448,-0.432255,0.0229607,0,-0.432705,0.901306,-0.0203413,0,-0.502486,0.683144,0.49714,1], "F_T_NE": [0.7071,-0.7071,0,0,0.7071,0.7071,0,0,0,0,1,0,0,0,0.1034,1], "NE_T_EE": [1,0,0,0,0,1,0,0,0,0,1,0,0,0,0,1], "F_T_EE": [0.7071,-0.7071,0,0,0.7071,0.7071,0,0,0,0,1,0,0,0,0.1034,1], "EE_T_K": [1,0,0,0,0,1,0,0,0,0,1,0,0,0,0,1], "m_ee": 0.73, "F_x_Cee": [-0.01,0,0.03], "I_ee": [0.001,0,0,0,0.0025,0,0,0,0.0017], "m_load": 0, "F_x_Cload": [0,0,0], "I_load": [0,0,0,0,0,0,0,0,0], "m_total": 0.73, "F_x_Ctotal": [-0.01,0,0.03], "I_total": [0.001,0,0,0,0.0025,0,0,0,0.0017], "elbow": [0.793904,-1], "elbow_d": [0.793912,-1], "elbow_c": [0.793912,-1], "delbow_c": [0,0], "ddelbow_c": [0,0], "tau_J": [0.151925,-42.2262,12.6441,19.4827,0.953495,-1.94765,0.0816849], "tau_J_d": [0,0,0,0,0,0,0], "dtau_J": [16.4223,155.129,-150.714,-37.8097,-29.6513,-9.25431,-15.6309], "q": [1.63791,0.67856,0.793904,-1.27766,-2.44706,2.71636,-0.317064], "dq": [-0.00218563,-0.00072641,0.00148089,-0.000482031,0.000245426,0.000244599,0.000748412], "q_d": [1.63789,0.678479,0.793912,-1.27768,-2.44706,2.71616,-0.317073], "dq_d": [0,0,0,0,0,0,0], "ddq_d": [0,0,0,0,0,0,0], "joint_contact": [0,0,0,0,0,0,0], "cartesian_contact": [0,0,0,0,0,0], "joint_collision": [0,0,0,0,0,0,0], "cartesian_collision": [0,0,0,0,0,0], "tau_ext_hat_filtered": [0.0434311,-0.981674,0.189042,-0.482079,-0.0681172,-1.28481,0.106507], "O_F_ext_hat_K": [3.16458,-8.44569,-2.45332,3.83245,1.10818,0.110096], "K_F_ext_hat_K": [2.65463,0.743266,-8.93105,1.93396,-1.55859,0.165373], "O_dP_EE_d": [0,0,0,0,0,0], "O_ddP_O": [0,0,-9.81], "O_T_EE_c": [-0.011902,-0.0282718,-0.99952,0,-0.901448,-0.432255,0.0229607,0,-0.432705,0.901306,-0.0203413,0,-0.502486,0.683144,0.49714,1], "O_dP_EE_c": [0,0,0,0,0,0], "O_ddP_EE_c": [0,0,0,0,0,0], "theta": [1.63792,0.675597,0.794791,-1.27629,-2.44696,2.71614,-0.317055], "dtheta": [0,0,0,0,0,0,0], "current_errors": [], "last_motion_errors": [], "control_command_success_rate": 0, "robot_mode": "User stopped", "time": 3900118}