{"O_T_EE": [0.0241476,-0.0409441,-0.99886,0,-0.88057,-0.473891,-0.00186271,0,-0.473284,0.879628,-0.0474984,0,-0.544924,0.652528,0.498285,1], "O_T_EE_d": [0.0240481,-0.0405953,-0.998877,0,-0.880806,-0.473453,-0.00196394,0,-0.472851,0.87988,-0.0471431,0,-0.544727,0.652685,0.498465,1], "F_T_NE": [0.7071,-0.7071,0,0,0.7071,0.7071,0,0,0,0,1,0,0,0,0.1034,1], "NE_T_EE": [1,0,0,0,0,1,0,0,0,0,1,0,0,0,0,1], "F_T_EE": [0.7071,-0.7071,0,0,0.7071,0.7071,0,0,0,0,1,0,0,0,0.1034,1], "EE_T_K": [1,0,0,0,0,1,0,0,0,0,1,0,0,0,0,1], "m_ee": 0.73, "F_x_Cee": [-0.01,0,0.03], "I_ee": [0.001,0,0,0,0.0025,0,0,0,0.0017], "m_load": 0, "F_x_Cload": [0,0,0], "I_load": [0,0,0,0,0,0,0,0,0], "m_total": 0.73, "F_x_Ctotal": [-0.01,0,0.03], "I_total": [0.001,0,0,0,0.0025,0,0,0,0.0017], "elbow": [0.35915,-1], "elbow_d": [0.359051,-1], "elbow_c": [0.359051,-1], "delbow_c": [0,0], "ddelbow_c": [0,0], "tau_J": [-1.00652,-45.769,4.99514,21.5536,1.32795,-2.32851,-0.0913498], "tau_J_d": [0,0,0,0,0,0,0], "dtau_J": [3.91118,165.971,-10.6153,39.5134,-13.1415,-1.83387,-115.521], "q": [1.98401,0.590465,0.35915,-1.21741,-2.2896,2.83816,-0.236463], "dq": [-0.0010225,-0.000551084,0.000231139,-0.000142083,0.0015123,0.000337153,0.0027978], "q_d": [1.98384,0.590296,0.359051,-1.21737,-2.28961,2.83787,-0.23649], "dq_d": [0,0,0,0,0,0,0], "ddq_d": [0,0,0,0,0,0,0], "joint_contact": [0,0,0,0,0,0,0], "cartesian_contact": [0,0,0,0,0,0], "joint_collision": [0,0,0,0,0,0,0], "cartesian_collision": [0,0,0,0,0,0], "tau_ext_hat_filtered": [-1.00351,-1.24567,-0.736317,-0.244206,0.201903,-1.53906,-0.0116314], "O_F_ext_hat_K": [4.0316,-7.58931,-1.02445,3.74602,1.70181,-0.924004], "K_F_ext_hat_K": [1.4314,0.0483086,-8.53521,2.43112,-0.671888,0.0367845], "O_dP_EE_d": [0,0,0,0,0,0], "O_ddP_O": [0,0,-9.81], "O_T_EE_c": [0.0240481,-0.0405953,-0.998877,0,-0.880806,-0.473453,-0.00196394,0,-0.472851,0.87988,-0.0471431,0,-0.544727,0.652685,0.498465,1], "O_dP_EE_c": [0,0,0,0,0,0], "O_ddP_EE_c": [0,0,0,0,0,0], "theta": [1.98394,0.587253,0.359501,-1.2159,-2.28946,2.8379,-0.236473], "dtheta": [0,0,0,0,0,0,0], "current_errors": [], "last_motion_errors": [], "control_command_success_rate": 0, "robot_mode": "User stopped", "time": 10876685}