{"O_T_EE": [0.0244384,-0.0413584,-0.998836,0,-0.815749,-0.578376,0.00398976,0,-0.577879,0.814717,-0.0478736,0,-0.619186,0.585408,0.4968,1], "O_T_EE_d": [0.0242218,-0.0409818,-0.998857,0,-0.816035,-0.577973,0.00392508,0,-0.577484,0.815022,-0.047443,0,-0.619021,0.585553,0.497044,1], "F_T_NE": [0.7071,-0.7071,0,0,0.7071,0.7071,0,0,0,0,1,0,0,0,0.1034,1], "NE_T_EE": [1,0,0,0,0,1,0,0,0,0,1,0,0,0,0,1], "F_T_EE": [0.7071,-0.7071,0,0,0.7071,0.7071,0,0,0,0,1,0,0,0,0.1034,1], "EE_T_K": [1,0,0,0,0,1,0,0,0,0,1,0,0,0,0,1], "m_ee": 0.73, "F_x_Cee": [-0.01,0,0.03], "I_ee": [0.001,0,0,0,0.0025,0,0,0,0.0017], "m_load": 0, "F_x_Cload": [0,0,0], "I_load": [0,0,0,0,0,0,0,0,0], "m_total": 0.73, "F_x_Ctotal": [-0.01,0,0.03], "I_total": [0.001,0,0,0,0.0025,0,0,0,0.0017], "elbow": [0.424758,-1], "elbow_d": [0.424693,-1], "elbow_c": [0.424693,-1], "delbow_c": [0,0], "ddelbow_c": [0,0], "tau_J": [-1.23266,-46.8282,6.08217,21.5933,1.24646,-2.27815,0.000202917], "tau_J_d": [0,0,0,0,0,0,0], "dtau_J": [51.7203,-37.2269,49.5479,55.8138,6.70522,-1.28602,-49.6468], "q": [2.05874,0.60917,0.424758,-1.21157,-2.30398,2.82831,-0.256702], "dq": [-0.000344683,0.000786312,0.000229343,-0.000406416,-0.000272332,-0.000417942,0.00121759], "q_d": [2.05859,0.608903,0.424693,-1.21156,-2.30397,2.82798,-0.256699], "dq_d": [0,0,0,0,0,0,0], "ddq_d": [0,0,0,0,0,0,0], "joint_contact": [0,0,0,0,0,0,0], "cartesian_contact": [0,0,0,0,0,0], "joint_collision": [0,0,0,0,0,0,0], "cartesian_collision": [0,0,0,0,0,0], "tau_ext_hat_filtered": [-1.24657,-2.30109,-0.697989,0.0657593,0.0984885,-1.57322,0.0397938], "O_F_ext_hat_K": [7.99177,-9.46734,-0.953471,5.06709,3.99798,-1.17859], "K_F_ext_hat_K": [1.53925,-1.04742,-12.2858,2.35642,-1.11906,0.0838764], "O_dP_EE_d": [0,0,0,0,0,0], "O_ddP_O": [0,0,-9.81], "O_T_EE_c": [0.0242218,-0.0409818,-0.998857,0,-0.816035,-0.577973,0.00392508,0,-0.577484,0.815022,-0.047443,0,-0.619021,0.585553,0.497044,1], "O_dP_EE_c": [0,0,0,0,0,0], "O_ddP_EE_c": [0,0,0,0,0,0], "theta": [2.05865,0.605884,0.425184,-1.21006,-2.30384,2.82806,-0.256702], "dtheta": [0,0,0,0,0,0,0], "current_errors": [], "last_motion_errors": [], "control_command_success_rate": 0, "robot_mode": "User stopped", "time": 10839452}