{"O_T_EE": [0.0435301,-0.0316176,-0.998542,0,-0.844424,-0.535289,-0.0198623,0,-0.533891,0.844074,-0.0500008,0,-0.5836,0.619757,0.49762,1], "O_T_EE_d": [0.0433941,-0.0313066,-0.998558,0,-0.844612,-0.53499,-0.0199312,0,-0.533604,0.844275,-0.0496583,0,-0.58343,0.619889,0.497843,1], "F_T_NE": [0.7071,-0.7071,0,0,0.7071,0.7071,0,0,0,0,1,0,0,0,0.1034,1], "NE_T_EE": [1,0,0,0,0,1,0,0,0,0,1,0,0,0,0,1], "F_T_EE": [0.7071,-0.7071,0,0,0.7071,0.7071,0,0,0,0,1,0,0,0,0.1034,1], "EE_T_K": [1,0,0,0,0,1,0,0,0,0,1,0,0,0,0,1], "m_ee": 0.73, "F_x_Cee": [-0.01,0,0.03], "I_ee": [0.001,0,0,0,0.0025,0,0,0,0.0017], "m_load": 0, "F_x_Cload": [0,0,0], "I_load": [0,0,0,0,0,0,0,0,0], "m_total": 0.73, "F_x_Ctotal": [-0.01,0,0.03], "I_total": [0.001,0,0,0,0.0025,0,0,0,0.0017], "elbow": [0.421918,-1], "elbow_d": [0.421849,-1], "elbow_c": [0.421849,-1], "delbow_c": [0,0], "ddelbow_c": [0,0], "tau_J": [-0.522514,-46.6021,6.64553,21.4783,1.20069,-1.81764,0.0816849], "tau_J_d": [0,0,0,0,0,0,0], "dtau_J": [47.8307,-110.295,211.06,125.626,-4.98034,-5.9377,43.9306], "q": [2.00047,0.606537,0.421918,-1.2115,-2.30369,2.83732,-0.279304], "dq": [-0.000427649,0.000957505,-0.00177348,-0.000214696,-0.000101109,0.000220581,-0.00148292], "q_d": [2.00029,0.60632,0.421849,-1.21142,-2.30369,2.83721,-0.279311], "dq_d": [0,0,0,0,0,0,0], "ddq_d": [0,0,0,0,0,0,0], "joint_contact": [0,0,0,0,0,0,0], "cartesian_contact": [0,0,0,0,0,0], "joint_collision": [0,0,0,0,0,0,0], "cartesian_collision": [0,0,0,0,0,0], "tau_ext_hat_filtered": [-0.520619,-2.14439,-0.168226,-0.103669,0.0416827,-1.09112,0.0517897], "O_F_ext_hat_K": [6.79031,-9.62823,-1.0073,5.07627,3.36022,-0.464247], "K_F_ext_hat_K": [1.60586,-0.56002,-11.7019,1.8938,-1.0354,0.088608], "O_dP_EE_d": [0,0,0,0,0,0], "O_ddP_O": [0,0,-9.81], "O_T_EE_c": [0.0433941,-0.0313066,-0.998558,0,-0.844612,-0.53499,-0.0199312,0,-0.533604,0.844275,-0.0496583,0,-0.58343,0.619889,0.497843,1], "O_dP_EE_c": [0,0,0,0,0,0], "O_ddP_EE_c": [0,0,0,0,0,0], "theta": [2.00043,0.603267,0.422385,-1.20999,-2.30356,2.83712,-0.279295], "dtheta": [0,0,0,0,0,0,0], "current_errors": [], "last_motion_errors": [], "control_command_success_rate": 0, "robot_mode": "User stopped", "time": 10818759}