{"O_T_EE": [-0.0153802,-0.00443564,-0.999862,0,-0.965882,-0.258451,0.0160041,0,-0.258492,0.966013,-0.000309275,0,-0.37164,0.755209,0.509643,1], "O_T_EE_d": [-0.0153343,-0.00437238,-0.999863,0,-0.965911,-0.258344,0.0159434,0,-0.258384,0.966042,-0.000261792,0,-0.371614,0.755208,0.509658,1], "F_T_NE": [0.7071,-0.7071,0,0,0.7071,0.7071,0,0,0,0,1,0,0,0,0.1034,1], "NE_T_EE": [1,0,0,0,0,1,0,0,0,0,1,0,0,0,0,1], "F_T_EE": [0.7071,-0.7071,0,0,0.7071,0.7071,0,0,0,0,1,0,0,0,0.1034,1], "EE_T_K": [1,0,0,0,0,1,0,0,0,0,1,0,0,0,0,1], "m_ee": 0.73, "F_x_Cee": [-0.01,0,0.03], "I_ee": [0.001,0,0,0,0.0025,0,0,0,0.0017], "m_load": 0, "F_x_Cload": [0,0,0], "I_load": [0,0,0,0,0,0,0,0,0], "m_total": 0.73, "F_x_Ctotal": [-0.01,0,0.03], "I_total": [0.001,0,0,0,0.0025,0,0,0,0.0017], "elbow": [-2.18131,-1], "elbow_d": [-2.18132,-1], "elbow_c": [-2.18132,-1], "delbow_c": [0,0], "ddelbow_c": [0,0], "tau_J": [-0.109916,40.0355,15.195,17.6419,0.953495,-1.55672,0.0414016], "tau_J_d": [0,0,0,0,0,0,0], "dtau_J": [-17.9513,21.6478,95.9621,-223.777,-27.1115,-0.50532,-27.4289], "q": [-1.78749,-0.709844,-2.18131,-1.32276,-2.4843,2.65051,-0.387579], "dq": [-0.000504139,0.000406396,-0.0014732,0.00190656,9.04431e-05,2.97983e-05,-0.00026411], "q_d": [-1.78752,-0.70976,-2.18132,-1.32285,-2.4843,2.65038,-0.387572], "dq_d": [0,0,0,0,0,0,0], "ddq_d": [0,0,0,0,0,0,0], "joint_contact": [0,0,0,0,0,0,0], "cartesian_contact": [0,0,0,0,0,0], "joint_collision": [0,0,0,0,0,0,0], "cartesian_collision": [0,0,0,0,0,0], "tau_ext_hat_filtered": [-0.121372,0.853543,0.148639,-1.31197,0.00155878,-0.940652,0.0688859], "O_F_ext_hat_K": [3.46131,-12.0194,-2.99375,4.9151,1.07227,-0.0583291], "K_F_ext_hat_K": [2.99347,-0.284694,-12.5047,1.89293,-1.15404,0.135605], "O_dP_EE_d": [0,0,0,0,0,0], "O_ddP_O": [0,0,-9.81], "O_T_EE_c": [-0.0153343,-0.00437238,-0.999863,0,-0.965911,-0.258344,0.0159434,0,-0.258384,0.966042,-0.000261792,0,-0.371614,0.755208,0.509658,1], "O_dP_EE_c": [0,0,0,0,0,0], "O_ddP_EE_c": [0,0,0,0,0,0], "theta": [-1.78749,-0.707034,-2.18025,-1.32152,-2.4842,2.65034,-0.387575], "dtheta": [0,0,0,0,0,0,0], "current_errors": [], "last_motion_errors": [], "control_command_success_rate": 0, "robot_mode": "User stopped", "time": 4078759}