{"O_T_EE": [-0.0423662,-0.00190178,-0.999091,0,-0.945722,-0.322385,0.0407168,0,-0.322175,0.946606,0.0118599,0,-0.413743,0.734789,0.505899,1], "O_T_EE_d": [-0.0423659,-0.0017408,-0.999091,0,-0.945938,-0.321758,0.0406726,0,-0.321542,0.946819,0.0119851,0,-0.413401,0.734956,0.506035,1], "F_T_NE": [0.7071,-0.7071,0,0,0.7071,0.7071,0,0,0,0,1,0,0,0,0.1034,1], "NE_T_EE": [1,0,0,0,0,1,0,0,0,0,1,0,0,0,0,1], "F_T_EE": [0.7071,-0.7071,0,0,0.7071,0.7071,0,0,0,0,1,0,0,0,0.1034,1], "EE_T_K": [1,0,0,0,0,1,0,0,0,0,1,0,0,0,0,1], "m_ee": 0.73, "F_x_Cee": [-0.01,0,0.03], "I_ee": [0.001,0,0,0,0.0025,0,0,0,0.0017], "m_load": 0, "F_x_Cload": [0,0,0], "I_load": [0,0,0,0,0,0,0,0,0], "m_total": 0.73, "F_x_Ctotal": [-0.01,0,0.03], "I_total": [0.001,0,0,0,0.0025,0,0,0,0.0017], "elbow": [-1.32063,-1], "elbow_d": [-1.32053,-1], "elbow_c": [-1.32053,-1], "delbow_c": [0,0], "ddelbow_c": [0,0], "tau_J": [-2.12926,41.1661,29.7074,-0.754401,0.505802,-0.985427,0.112813], "tau_J_d": [0,0,0,0,0,0,0], "dtau_J": [-69.9738,-63.6643,-18.6429,-27.7451,-21.1166,-17.9563,116.974], "q": [-1.90339,-1.50638,-1.32063,-1.42746,-2.87591,2.33434,-1.09146], "dq": [0.00110249,0.000816128,0.000462794,0.000944496,-0.00620901,0.000212887,-0.00302735], "q_d": [-1.9038,-1.50622,-1.32053,-1.4275,-2.87596,2.33404,-1.09145], "dq_d": [0,0,0,0,0,0,0], "ddq_d": [0,0,0,0,0,0,0], "joint_contact": [0,0,0,0,0,0,0], "cartesian_contact": [0,0,0,0,0,0], "joint_collision": [0,0,0,0,0,0,0], "cartesian_collision": [0,0,0,0,0,0], "tau_ext_hat_filtered": [-2.0887,1.12328,1.77738,-0.203659,-0.0872796,-1.51517,0.048355], "O_F_ext_hat_K": [6.09526,-10.5862,0.959903,5.27279,3.3749,-2.11107], "K_F_ext_hat_K": [-1.19715,-2.31257,-11.9733,2.04405,0.697376,0.129837], "O_dP_EE_d": [0,0,0,0,0,0], "O_ddP_O": [0,0,-9.81], "O_T_EE_c": [-0.0423659,-0.0017408,-0.999091,0,-0.945938,-0.321758,0.0406726,0,-0.321542,0.946819,0.0119851,0,-0.413401,0.734956,0.506035,1], "O_dP_EE_c": [0,0,0,0,0,0], "O_ddP_EE_c": [0,0,0,0,0,0], "theta": [-1.90354,-1.50349,-1.31854,-1.42752,-2.87585,2.33423,-1.09145], "dtheta": [0,0,0,0,0,0,0], "current_errors": [], "last_motion_errors": ["joint_position_limits_violation"], "control_command_success_rate": 0, "robot_mode": "User stopped", "time": 15023714}