{"O_T_EE": [-0.0170568,-0.00732571,-0.999818,0,-0.991809,-0.126399,0.0178463,0,-0.126509,0.991952,-0.00510985,0,-0.278443,0.791803,0.50961,1], "O_T_EE_d": [-0.0169914,-0.00728347,-0.999819,0,-0.991811,-0.126391,0.017776,0,-0.1265,0.991954,-0.00507637,0,-0.278492,0.791762,0.509621,1], "F_T_NE": [0.7071,-0.7071,0,0,0.7071,0.7071,0,0,0,0,1,0,0,0,0.1034,1], "NE_T_EE": [1,0,0,0,0,1,0,0,0,0,1,0,0,0,0,1], "F_T_EE": [0.7071,-0.7071,0,0,0.7071,0.7071,0,0,0,0,1,0,0,0,0.1034,1], "EE_T_K": [1,0,0,0,0,1,0,0,0,0,1,0,0,0,0,1], "m_ee": 0.73, "F_x_Cee": [-0.01,0,0.03], "I_ee": [0.001,0,0,0,0.0025,0,0,0,0.0017], "m_load": 0, "F_x_Cload": [0,0,0], "I_load": [0,0,0,0,0,0,0,0,0], "m_total": 0.73, "F_x_Ctotal": [-0.01,0,0.03], "I_total": [0.001,0,0,0,0.0025,0,0,0,0.0017], "elbow": [-2.14501,-1], "elbow_d": [-2.14498,-1], "elbow_c": [-2.14498,-1], "delbow_c": [0,0], "ddelbow_c": [0,0], "tau_J": [0.18763,39.4721,16.1313,17.7212,0.926029,-1.57686,0.0615432], "tau_J_d": [0,0,0,0,0,0,0], "dtau_J": [36.9811,-17.541,-153.805,116.852,25.5862,34.1337,-125.174], "q": [-1.93033,-0.714659,-2.14501,-1.34515,-2.47263,2.61901,-0.412456], "dq": [-0.00080127,-0.000182971,0.00166748,-0.000646965,-0.000396908,-0.000746479,0.00180625], "q_d": [-1.93032,-0.71455,-2.14498,-1.3453,-2.47263,2.61888,-0.412445], "dq_d": [0,0,0,0,0,0,0], "ddq_d": [0,0,0,0,0,0,0], "joint_contact": [0,0,0,0,0,0,0], "cartesian_contact": [0,0,0,0,0,0], "joint_collision": [0,0,0,0,0,0,0], "cartesian_collision": [0,0,0,0,0,0], "tau_ext_hat_filtered": [0.132093,0.98543,0.636857,-1.03075,-0.00418762,-1.02983,0.13914], "O_F_ext_hat_K": [1.27352,-11.1914,-2.53887,4.87379,0.352657,0.253115], "K_F_ext_hat_K": [2.59872,0.106179,-11.2494,1.83118,-1.25631,0.267375], "O_dP_EE_d": [0,0,0,0,0,0], "O_ddP_O": [0,0,-9.81], "O_T_EE_c": [-0.0169914,-0.00728347,-0.999819,0,-0.991811,-0.126391,0.017776,0,-0.1265,0.991954,-0.00507637,0,-0.278492,0.791762,0.509621,1], "O_dP_EE_c": [0,0,0,0,0,0], "O_ddP_EE_c": [0,0,0,0,0,0], "theta": [-1.93032,-0.711889,-2.14387,-1.34391,-2.47252,2.61883,-0.412449], "dtheta": [0,0,0,0,0,0,0], "current_errors": [], "last_motion_errors": [], "control_command_success_rate": 0, "robot_mode": "User stopped", "time": 4033879}