{"O_T_EE": [-0.00939982,-0.00684597,-0.999923,0,-0.978423,-0.206294,0.0106101,0,-0.206354,0.978466,-0.00475922,0,-0.325946,0.774981,0.509542,1], "O_T_EE_d": [-0.00933457,-0.00686463,-0.999923,0,-0.978433,-0.206249,0.0105499,0,-0.20631,0.978475,-0.00479142,0,-0.325961,0.77496,0.509504,1], "F_T_NE": [0.7071,-0.7071,0,0,0.7071,0.7071,0,0,0,0,1,0,0,0,0.1034,1], "NE_T_EE": [1,0,0,0,0,1,0,0,0,0,1,0,0,0,0,1], "F_T_EE": [0.7071,-0.7071,0,0,0.7071,0.7071,0,0,0,0,1,0,0,0,0.1034,1], "EE_T_K": [1,0,0,0,0,1,0,0,0,0,1,0,0,0,0,1], "m_ee": 0.73, "F_x_Cee": [-0.01,0,0.03], "I_ee": [0.001,0,0,0,0.0025,0,0,0,0.0017], "m_load": 0, "F_x_Cload": [0,0,0], "I_load": [0,0,0,0,0,0,0,0,0], "m_total": 0.73, "F_x_Ctotal": [-0.01,0,0.03], "I_total": [0.001,0,0,0,0.0025,0,0,0,0.0017], "elbow": [-2.1679,-1], "elbow_d": [-2.1679,-1], "elbow_c": [-2.1679,-1], "delbow_c": [0,0], "ddelbow_c": [0,0], "tau_J": [0.374093,39.4324,15.6433,17.6419,0.953495,-1.58693,0.0816849], "tau_J_d": [0,0,0,0,0,0,0], "dtau_J": [-113.45,44.96,-15.3006,37.2825,-0.0326395,-24.7618,-48.2931], "q": [-1.85742,-0.713687,-2.1679,-1.32624,-2.48293,2.65536,-0.402741], "dq": [0.00131982,-0.000330959,-0.00531675,0.00562167,0.00016117,4.82131e-05,0.00211918], "q_d": [-1.85743,-0.713637,-2.1679,-1.3264,-2.48293,2.65523,-0.402738], "dq_d": [0,0,0,0,0,0,0], "ddq_d": [0,0,0,0,0,0,0], "joint_contact": [0,0,0,0,0,0,0], "cartesian_contact": [0,0,0,0,0,0], "joint_collision": [0,0,0,0,0,0,0], "cartesian_collision": [0,0,0,0,0,0], "tau_ext_hat_filtered": [0.524565,0.446169,0.441611,-1.33135,-0.0214405,-0.986556,0.115439], "O_F_ext_hat_K": [0.808526,-9.7841,-3.25982,3.67982,-0.179043,0.620496], "K_F_ext_hat_K": [3.31901,1.19275,-9.72473,1.92715,-1.31238,0.218692], "O_dP_EE_d": [0,0,0,0,0,0], "O_ddP_O": [0,0,-9.81], "O_T_EE_c": [-0.00933457,-0.00686463,-0.999923,0,-0.978433,-0.206249,0.0105499,0,-0.20631,0.978475,-0.00479142,0,-0.325961,0.77496,0.509504,1], "O_dP_EE_c": [0,0,0,0,0,0], "O_ddP_EE_c": [0,0,0,0,0,0], "theta": [-1.8574,-0.71092,-2.1668,-1.325,-2.48282,2.65519,-0.402732], "dtheta": [0,0,0,0.0249333,0,0,0], "current_errors": [], "last_motion_errors": [], "control_command_success_rate": 0, "robot_mode": "User stopped", "time": 4065262}