{"O_T_EE": [-0.0139969,-0.00622397,-0.999873,0,-0.997218,-0.0730036,0.0144142,0,-0.0730855,0.997312,-0.00518492,0,-0.230647,0.805591,0.50985,1], "O_T_EE_d": [-0.013951,-0.00618795,-0.999874,0,-0.997222,-0.0729554,0.0143655,0,-0.0730365,0.997316,-0.00515306,0,-0.230676,0.80556,0.509858,1], "F_T_NE": [0.7071,-0.7071,0,0,0.7071,0.7071,0,0,0,0,1,0,0,0,0.1034,1], "NE_T_EE": [1,0,0,0,0,1,0,0,0,0,1,0,0,0,0,1], "F_T_EE": [0.7071,-0.7071,0,0,0.7071,0.7071,0,0,0,0,1,0,0,0,0.1034,1], "EE_T_K": [1,0,0,0,0,1,0,0,0,0,1,0,0,0,0,1], "m_ee": 0.73, "F_x_Cee": [-0.01,0,0.03], "I_ee": [0.001,0,0,0,0.0025,0,0,0,0.0017], "m_load": 0, "F_x_Cload": [0,0,0], "I_load": [0,0,0,0,0,0,0,0,0], "m_total": 0.73, "F_x_Ctotal": [-0.01,0,0.03], "I_total": [0.001,0,0,0,0.0025,0,0,0,0.0017], "elbow": [-2.1622,-1], "elbow_d": [-2.16218,-1], "elbow_c": [-2.16218,-1], "delbow_c": [0,0], "ddelbow_c": [0,0], "tau_J": [-0.41143,39.0952,15.3815,17.7966,1.06336,-1.727,0.163167], "tau_J_d": [0,0,0,0,0,0,0], "dtau_J": [20.1917,2.70466,293.364,-99.8737,13.2563,2.14023,40.621], "q": [-1.98453,-0.701245,-2.1622,-1.34791,-2.47278,2.63198,-0.398829], "dq": [3.14307e-05,0.000845863,-0.00239663,0.000464773,-2.54933e-05,9.40901e-05,0.000445094], "q_d": [-1.98453,-0.701139,-2.16218,-1.34806,-2.47277,2.63183,-0.398798], "dq_d": [0,0,0,0,0,0,0], "ddq_d": [0,0,0,0,0,0,0], "joint_contact": [0,0,0,0,0,0,0], "cartesian_contact": [0,0,0,0,0,0], "joint_collision": [0,0,0,0,0,0,0], "cartesian_collision": [0,0,0,0,0,0], "tau_ext_hat_filtered": [-0.381491,0.686857,0.125063,-1.15431,0.132233,-1.13197,0.148496], "O_F_ext_hat_K": [1.1938,-11.7005,-2.8628,4.6985,0.275613,-0.27321], "K_F_ext_hat_K": [2.91861,-0.377577,-11.7414,1.99333,-1.08938,0.260838], "O_dP_EE_d": [0,0,0,0,0,0], "O_ddP_O": [0,0,-9.81], "O_T_EE_c": [-0.013951,-0.00618795,-0.999874,0,-0.997222,-0.0729554,0.0143655,0,-0.0730365,0.997316,-0.00515306,0,-0.230676,0.80556,0.509858,1], "O_dP_EE_c": [0,0,0,0,0,0], "O_ddP_EE_c": [0,0,0,0,0,0], "theta": [-1.98456,-0.698501,-2.16112,-1.34666,-2.47266,2.63178,-0.398811], "dtheta": [0,0,0,0,0,0,0], "current_errors": [], "last_motion_errors": [], "control_command_success_rate": 0, "robot_mode": "User stopped", "time": 4049182}