{"O_T_EE": [-0.02536,0.00455544,-0.999658,0,-0.975348,0.219124,0.0257418,0,0.21917,0.975686,-0.00111385,0,0.0187479,0.832813,0.498228,1], "O_T_EE_d": [-0.0252624,0.00467994,-0.99966,0,-0.975288,0.219395,0.0256736,0,0.219444,0.975625,-0.000978166,0,0.0188305,0.832819,0.498255,1], "F_T_NE": [0.7071,-0.7071,0,0,0.7071,0.7071,0,0,0,0,1,0,0,0,0.1034,1], "NE_T_EE": [1,0,0,0,0,1,0,0,0,0,1,0,0,0,0,1], "F_T_EE": [0.7071,-0.7071,0,0,0.7071,0.7071,0,0,0,0,1,0,0,0,0.1034,1], "EE_T_K": [1,0,0,0,0,1,0,0,0,0,1,0,0,0,0,1], "m_ee": 0.73, "F_x_Cee": [-0.01,0,0.03], "I_ee": [0.001,0,0,0,0.0025,0,0,0,0.0017], "m_load": 0, "F_x_Cload": [0,0,0], "I_load": [0,0,0,0,0,0,0,0,0], "m_total": 0.73, "F_x_Ctotal": [-0.01,0,0.03], "I_total": [0.001,0,0,0,0.0025,0,0,0,0.0017], "elbow": [0.895047,-1], "elbow_d": [0.894981,-1], "elbow_c": [0.894981,-1], "delbow_c": [0,0], "ddelbow_c": [0,0], "tau_J": [-0.970817,-38.7945,12.6441,19.4827,0.935185,-2.38802,0.071614], "tau_J_d": [0,0,0,0,0,0,0], "dtau_J": [29.1077,-76.4369,-46.8675,45.0428,-9.96251,2.60367,-4.26124], "q": [0.890016,0.648902,0.895047,-1.38063,-2.50772,2.64911,-0.276666], "dq": [3.97025e-05,0.000605906,0.000776921,0.00646992,-0.000267833,0.000465521,0.000751345], "q_d": [0.890014,0.648852,0.894981,-1.38065,-2.50773,2.64885,-0.276666], "dq_d": [0,0,0,0,0,0,0], "ddq_d": [0,0,0,0,0,0,0], "joint_contact": [0,0,0,0,0,0,0], "cartesian_contact": [0,0,0,0,0,0], "joint_collision": [0,0,0,0,0,0,0], "cartesian_collision": [0,0,0,0,0,0], "tau_ext_hat_filtered": [-0.936523,-0.299345,-0.797784,-0.321912,0.0919303,-1.59636,0.0855908], "O_F_ext_hat_K": [-1.57289,-6.18581,-2.54447,2.17574,-0.892951,-0.905191], "K_F_ext_hat_K": [2.55536,0.113157,-6.37731,2.06697,-1.27149,0.114982], "O_dP_EE_d": [0,0,0,0,0,0], "O_ddP_O": [0,0,-9.81], "O_T_EE_c": [-0.0252624,0.00467994,-0.99966,0,-0.975288,0.219395,0.0256736,0,0.219444,0.975625,-0.000978166,0,0.0188305,0.832819,0.498255,1], "O_dP_EE_c": [0,0,0,0,0,0], "O_ddP_EE_c": [0,0,0,0,0,0], "theta": [0.889949,0.64618,0.895934,-1.37926,-2.50762,2.64885,-0.276658], "dtheta": [0,0,0,0,0,0,0], "current_errors": [], "last_motion_errors": [], "control_command_success_rate": 0, "robot_mode": "User stopped", "time": 11084085}