{"O_T_EE": [-0.029722,-0.00681153,-0.999525,0,-0.995219,0.0931767,0.028959,0,0.092937,0.995626,-0.00954855,0,-0.0815299,0.83261,0.497901,1], "O_T_EE_d": [-0.0296928,-0.00666385,-0.999527,0,-0.995182,0.0935709,0.0289399,0,0.0933357,0.99559,-0.00941031,0,-0.081351,0.832631,0.497945,1], "F_T_NE": [0.7071,-0.7071,0,0,0.7071,0.7071,0,0,0,0,1,0,0,0,0.1034,1], "NE_T_EE": [1,0,0,0,0,1,0,0,0,0,1,0,0,0,0,1], "F_T_EE": [0.7071,-0.7071,0,0,0.7071,0.7071,0,0,0,0,1,0,0,0,0.1034,1], "EE_T_K": [1,0,0,0,0,1,0,0,0,0,1,0,0,0,0,1], "m_ee": 0.73, "F_x_Cee": [-0.01,0,0.03], "I_ee": [0.001,0,0,0,0.0025,0,0,0,0.0017], "m_load": 0, "F_x_Cload": [0,0,0], "I_load": [0,0,0,0,0,0,0,0,0], "m_total": 0.73, "F_x_Ctotal": [-0.01,0,0.03], "I_total": [0.001,0,0,0,0.0025,0,0,0,0.0017], "elbow": [0.895517,-1], "elbow_d": [0.895473,-1], "elbow_c": [0.895473,-1], "delbow_c": [0,0], "ddelbow_c": [0,0], "tau_J": [-0.633598,-39.4015,13.2828,19.1772,1.03589,-2.19759,0.132954], "tau_J_d": [0,0,0,0,0,0,0], "dtau_J": [38.9086,-26.0433,76.2994,-4.69196,18.2257,7.22032,55.1258], "q": [1.01615,0.666576,0.895517,-1.3565,-2.49553,2.66637,-0.299064], "dq": [-0.000235756,0.00034856,0.000237792,-0.00301963,0.00529579,5.05504e-05,-0.00249928], "q_d": [1.01601,0.6665,0.895473,-1.35653,-2.49551,2.66611,-0.299029], "dq_d": [0,0,0,0,0,0,0], "ddq_d": [0,0,0,0,0,0,0], "joint_contact": [0,0,0,0,0,0,0], "cartesian_contact": [0,0,0,0,0,0], "joint_collision": [0,0,0,0,0,0,0], "cartesian_collision": [0,0,0,0,0,0], "tau_ext_hat_filtered": [-0.61599,-0.386378,-0.469742,-0.366442,0.12788,-1.49836,0.0765434], "O_F_ext_hat_K": [-1.25591,-6.3547,-2.21082,2.37978,-0.798004,-0.564248], "K_F_ext_hat_K": [2.29043,0.593786,-6.42252,2.09559,-1.11248,0.126041], "O_dP_EE_d": [0,0,0,0,0,0], "O_ddP_O": [0,0,-9.81], "O_T_EE_c": [-0.0296928,-0.00666385,-0.999527,0,-0.995182,0.0935709,0.0289399,0,0.0933357,0.99559,-0.00941031,0,-0.081351,0.832631,0.497945,1], "O_dP_EE_c": [0,0,0,0,0,0], "O_ddP_EE_c": [0,0,0,0,0,0], "theta": [1.01611,0.663811,0.896449,-1.35515,-2.49541,2.66613,-0.29905], "dtheta": [0,0,0,-0.0252939,0,0,0], "current_errors": [], "last_motion_errors": [], "control_command_success_rate": 0, "robot_mode": "User stopped", "time": 11019345}