{"O_T_EE": [-0.0333445,-0.00387098,-0.999427,0,-0.998813,0.0353913,0.033187,0,0.0352432,0.999366,-0.00504659,0,-0.131279,0.827498,0.498001,1], "O_T_EE_d": [-0.0332825,-0.0037988,-0.999429,0,-0.998805,0.0356622,0.0331262,0,0.0355167,0.999357,-0.00498129,0,-0.131185,0.827507,0.497999,1], "F_T_NE": [0.7071,-0.7071,0,0,0.7071,0.7071,0,0,0,0,1,0,0,0,0.1034,1], "NE_T_EE": [1,0,0,0,0,1,0,0,0,0,1,0,0,0,0,1], "F_T_EE": [0.7071,-0.7071,0,0,0.7071,0.7071,0,0,0,0,1,0,0,0,0.1034,1], "EE_T_K": [1,0,0,0,0,1,0,0,0,0,1,0,0,0,0,1], "m_ee": 0.73, "F_x_Cee": [-0.01,0,0.03], "I_ee": [0.001,0,0,0,0.0025,0,0,0,0.0017], "m_load": 0, "F_x_Cload": [0,0,0], "I_load": [0,0,0,0,0,0,0,0,0], "m_total": 0.73, "F_x_Ctotal": [-0.01,0,0.03], "I_total": [0.001,0,0,0,0.0025,0,0,0,0.0017], "elbow": [0.908207,-1], "elbow_d": [0.908191,-1], "elbow_c": [0.908191,-1], "delbow_c": [0,0], "ddelbow_c": [0,0], "tau_J": [-0.221,-39.4769,13.7708,18.8718,0.935185,-2.07765,0.132954], "tau_J_d": [0,0,0,0,0,0,0], "dtau_J": [-124.226,-20.2947,-9.25843,-102.718,-21.231,10.7288,76.0107], "q": [1.0715,0.676553,0.908207,-1.35318,-2.50382,2.6579,-0.29986], "dq": [0.00111154,-0.000740126,0.000567552,-0.00630874,-0.000817597,-0.000508349,-0.00217964], "q_d": [1.07141,0.676484,0.908191,-1.3533,-2.50382,2.65765,-0.29985], "dq_d": [0,0,0,0,0,0,0], "ddq_d": [0,0,0,0,0,0,0], "joint_contact": [0,0,0,0,0,0,0], "cartesian_contact": [0,0,0,0,0,0], "joint_collision": [0,0,0,0,0,0,0], "cartesian_collision": [0,0,0,0,0,0], "tau_ext_hat_filtered": [-0.204736,-0.593061,-0.224982,-0.522256,0.0372838,-1.38792,0.0950246], "O_F_ext_hat_K": [-1.13081,-7.3396,-2.42112,2.89266,-0.822327,-0.187104], "K_F_ext_hat_K": [2.4859,0.789372,-7.36259,2.04359,-1.30679,0.112887], "O_dP_EE_d": [0,0,0,0,0,0], "O_ddP_O": [0,0,-9.81], "O_T_EE_c": [-0.0332825,-0.0037988,-0.999429,0,-0.998805,0.0356622,0.0331262,0,0.0355167,0.999357,-0.00498129,0,-0.131185,0.827507,0.497999,1], "O_dP_EE_c": [0,0,0,0,0,0], "O_ddP_EE_c": [0,0,0,0,0,0], "theta": [1.07148,0.673782,0.909171,-1.35186,-2.50372,2.65767,-0.299845], "dtheta": [0,0,0,-0.0251216,0,0,0], "current_errors": [], "last_motion_errors": [], "control_command_success_rate": 0, "robot_mode": "User stopped", "time": 11035943}