{"O_T_EE": [-0.0293457,0.00351907,-0.999553,0,-0.986999,0.157927,0.0295331,0,0.157964,0.987444,-0.00116119,0,-0.0314345,0.834206,0.498083,1], "O_T_EE_d": [-0.0292122,0.00363982,-0.999557,0,-0.986941,0.158311,0.02942,0,0.158351,0.987382,-0.00103235,0,-0.0312476,0.834211,0.498117,1], "F_T_NE": [0.7071,-0.7071,0,0,0.7071,0.7071,0,0,0,0,1,0,0,0,0.1034,1], "NE_T_EE": [1,0,0,0,0,1,0,0,0,0,1,0,0,0,0,1], "F_T_EE": [0.7071,-0.7071,0,0,0.7071,0.7071,0,0,0,0,1,0,0,0,0.1034,1], "EE_T_K": [1,0,0,0,0,1,0,0,0,0,1,0,0,0,0,1], "m_ee": 0.73, "F_x_Cee": [-0.01,0,0.03], "I_ee": [0.001,0,0,0,0.0025,0,0,0,0.0017], "m_load": 0, "F_x_Cload": [0,0,0], "I_load": [0,0,0,0,0,0,0,0,0], "m_total": 0.73, "F_x_Ctotal": [-0.01,0,0.03], "I_total": [0.001,0,0,0,0.0025,0,0,0,0.0017], "elbow": [0.894633,-1], "elbow_d": [0.894566,-1], "elbow_c": [0.894566,-1], "delbow_c": [0,0], "ddelbow_c": [0,0], "tau_J": [-0.855766,-39.1357,12.8305,19.4073,0.861942,-2.24794,0.0111892], "tau_J_d": [0,0,0,0,0,0,0], "dtau_J": [-55.2127,-96.7213,63.1604,3.31121,3.07526,10.9141,-92.6856], "q": [0.953928,0.656688,0.894633,-1.37055,-2.50858,2.65288,-0.278152], "dq": [0.000456522,0.0013559,-0.00051898,0.00145247,0.000250109,0.000415013,0.00179342], "q_d": [0.953776,0.65659,0.894566,-1.37061,-2.50858,2.65263,-0.27817], "dq_d": [0,0,0,0,0,0,0], "ddq_d": [0,0,0,0,0,0,0], "joint_contact": [0,0,0,0,0,0,0], "cartesian_contact": [0,0,0,0,0,0], "joint_collision": [0,0,0,0,0,0,0], "cartesian_collision": [0,0,0,0,0,0], "tau_ext_hat_filtered": [-0.800245,-0.366269,-0.78989,-0.285309,0.011869,-1.48632,0.0606274], "O_F_ext_hat_K": [-1.15593,-5.94722,-2.43115,2.13946,-0.789878,-0.805257], "K_F_ext_hat_K": [2.4431,0.129874,-6.05232,1.91977,-1.26927,0.0566908], "O_dP_EE_d": [0,0,0,0,0,0], "O_ddP_O": [0,0,-9.81], "O_T_EE_c": [-0.0292122,0.00363982,-0.999557,0,-0.986941,0.158311,0.02942,0,0.158351,0.987382,-0.00103235,0,-0.0312476,0.834211,0.498117,1], "O_dP_EE_c": [0,0,0,0,0,0], "O_ddP_EE_c": [0,0,0,0,0,0], "theta": [0.953868,0.653942,0.895535,-1.36918,-2.50849,2.65263,-0.278149], "dtheta": [0,0,0,0,0,0,0], "current_errors": [], "last_motion_errors": [], "control_command_success_rate": 0, "robot_mode": "User stopped", "time": 11068862}