{"O_T_EE": [-0.0168584,-0.0186513,-0.999674,0,-0.956431,0.291731,0.0106862,0,0.291442,0.956318,-0.0227572,0,0.0638592,0.82918,0.497638,1], "O_T_EE_d": [-0.0167802,-0.018556,-0.999677,0,-0.956309,0.292133,0.0106297,0,0.291847,0.956197,-0.0226478,0,0.0641444,0.829142,0.497678,1], "F_T_NE": [0.7071,-0.7071,0,0,0.7071,0.7071,0,0,0,0,1,0,0,0,0.1034,1], "NE_T_EE": [1,0,0,0,0,1,0,0,0,0,1,0,0,0,0,1], "F_T_EE": [0.7071,-0.7071,0,0,0.7071,0.7071,0,0,0,0,1,0,0,0,0.1034,1], "EE_T_K": [1,0,0,0,0,1,0,0,0,0,1,0,0,0,0,1], "m_ee": 0.73, "F_x_Cee": [-0.01,0,0.03], "I_ee": [0.001,0,0,0,0.0025,0,0,0,0.0017], "m_load": 0, "F_x_Cload": [0,0,0], "I_load": [0,0,0,0,0,0,0,0,0], "m_total": 0.73, "F_x_Ctotal": [-0.01,0,0.03], "I_total": [0.001,0,0,0,0.0025,0,0,0,0.0017], "elbow": [-0.360367,-1], "elbow_d": [-0.360542,-1], "elbow_c": [-0.360542,-1], "delbow_c": [0,0], "ddelbow_c": [0,0], "tau_J": [-1.30407,-44.4122,-5.20475,20.0977,0.761234,-2.31844,0.0313308], "tau_J_d": [0,0,0,0,0,0,0], "dtau_J": [68.274,-97.3001,-56.2004,-42.5862,-23.6306,-1.10089,51.3337], "q": [1.73502,0.525306,-0.360367,-1.26442,-2.36453,2.94342,0.211681], "dq": [0.000134805,0.000706768,0.000242165,0.00113014,0.000167154,-5.20218e-05,-0.00139141], "q_d": [1.73485,0.525225,-0.360542,-1.26453,-2.36451,2.94329,0.211658], "dq_d": [0,0,0,0,0,0,0], "ddq_d": [0,0,0,0,0,0,0], "joint_contact": [0,0,0,0,0,0,0], "cartesian_contact": [0,0,0,0,0,0], "joint_collision": [0,0,0,0,0,0,0], "cartesian_collision": [0,0,0,0,0,0], "tau_ext_hat_filtered": [-1.3242,-1.00696,-0.937449,-1.35665,0.298861,-1.00105,0.0201892], "O_F_ext_hat_K": [-2.12547,-11.2897,-2.53952,4.80017,-1.1374,-1.10306], "K_F_ext_hat_K": [2.78515,-1.28787,-11.3582,2.12661,-1.32519,0.192795], "O_dP_EE_d": [0,0,0,0,0,0], "O_ddP_O": [0,0,-9.81], "O_T_EE_c": [-0.0167802,-0.018556,-0.999677,0,-0.956309,0.292133,0.0106297,0,0.291847,0.956197,-0.0226478,0,0.0641444,0.829142,0.497678,1], "O_dP_EE_c": [0,0,0,0,0,0], "O_ddP_EE_c": [0,0,0,0,0,0], "theta": [1.73493,0.522189,-0.360732,-1.26301,-2.36445,2.94316,0.211685], "dtheta": [0,0,0,0,0,0,0], "current_errors": [], "last_motion_errors": [], "control_command_success_rate": 0, "robot_mode": "User stopped", "time": 4210771}