{"O_T_EE": [-0.0270329,-0.00378692,-0.999618,0,-0.914268,0.404421,0.0231927,0,0.404186,0.914563,-0.0143952,0,0.169929,0.81057,0.498752,1], "O_T_EE_d": [-0.0269867,-0.00375926,-0.999619,0,-0.914154,0.404681,0.0231576,0,0.404448,0.914448,-0.0143578,0,0.170012,0.810535,0.498771,1], "F_T_NE": [0.7071,-0.7071,0,0,0.7071,0.7071,0,0,0,0,1,0,0,0,0.1034,1], "NE_T_EE": [1,0,0,0,0,1,0,0,0,0,1,0,0,0,0,1], "F_T_EE": [0.7071,-0.7071,0,0,0.7071,0.7071,0,0,0,0,1,0,0,0,0.1034,1], "EE_T_K": [1,0,0,0,0,1,0,0,0,0,1,0,0,0,0,1], "m_ee": 0.73, "F_x_Cee": [-0.01,0,0.03], "I_ee": [0.001,0,0,0,0.0025,0,0,0,0.0017], "m_load": 0, "F_x_Cload": [0,0,0], "I_load": [0,0,0,0,0,0,0,0,0], "m_total": 0.73, "F_x_Ctotal": [-0.01,0,0.03], "I_total": [0.001,0,0,0,0.0025,0,0,0,0.0017], "elbow": [1.4318,-1], "elbow_d": [1.43185,-1], "elbow_c": [1.43185,-1], "delbow_c": [0,0], "ddelbow_c": [0,0], "tau_J": [-0.931144,-36.0809,24.5697,12.1988,0.843632,-1.67665,0.163167], "tau_J_d": [0,0,0,0,0,0,0], "dtau_J": [-58.2755,-19.7432,-53.1073,-61.0998,-4.36638,38.0644,17.6658], "q": [0.451492,1.01406,1.4318,-1.47423,-2.62755,2.42846,-0.677654], "dq": [-0.000435952,7.67812e-06,0.000220455,0.00119868,-0.00701959,-0.000817854,-0.000717588], "q_d": [0.451354,1.014,1.43185,-1.47435,-2.62755,2.42818,-0.677639], "dq_d": [0,0,0,0,0,0,0], "ddq_d": [0,0,0,0,0,0,0], "joint_contact": [0,0,0,0,0,0,0], "cartesian_contact": [0,0,0,0,0,0], "joint_collision": [0,0,0,0,0,0,0], "cartesian_collision": [0,0,0,0,0,0], "tau_ext_hat_filtered": [-0.906992,-0.669654,0.108533,-0.03058,0.164181,-1.60159,0.153029], "O_F_ext_hat_K": [-3.18057,-7.04126,-0.666659,3.23347,-1.41821,-0.899998], "K_F_ext_hat_K": [0.779064,0.0448033,-7.71562,2.27341,-0.270367,0.18888], "O_dP_EE_d": [0,0,0,0,0,0], "O_ddP_O": [0,0,-9.81], "O_T_EE_c": [-0.0269867,-0.00375926,-0.999619,0,-0.914154,0.404681,0.0231576,0,0.404448,0.914448,-0.0143578,0,0.170012,0.810535,0.498771,1], "O_dP_EE_c": [0,0,0,0,0,0], "O_ddP_EE_c": [0,0,0,0,0,0], "theta": [0.451428,1.01153,1.43352,-1.47337,-2.62746,2.42828,-0.677636], "dtheta": [0,0,0,0,0,0,0], "current_errors": [], "last_motion_errors": ["cartesian_reflex"], "control_command_success_rate": 0, "robot_mode": "User stopped", "time": 15671609}