{"O_T_EE": [0.00103092,-0.0111804,-0.999927,0,-0.870531,0.492053,-0.00639928,0,0.492098,0.870491,-0.00922583,0,0.259311,0.784337,0.497935,1], "O_T_EE_d": [0.00111274,-0.0110241,-0.999929,0,-0.870457,0.492183,-0.00639491,0,0.492228,0.870419,-0.00904848,0,0.25936,0.784316,0.49799,1], "F_T_NE": [0.7071,-0.7071,0,0,0.7071,0.7071,0,0,0,0,1,0,0,0,0.1034,1], "NE_T_EE": [1,0,0,0,0,1,0,0,0,0,1,0,0,0,0,1], "F_T_EE": [0.7071,-0.7071,0,0,0.7071,0.7071,0,0,0,0,1,0,0,0,0.1034,1], "EE_T_K": [1,0,0,0,0,1,0,0,0,0,1,0,0,0,0,1], "m_ee": 0.73, "F_x_Cee": [-0.01,0,0.03], "I_ee": [0.001,0,0,0,0.0025,0,0,0,0.0017], "m_load": 0, "F_x_Cload": [0,0,0], "I_load": [0,0,0,0,0,0,0,0,0], "m_total": 0.73, "F_x_Ctotal": [-0.01,0,0.03], "I_total": [0.001,0,0,0,0.0025,0,0,0,0.0017], "elbow": [-0.109272,-1], "elbow_d": [-0.109242,-1], "elbow_c": [-0.109242,-1], "delbow_c": [0,0], "ddelbow_c": [0,0], "tau_J": [-0.744682,-43.2061,-2.01902,21.0934,0.761234,-2.76887,-0.081279], "tau_J_d": [0,0,0,0,0,0,0], "dtau_J": [1.82783,174.944,-65.0037,73.3792,-29.0311,26.9687,-138.649], "q": [1.31502,0.47715,-0.109272,-1.31759,-2.46611,2.88245,0.172284], "dq": [0.000128697,-0.00155627,-6.82067e-05,-0.000315516,0.000427804,-0.000321174,0.00157634], "q_d": [1.31497,0.477075,-0.109242,-1.31766,-2.46611,2.88224,0.172273], "dq_d": [0,0,0,0,0,0,0], "ddq_d": [0,0,0,0,0,0,0], "joint_contact": [0,0,0,0,0,0,0], "cartesian_contact": [0,0,0,0,0,0], "joint_collision": [0,0,0,0,0,0,0], "cartesian_collision": [0,0,0,0,0,0], "tau_ext_hat_filtered": [-0.710833,0.124386,-0.975341,-0.897708,0.325505,-1.44851,-0.0166893], "O_F_ext_hat_K": [-4.00905,-4.6087,-2.78177,1.24235,-1.9703,-0.72383], "K_F_ext_hat_K": [2.82902,1.2401,-5.95901,2.68196,-1.3083,-0.0249152], "O_dP_EE_d": [0,0,0,0,0,0], "O_ddP_O": [0,0,-9.81], "O_T_EE_c": [0.00111274,-0.0110241,-0.999929,0,-0.870457,0.492183,-0.00639491,0,0.492228,0.870419,-0.00904848,0,0.25936,0.784316,0.49799,1], "O_dP_EE_c": [0,0,0,0,0,0], "O_ddP_EE_c": [0,0,0,0,0,0], "theta": [1.31497,0.474118,-0.109414,-1.31611,-2.46602,2.88214,0.172276], "dtheta": [0,0,0,0,0,0,0], "current_errors": [], "last_motion_errors": [], "control_command_success_rate": 0, "robot_mode": "User stopped", "time": 11289973}