{"O_T_EE": [-0.0222344,-0.0074227,-0.999716,0,-0.712494,0.701584,0.0106373,0,0.701319,0.712542,-0.0208883,0,0.44024,0.692554,0.498982,1], "O_T_EE_d": [-0.0221744,-0.00728148,-0.999718,0,-0.712479,0.701599,0.0106931,0,0.701336,0.712528,-0.0207458,0,0.440174,0.692592,0.499034,1], "F_T_NE": [0.7071,-0.7071,0,0,0.7071,0.7071,0,0,0,0,1,0,0,0,0.1034,1], "NE_T_EE": [1,0,0,0,0,1,0,0,0,0,1,0,0,0,0,1], "F_T_EE": [0.7071,-0.7071,0,0,0.7071,0.7071,0,0,0,0,1,0,0,0,0.1034,1], "EE_T_K": [1,0,0,0,0,1,0,0,0,0,1,0,0,0,0,1], "m_ee": 0.73, "F_x_Cee": [-0.01,0,0.03], "I_ee": [0.001,0,0,0,0.0025,0,0,0,0.0017], "m_load": 0, "F_x_Cload": [0,0,0], "I_load": [0,0,0,0,0,0,0,0,0], "m_total": 0.73, "F_x_Ctotal": [-0.01,0,0.03], "I_total": [0.001,0,0,0,0.0025,0,0,0,0.0017], "elbow": [0.518265,-1], "elbow_d": [0.518376,-1], "elbow_c": [0.518376,-1], "delbow_c": [0,0], "ddelbow_c": [0,0], "tau_J": [-0.296379,-39.7387,6.23293,20.6729,1.08167,-2.37794,0.163167], "tau_J_d": [0,0,0,0,0,0,0], "dtau_J": [83.4347,-22.8853,155.085,157.58,-15.155,-52.4754,79.6604], "q": [0.587018,0.488668,0.518265,-1.40528,-2.42572,2.74259,-0.116864], "dq": [-0.000706054,-0.000258132,-0.00219307,-0.00224097,0.000657442,0.000838493,-0.002314], "q_d": [0.58706,0.488622,0.518376,-1.40532,-2.42571,2.74237,-0.116843], "dq_d": [0,0,0,0,0,0,0], "ddq_d": [0,0,0,0,0,0,0], "joint_contact": [0,0,0,0,0,0,0], "cartesian_contact": [0,0,0,0,0,0], "joint_collision": [0,0,0,0,0,0,0], "cartesian_collision": [0,0,0,0,0,0], "tau_ext_hat_filtered": [-0.237607,0.425863,-0.615408,-0.97019,0.310978,-1.40537,0.120243], "O_F_ext_hat_K": [-4.39333,-2.28506,-3.08015,-0.159277,-1.56204,-0.247098], "K_F_ext_hat_K": [3.19398,1.49433,-4.64499,2.26997,-1.1276,0.115188], "O_dP_EE_d": [0,0,0,0,0,0], "O_ddP_O": [0,0,-9.81], "O_T_EE_c": [-0.0221744,-0.00728148,-0.999718,0,-0.712479,0.701599,0.0106931,0,0.701336,0.712528,-0.0207458,0,0.440174,0.692592,0.499034,1], "O_dP_EE_c": [0,0,0,0,0,0], "O_ddP_EE_c": [0,0,0,0,0,0], "theta": [0.586997,0.485879,0.518703,-1.40383,-2.4256,2.74232,-0.116846], "dtheta": [0,0,0,0,0,0,0], "current_errors": [], "last_motion_errors": [], "control_command_success_rate": 0, "robot_mode": "User stopped", "time": 11831124}