{"O_T_EE": [-0.0158101,-0.0194497,-0.999676,0,-0.672278,0.740276,-0.00377058,0,0.740124,0.672014,-0.0247799,0,0.481174,0.663805,0.499117,1], "O_T_EE_d": [-0.0157424,-0.0193469,-0.999679,0,-0.672133,0.740408,-0.0037448,0,0.740257,0.671872,-0.02466,0,0.481211,0.663789,0.499133,1], "F_T_NE": [0.7071,-0.7071,0,0,0.7071,0.7071,0,0,0,0,1,0,0,0,0.1034,1], "NE_T_EE": [1,0,0,0,0,1,0,0,0,0,1,0,0,0,0,1], "F_T_EE": [0.7071,-0.7071,0,0,0.7071,0.7071,0,0,0,0,1,0,0,0,0.1034,1], "EE_T_K": [1,0,0,0,0,1,0,0,0,0,1,0,0,0,0,1], "m_ee": 0.73, "F_x_Cee": [-0.01,0,0.03], "I_ee": [0.001,0,0,0,0.0025,0,0,0,0.0017], "m_load": 0, "F_x_Cload": [0,0,0], "I_load": [0,0,0,0,0,0,0,0,0], "m_total": 0.73, "F_x_Ctotal": [-0.01,0,0.03], "I_total": [0.001,0,0,0,0.0025,0,0,0,0.0017], "elbow": [0.518808,-1], "elbow_d": [0.518829,-1], "elbow_c": [0.518829,-1], "delbow_c": [0,0], "ddelbow_c": [0,0], "tau_J": [-0.744682,-39.3221,5.97109,20.7086,1.15491,-2.48872,0.102742], "tau_J_d": [0,0,0,0,0,0,0], "dtau_J": [71.9866,-122.59,-1.74119,103.938,-12.5447,1.16169,118.536], "q": [0.523479,0.486929,0.518808,-1.40552,-2.4255,2.75134,-0.131464], "dq": [-0.000697085,0.000951975,-0.000463289,-0.00270258,-4.83592e-08,0.00344446,-0.0032594], "q_d": [0.523463,0.486923,0.518829,-1.40556,-2.42548,2.75108,-0.13145], "dq_d": [0,0,0,0,0,0,0], "ddq_d": [0,0,0,0,0,0,0], "joint_contact": [0,0,0,0,0,0,0], "cartesian_contact": [0,0,0,0,0,0], "joint_collision": [0,0,0,0,0,0,0], "cartesian_collision": [0,0,0,0,0,0], "tau_ext_hat_filtered": [-0.802297,0.823665,-0.917546,-0.911759,0.354218,-1.54084,0.04297], "O_F_ext_hat_K": [-3.26764,-1.10114,-2.98297,-0.799562,-0.836418,-0.710293], "K_F_ext_hat_K": [3.05514,1.39289,-3.08452,2.35129,-0.889738,0.0945707], "O_dP_EE_d": [0,0,0,0,0,0], "O_ddP_O": [0,0,-9.81], "O_T_EE_c": [-0.0157424,-0.0193469,-0.999679,0,-0.672133,0.740408,-0.0037448,0,0.740257,0.671872,-0.02466,0,0.481211,0.663789,0.499133,1], "O_dP_EE_c": [0,0,0,0,0,0], "O_ddP_EE_c": [0,0,0,0,0,0], "theta": [0.523426,0.484169,0.519227,-1.40407,-2.42537,2.75106,-0.131453], "dtheta": [0,0,0,0,0,0,0], "current_errors": [], "last_motion_errors": [], "control_command_success_rate": 0, "robot_mode": "User stopped", "time": 11813943}