{"O_T_EE": [-0.0133778,0.00289612,-0.999897,0,-0.794039,0.607725,0.0123838,0,0.60771,0.794138,-0.00583049,0,0.351717,0.744406,0.498433,1], "O_T_EE_d": [-0.0132307,0.00302035,-0.999898,0,-0.793739,0.608118,0.0123397,0,0.608105,0.793836,-0.00564858,0,0.352018,0.744278,0.498468,1], "F_T_NE": [0.7071,-0.7071,0,0,0.7071,0.7071,0,0,0,0,1,0,0,0,0.1034,1], "NE_T_EE": [1,0,0,0,0,1,0,0,0,0,1,0,0,0,0,1], "F_T_EE": [0.7071,-0.7071,0,0,0.7071,0.7071,0,0,0,0,1,0,0,0,0.1034,1], "EE_T_K": [1,0,0,0,0,1,0,0,0,0,1,0,0,0,0,1], "m_ee": 0.73, "F_x_Cee": [-0.01,0,0.03], "I_ee": [0.001,0,0,0,0.0025,0,0,0,0.0017], "m_load": 0, "F_x_Cload": [0,0,0], "I_load": [0,0,0,0,0,0,0,0,0], "m_total": 0.73, "F_x_Ctotal": [-0.01,0,0.03], "I_total": [0.001,0,0,0,0.0025,0,0,0,0.0017], "elbow": [-0.156874,-1], "elbow_d": [-0.156991,-1], "elbow_c": [-0.156991,-1], "delbow_c": [0,0], "ddelbow_c": [0,0], "tau_J": [-1.00652,-42.3412,-2.54271,20.9387,0.724613,-2.86867,0.122884], "tau_J_d": [0,0,0,0,0,0,0], "dtau_J": [21.3708,63.9053,-69.5724,23.2679,-33.7891,2.52533,32.6113], "q": [1.23362,0.466189,-0.156874,-1.3387,-2.4406,2.8686,0.187726], "dq": [-0.00100566,-0.000193055,-0.000349316,-0.00273637,0.00073122,0.000390415,-0.0008164], "q_d": [1.23335,0.466192,-0.156991,-1.33871,-2.44059,2.86838,0.187729], "dq_d": [0,0,0,0,0,0,0], "ddq_d": [0,0,0,0,0,0,0], "joint_contact": [0,0,0,0,0,0,0], "cartesian_contact": [0,0,0,0,0,0], "joint_collision": [0,0,0,0,0,0,0], "cartesian_collision": [0,0,0,0,0,0], "tau_ext_hat_filtered": [-1.02721,0.580948,-0.97543,-1.03676,0.300443,-1.52808,0.12149], "O_F_ext_hat_K": [-3.38145,-3.8509,-3.75983,0.596621,-1.31268,-0.971667], "K_F_ext_hat_K": [3.79359,0.298155,-5.09116,2.11171,-1.77568,0.155296], "O_dP_EE_d": [0,0,0,0,0,0], "O_ddP_O": [0,0,-9.81], "O_T_EE_c": [-0.0132307,0.00302035,-0.999898,0,-0.793739,0.608118,0.0123397,0,0.608105,0.793836,-0.00564858,0,0.352018,0.744278,0.498468,1], "O_dP_EE_c": [0,0,0,0,0,0], "O_ddP_EE_c": [0,0,0,0,0,0], "theta": [1.23355,0.463217,-0.157051,-1.33724,-2.44052,2.86828,0.18774], "dtheta": [0,0,0,0,0,0,0], "current_errors": [], "last_motion_errors": [], "control_command_success_rate": 0, "robot_mode": "User stopped", "time": 11384780}