{"O_T_EE": [-0.0123456,-0.0105886,-0.999858,0,-0.760076,0.649815,0.0025033,0,0.649708,0.760014,-0.0160708,0,0.395693,0.720819,0.498483,1], "O_T_EE_d": [-0.0122099,-0.0104095,-0.999862,0,-0.759891,0.650031,0.0025121,0,0.649927,0.759831,-0.0158472,0,0.395828,0.720748,0.498554,1], "F_T_NE": [0.7071,-0.7071,0,0,0.7071,0.7071,0,0,0,0,1,0,0,0,0.1034,1], "NE_T_EE": [1,0,0,0,0,1,0,0,0,0,1,0,0,0,0,1], "F_T_EE": [0.7071,-0.7071,0,0,0.7071,0.7071,0,0,0,0,1,0,0,0,0.1034,1], "EE_T_K": [1,0,0,0,0,1,0,0,0,0,1,0,0,0,0,1], "m_ee": 0.73, "F_x_Cee": [-0.01,0,0.03], "I_ee": [0.001,0,0,0,0.0025,0,0,0,0.0017], "m_load": 0, "F_x_Cload": [0,0,0], "I_load": [0,0,0,0,0,0,0,0,0], "m_total": 0.73, "F_x_Ctotal": [-0.01,0,0.03], "I_total": [0.001,0,0,0,0.0025,0,0,0,0.0017], "elbow": [-0.204493,-1], "elbow_d": [-0.204564,-1], "elbow_c": [-0.204564,-1], "delbow_c": [0,0], "ddelbow_c": [0,0], "tau_J": [-0.597892,-42.3769,-2.57841,21.0181,0.7887,-2.67824,0.174153], "tau_J_d": [0,0,0,0,0,0,0], "dtau_J": [26.2231,8.43068,111.483,159.762,27.3423,-12.6775,76.2059], "q": [1.2062,0.469032,-0.204493,-1.33054,-2.44042,2.89585,0.19738], "dq": [-0.00072308,-0.000395849,-0.0015648,0.00527247,0.000150857,-0.000153461,-0.00279554], "q_d": [1.20611,0.468974,-0.204564,-1.33057,-2.44041,2.89562,0.1974], "dq_d": [0,0,0,0,0,0,0], "ddq_d": [0,0,0,0,0,0,0], "joint_contact": [0,0,0,0,0,0,0], "cartesian_contact": [0,0,0,0,0,0], "joint_collision": [0,0,0,0,0,0,0], "cartesian_collision": [0,0,0,0,0,0], "tau_ext_hat_filtered": [-0.636972,0.416223,-0.51892,-0.823179,0.339098,-1.356,0.140836], "O_F_ext_hat_K": [-3.54917,-2.94977,-3.25992,0.447466,-1.38354,-0.537397], "K_F_ext_hat_K": [3.33457,0.772686,-4.4954,1.92144,-1.60103,0.205813], "O_dP_EE_d": [0,0,0,0,0,0], "O_ddP_O": [0,0,-9.81], "O_T_EE_c": [-0.0122099,-0.0104095,-0.999862,0,-0.759891,0.650031,0.0025121,0,0.649927,0.759831,-0.0158472,0,0.395828,0.720748,0.498554,1], "O_dP_EE_c": [0,0,0,0,0,0], "O_ddP_EE_c": [0,0,0,0,0,0], "theta": [1.20616,0.466059,-0.204675,-1.32906,-2.44033,2.89556,0.197399], "dtheta": [0,0,0,0.0247779,0,0,0], "current_errors": [], "last_motion_errors": [], "control_command_success_rate": 0, "robot_mode": "User stopped", "time": 11407107}