{"O_T_EE": [-0.0200004,-0.0210863,-0.999568,0,-0.627612,0.778504,-0.003865,0,0.778265,0.627275,-0.0288049,0,0.519972,0.632093,0.498942,1], "O_T_EE_d": [-0.0199202,-0.0209983,-0.999571,0,-0.627547,0.778556,-0.00384912,0,0.778319,0.627214,-0.028687,0,0.519954,0.632102,0.498981,1], "F_T_NE": [0.7071,-0.7071,0,0,0.7071,0.7071,0,0,0,0,1,0,0,0,0.1034,1], "NE_T_EE": [1,0,0,0,0,1,0,0,0,0,1,0,0,0,0,1], "F_T_EE": [0.7071,-0.7071,0,0,0.7071,0.7071,0,0,0,0,1,0,0,0,0.1034,1], "EE_T_K": [1,0,0,0,0,1,0,0,0,0,1,0,0,0,0,1], "m_ee": 0.73, "F_x_Cee": [-0.01,0,0.03], "I_ee": [0.001,0,0,0,0.0025,0,0,0,0.0017], "m_load": 0, "F_x_Cload": [0,0,0], "I_load": [0,0,0,0,0,0,0,0,0], "m_total": 0.73, "F_x_Ctotal": [-0.01,0,0.03], "I_total": [0.001,0,0,0,0.0025,0,0,0,0.0017], "elbow": [0.506426,-1], "elbow_d": [0.506518,-1], "elbow_c": [0.506518,-1], "delbow_c": [0,0], "ddelbow_c": [0,0], "tau_J": [-0.41143,-39.8537,6.08217,20.788,1.02674,-2.28822,0.071614], "tau_J_d": [0,0,0,0,0,0,0], "dtau_J": [-16.3268,-18.472,-61.7136,23.8559,21.61,36.9125,39.09], "q": [0.46929,0.480395,0.506426,-1.40911,-2.42261,2.75942,-0.126509], "dq": [0.00115453,0.000620934,0.000476521,1.82948e-05,-0.000210787,-0.000281338,-0.00101043], "q_d": [0.469271,0.480345,0.506518,-1.40918,-2.42261,2.75922,-0.126509], "dq_d": [0,0,0,0,0,0,0], "ddq_d": [0,0,0,0,0,0,0], "joint_contact": [0,0,0,0,0,0,0], "cartesian_contact": [0,0,0,0,0,0], "joint_collision": [0,0,0,0,0,0,0], "cartesian_collision": [0,0,0,0,0,0], "tau_ext_hat_filtered": [-0.356372,0.281958,-0.545312,-0.806867,0.208138,-1.35477,0.0603051], "O_F_ext_hat_K": [-4.20997,-1.77198,-2.84489,-0.179182,-1.48885,-0.308941], "K_F_ext_hat_K": [2.96528,1.27375,-4.30604,2.05139,-1.12882,0.0867725], "O_dP_EE_d": [0,0,0,0,0,0], "O_ddP_O": [0,0,-9.81], "O_T_EE_c": [-0.0199202,-0.0209983,-0.999571,0,-0.627547,0.778556,-0.00384912,0,0.778319,0.627214,-0.028687,0,0.519954,0.632102,0.498981,1], "O_dP_EE_c": [0,0,0,0,0,0], "O_ddP_EE_c": [0,0,0,0,0,0], "theta": [0.469261,0.477599,0.506853,-1.40765,-2.4225,2.75917,-0.126501], "dtheta": [0,0,0,0,0,0,0], "current_errors": [], "last_motion_errors": [], "control_command_success_rate": 0, "robot_mode": "User stopped", "time": 11852821}