{"O_T_EE": [-0.0318921,-0.00243118,-0.999479,0,-0.597753,0.801485,0.017124,0,0.801041,0.597999,-0.0270148,0,0.561641,0.593667,0.499744,1], "O_T_EE_d": [-0.0317336,-0.00233933,-0.999484,0,-0.597594,0.801604,0.0170974,0,0.801166,0.59784,-0.0268363,0,0.561685,0.59364,0.499809,1], "F_T_NE": [0.7071,-0.7071,0,0,0.7071,0.7071,0,0,0,0,1,0,0,0,0.1034,1], "NE_T_EE": [1,0,0,0,0,1,0,0,0,0,1,0,0,0,0,1], "F_T_EE": [0.7071,-0.7071,0,0,0.7071,0.7071,0,0,0,0,1,0,0,0,0.1034,1], "EE_T_K": [1,0,0,0,0,1,0,0,0,0,1,0,0,0,0,1], "m_ee": 0.73, "F_x_Cee": [-0.01,0,0.03], "I_ee": [0.001,0,0,0,0.0025,0,0,0,0.0017], "m_load": 0, "F_x_Cload": [0,0,0], "I_load": [0,0,0,0,0,0,0,0,0], "m_total": 0.73, "F_x_Ctotal": [-0.01,0,0.03], "I_total": [0.001,0,0,0,0.0025,0,0,0,0.0017], "elbow": [0.796465,-1], "elbow_d": [0.796467,-1], "elbow_c": [0.796467,-1], "delbow_c": [0,0], "ddelbow_c": [0,0], "tau_J": [-0.371757,-37.4773,10.3946,20.1334,0.861942,-2.29829,0.112813], "tau_J_d": [0,0,0,0,0,0,0], "dtau_J": [79.8095,0.608289,85.4942,86.0687,1.71546,-35.9442,-1.89482], "q": [0.183436,0.552631,0.796465,-1.42755,-2.48529,2.72522,-0.201482], "dq": [-4.78748e-05,-0.00010885,-0.000374868,0.00328329,0.000287308,0.000512189,0.000561114], "q_d": [0.183427,0.552596,0.796467,-1.42752,-2.48529,2.725,-0.201491], "dq_d": [0,0,0,0,0,0,0], "ddq_d": [0,0,0,0,0,0,0], "joint_contact": [0,0,0,0,0,0,0], "cartesian_contact": [0,0,0,0,0,0], "joint_collision": [0,0,0,0,0,0,0], "cartesian_collision": [0,0,0,0,0,0], "tau_ext_hat_filtered": [-0.37857,-0.0672279,-0.520285,-0.504894,-0.0192944,-1.45173,0.125156], "O_F_ext_hat_K": [-4.44443,-2.08016,-3.22858,0.186904,-1.66025,-0.344092], "K_F_ext_hat_K": [3.37376,0.934185,-4.71688,1.78248,-1.67104,0.152385], "O_dP_EE_d": [0,0,0,0,0,0], "O_ddP_O": [0,0,-9.81], "O_T_EE_c": [-0.0317336,-0.00233933,-0.999484,0,-0.597594,0.801604,0.0170974,0,0.801166,0.59784,-0.0268363,0,0.561685,0.59364,0.499809,1], "O_dP_EE_c": [0,0,0,0,0,0], "O_ddP_EE_c": [0,0,0,0,0,0], "theta": [0.18341,0.550002,0.797194,-1.42614,-2.48519,2.72497,-0.201469], "dtheta": [0,0,0,0,0,0,0], "current_errors": [], "last_motion_errors": [], "control_command_success_rate": 0, "robot_mode": "User stopped", "time": 11983200}