{"O_T_EE": [-0.0241823,-0.000865349,-0.999698,0,-0.371619,0.928339,0.00818576,0,0.928069,0.371712,-0.0227714,0,0.686551,0.439544,0.49854,1], "O_T_EE_d": [-0.0240108,-0.000691067,-0.999702,0,-0.371682,0.928313,0.00828531,0,0.928048,0.371777,-0.0225468,0,0.686464,0.439623,0.498685,1], "F_T_NE": [0.7071,-0.7071,0,0,0.7071,0.7071,0,0,0,0,1,0,0,0,0.1034,1], "NE_T_EE": [1,0,0,0,0,1,0,0,0,0,1,0,0,0,0,1], "F_T_EE": [0.7071,-0.7071,0,0,0.7071,0.7071,0,0,0,0,1,0,0,0,0.1034,1], "EE_T_K": [1,0,0,0,0,1,0,0,0,0,1,0,0,0,0,1], "m_ee": 0.73, "F_x_Cee": [-0.01,0,0.03], "I_ee": [0.001,0,0,0,0.0025,0,0,0,0.0017], "m_load": 0, "F_x_Cload": [0,0,0], "I_load": [0,0,0,0,0,0,0,0,0], "m_total": 0.73, "F_x_Ctotal": [-0.01,0,0.03], "I_total": [0.001,0,0,0,0.0025,0,0,0,0.0017], "elbow": [0.324237,-1], "elbow_d": [0.324388,-1], "elbow_c": [0.324388,-1], "delbow_c": [0,0], "ddelbow_c": [0,0], "tau_J": [0.298714,-40.8337,4.20565,20.5936,1.08167,-2.31844,0.163167], "tau_J_d": [0,0,0,0,0,0,0], "dtau_J": [-60.5798,-78.9466,-12.2896,-237.884,10.0279,-20.4613,-46.4998], "q": [0.292448,0.445877,0.324237,-1.40518,-2.46632,2.80645,0.0100006], "dq": [0.00054514,0.00087088,-0.000523704,3.31327e-05,-0.000476192,0.000233852,0.000385427], "q_d": [0.292474,0.445685,0.324388,-1.40524,-2.4663,2.80631,0.0100433], "dq_d": [0,0,0,0,0,0,0], "ddq_d": [0,0,0,0,0,0,0], "joint_contact": [0,0,0,0,0,0,0], "cartesian_contact": [0,0,0,0,0,0], "joint_collision": [0,0,0,0,0,0,0], "cartesian_collision": [0,0,0,0,0,0], "tau_ext_hat_filtered": [0.315767,0.324336,0.0104485,-1.15447,0.391677,-1.20151,0.184334], "O_F_ext_hat_K": [-6.31068,-0.230718,-3.38321,-0.739299,-2.01236,0.338868], "K_F_ext_hat_K": [3.53506,2.10333,-5.86546,2.26161,-1.35764,0.197114], "O_dP_EE_d": [0,0,0,0,0,0], "O_ddP_O": [0,0,-9.81], "O_T_EE_c": [-0.0240108,-0.000691067,-0.999702,0,-0.371682,0.928313,0.00828531,0,0.928048,0.371777,-0.0225468,0,0.686464,0.439623,0.498685,1], "O_dP_EE_c": [0,0,0,0,0,0], "O_ddP_EE_c": [0,0,0,0,0,0], "theta": [0.292469,0.44301,0.324533,-1.40373,-2.46621,2.80619,0.0100188], "dtheta": [0,0,0,0,0,0,0], "current_errors": [], "last_motion_errors": [], "control_command_success_rate": 0, "robot_mode": "User stopped", "time": 12097985}