{"O_T_EE": [-0.0409096,-0.00504158,-0.99914,0,-0.208774,0.977947,0.00361358,0,0.977107,0.208747,-0.0410608,0,0.753762,0.306999,0.497852,1], "O_T_EE_d": [-0.0407467,-0.00487947,-0.999148,0,-0.208754,0.977951,0.00373732,0,0.977119,0.208732,-0.0408677,0,0.753723,0.307027,0.49796,1], "F_T_NE": [0.7071,-0.7071,0,0,0.7071,0.7071,0,0,0,0,1,0,0,0,0.1034,1], "NE_T_EE": [1,0,0,0,0,1,0,0,0,0,1,0,0,0,0,1], "F_T_EE": [0.7071,-0.7071,0,0,0.7071,0.7071,0,0,0,0,1,0,0,0,0.1034,1], "EE_T_K": [1,0,0,0,0,1,0,0,0,0,1,0,0,0,0,1], "m_ee": 0.73, "F_x_Cee": [-0.01,0,0.03], "I_ee": [0.001,0,0,0,0.0025,0,0,0,0.0017], "m_load": 0, "F_x_Cload": [0,0,0], "I_load": [0,0,0,0,0,0,0,0,0], "m_total": 0.73, "F_x_Ctotal": [-0.01,0,0.03], "I_total": [0.001,0,0,0,0.0025,0,0,0,0.0017], "elbow": [-0.22258,-1], "elbow_d": [-0.222583,-1], "elbow_c": [-0.222583,-1], "delbow_c": [0,0], "ddelbow_c": [0,0], "tau_J": [0.635933,-42.1508,-2.09044,20.8633,0.742924,-2.46858,0.112813], "tau_J_d": [0,0,0,0,0,0,0], "dtau_J": [23.286,66.2128,-14.6072,45.5427,-9.96774,-19.6688,82.7208], "q": [0.535395,0.448551,-0.22258,-1.34513,-2.49771,2.94234,0.256287], "dq": [-0.00034071,-0.000621895,0.000502201,-0.000699031,0.00109495,0.000334186,-0.0014821], "q_d": [0.53548,0.448374,-0.222583,-1.34523,-2.49765,2.94218,0.256309], "dq_d": [0,0,0,0,0,0,0], "ddq_d": [0,0,0,0,0,0,0], "joint_contact": [0,0,0,0,0,0,0], "cartesian_contact": [0,0,0,0,0,0], "joint_collision": [0,0,0,0,0,0,0], "cartesian_collision": [0,0,0,0,0,0], "tau_ext_hat_filtered": [0.60807,-0.0527697,0.234886,-0.926908,0.391657,-1.13244,0.0856369], "O_F_ext_hat_K": [-7.96485,0.890814,-3.21936,-1.06931,-3.16741,0.648506], "K_F_ext_hat_K": [3.53801,2.52244,-7.46437,2.45944,-1.67752,0.115578], "O_dP_EE_d": [0,0,0,0,0,0], "O_ddP_O": [0,0,-9.81], "O_T_EE_c": [-0.0407467,-0.00487947,-0.999148,0,-0.208754,0.977951,0.00373732,0,0.977119,0.208732,-0.0408677,0,0.753723,0.307027,0.49796,1], "O_dP_EE_c": [0,0,0,0,0,0], "O_ddP_EE_c": [0,0,0,0,0,0], "theta": [0.535439,0.445593,-0.222728,-1.34366,-2.49763,2.94207,0.256299], "dtheta": [0,0,0,0,0,0,0], "current_errors": [], "last_motion_errors": [], "control_command_success_rate": 0, "robot_mode": "User stopped", "time": 12368842}