{"O_T_EE": [-0.0361782,-0.00840543,-0.9993,0,-0.328917,0.94434,0.0039648,0,0.943664,0.328837,-0.0369299,0,0.711924,0.396379,0.498415,1], "O_T_EE_d": [-0.035954,-0.00829635,-0.999309,0,-0.328847,0.944365,0.00399131,0,0.943698,0.328769,-0.0366826,0,0.711915,0.3964,0.49853,1], "F_T_NE": [0.7071,-0.7071,0,0,0.7071,0.7071,0,0,0,0,1,0,0,0,0.1034,1], "NE_T_EE": [1,0,0,0,0,1,0,0,0,0,1,0,0,0,0,1], "F_T_EE": [0.7071,-0.7071,0,0,0.7071,0.7071,0,0,0,0,1,0,0,0,0.1034,1], "EE_T_K": [1,0,0,0,0,1,0,0,0,0,1,0,0,0,0,1], "m_ee": 0.73, "F_x_Cee": [-0.01,0,0.03], "I_ee": [0.001,0,0,0,0.0025,0,0,0,0.0017], "m_load": 0, "F_x_Cload": [0,0,0], "I_load": [0,0,0,0,0,0,0,0,0], "m_total": 0.73, "F_x_Ctotal": [-0.01,0,0.03], "I_total": [0.001,0,0,0,0.0025,0,0,0,0.0017], "elbow": [0.320186,-1], "elbow_d": [0.320202,-1], "elbow_c": [0.320202,-1], "delbow_c": [0,0], "ddelbow_c": [0,0], "tau_J": [0.227303,-41.4724,4.24532,21.2482,1.11829,-2.38802,0.132954], "tau_J_d": [0,0,0,0,0,0,0], "dtau_J": [-63.897,-118.113,-32.7581,-112.505,-42.5973,-1.08523,-62.5044], "q": [0.229295,0.449123,0.320186,-1.39267,-2.46624,2.83879,0.00405027], "dq": [0.000792689,0.000631923,-0.00143046,0.000562971,0.00189479,-0.00304076,0.00137644], "q_d": [0.229345,0.449038,0.320202,-1.39264,-2.46623,2.8386,0.00406931], "dq_d": [0,0,0,0,0,0,0], "ddq_d": [0,0,0,0,0,0,0], "joint_contact": [0,0,0,0,0,0,0], "cartesian_contact": [0,0,0,0,0,0], "joint_collision": [0,0,0,0,0,0,0], "cartesian_collision": [0,0,0,0,0,0], "tau_ext_hat_filtered": [0.282279,-0.224544,0.166563,-0.555565,0.393484,-1.29271,0.168412], "O_F_ext_hat_K": [-5.47389,0.516548,-2.37933,-0.66542,-2.17799,0.353332], "K_F_ext_hat_K": [2.57141,2.27886,-4.90779,2.1729,-1.26472,0.2096], "O_dP_EE_d": [0,0,0,0,0,0], "O_ddP_O": [0,0,-9.81], "O_T_EE_c": [-0.035954,-0.00829635,-0.999309,0,-0.328847,0.944365,0.00399131,0,0.943698,0.328769,-0.0366826,0,0.711915,0.3964,0.49853,1], "O_dP_EE_c": [0,0,0,0,0,0], "O_ddP_EE_c": [0,0,0,0,0,0], "theta": [0.229311,0.446213,0.320484,-1.39118,-2.46612,2.83853,0.00406505], "dtheta": [0,0,0,0,0,0,0], "current_errors": [], "last_motion_errors": [], "control_command_success_rate": 0, "robot_mode": "User stopped", "time": 12147767}