{"O_T_EE": [-0.0336908,-0.00658497,-0.999401,0,-0.265453,0.96411,0.00259624,0,0.963534,0.265387,-0.0342303,0,0.734364,0.351482,0.498194,1], "O_T_EE_d": [-0.0333929,-0.00647214,-0.999412,0,-0.265491,0.9641,0.00262728,0,0.963534,0.265428,-0.033913,0,0.734269,0.351542,0.498418,1], "F_T_NE": [0.7071,-0.7071,0,0,0.7071,0.7071,0,0,0,0,1,0,0,0,0.1034,1], "NE_T_EE": [1,0,0,0,0,1,0,0,0,0,1,0,0,0,0,1], "F_T_EE": [0.7071,-0.7071,0,0,0.7071,0.7071,0,0,0,0,1,0,0,0,0.1034,1], "EE_T_K": [1,0,0,0,0,1,0,0,0,0,1,0,0,0,0,1], "m_ee": 0.73, "F_x_Cee": [-0.01,0,0.03], "I_ee": [0.001,0,0,0,0.0025,0,0,0,0.0017], "m_load": 0, "F_x_Cload": [0,0,0], "I_load": [0,0,0,0,0,0,0,0,0], "m_total": 0.73, "F_x_Ctotal": [-0.01,0,0.03], "I_total": [0.001,0,0,0,0.0025,0,0,0,0.0017], "elbow": [0.294754,-1], "elbow_d": [0.294866,-1], "elbow_c": [0.294866,-1], "delbow_c": [0,0], "ddelbow_c": [0,0], "tau_J": [0.374093,-41.5478,3.86843,20.788,1.10913,-2.27815,0.174153], "tau_J_d": [0,0,0,0,0,0,0], "dtau_J": [128.679,81.3296,1.8223,-80.0483,-4.01459,29.6057,90.8585], "q": [0.188443,0.443047,0.294754,-1.39805,-2.46593,2.83461,0.0149705], "dq": [-8.43704e-05,-0.000944128,-0.000261197,-0.00210279,-0.00032798,-0.000159805,-0.00291459], "q_d": [0.188465,0.442701,0.294866,-1.39818,-2.46592,2.83448,0.0149969], "dq_d": [0,0,0,0,0,0,0], "ddq_d": [0,0,0,0,0,0,0], "joint_contact": [0,0,0,0,0,0,0], "cartesian_contact": [0,0,0,0,0,0], "joint_collision": [0,0,0,0,0,0,0], "cartesian_collision": [0,0,0,0,0,0], "tau_ext_hat_filtered": [0.318067,-0.196213,0.0623145,-1.01992,0.397198,-1.19958,0.123403], "O_F_ext_hat_K": [-7.35071,0.294553,-2.79378,-0.746715,-2.7759,0.351679], "K_F_ext_hat_K": [3.03788,2.22804,-6.90886,2.44164,-1.23149,0.142568], "O_dP_EE_d": [0,0,0,0,0,0], "O_ddP_O": [0,0,-9.81], "O_T_EE_c": [-0.0333929,-0.00647214,-0.999412,0,-0.265491,0.9641,0.00262728,0,0.963534,0.265428,-0.033913,0,0.734269,0.351542,0.498418,1], "O_dP_EE_c": [0,0,0,0,0,0], "O_ddP_EE_c": [0,0,0,0,0,0], "theta": [0.188469,0.440131,0.295026,-1.39659,-2.46581,2.83436,0.0149899], "dtheta": [0,0,0,0,0,0,0], "current_errors": [], "last_motion_errors": [], "control_command_success_rate": 0, "robot_mode": "User stopped", "time": 12164124}