{"O_T_EE": [-0.0230641,0.0192572,-0.999539,0,0.14487,0.989316,0.0157174,0,0.989182,-0.144444,-0.025608,0,0.813665,0.0102038,0.497989,1], "O_T_EE_d": [-0.02297,0.0192455,-0.999541,0,0.144969,0.989302,0.0157169,0,0.989169,-0.144545,-0.0255148,0,0.813657,0.0102327,0.497996,1], "F_T_NE": [0.7071,-0.7071,0,0,0.7071,0.7071,0,0,0,0,1,0,0,0,0.1034,1], "NE_T_EE": [1,0,0,0,0,1,0,0,0,0,1,0,0,0,0,1], "F_T_EE": [0.7071,-0.7071,0,0,0.7071,0.7071,0,0,0,0,1,0,0,0,0.1034,1], "EE_T_K": [1,0,0,0,0,1,0,0,0,0,1,0,0,0,0,1], "m_ee": 0.73, "F_x_Cee": [-0.01,0,0.03], "I_ee": [0.001,0,0,0,0.0025,0,0,0,0.0017], "m_load": 0, "F_x_Cload": [0,0,0], "I_load": [0,0,0,0,0,0,0,0,0], "m_total": 0.73, "F_x_Ctotal": [-0.01,0,0.03], "I_total": [0.001,0,0,0,0.0025,0,0,0,0.0017], "elbow": [0.612854,-1], "elbow_d": [0.612893,-1], "elbow_c": [0.612893,-1], "delbow_c": [0,0], "ddelbow_c": [0,0], "tau_J": [0.338387,-39.3221,8.14516,20.903,0.752079,-2.3578,0.0816849], "tau_J_d": [0,0,0,0,0,0,0], "dtau_J": [65.8223,70.5943,11.4986,19.4823,-27.5705,25.0153,41.2443], "q": [-0.491627,0.49084,0.612854,-1.42252,-2.51626,2.7818,-0.0683911], "dq": [0.000339658,-0.000977927,-0.000288819,-0.0100364,0.00682191,-0.000726425,-0.00196789], "q_d": [-0.491603,0.490776,0.612893,-1.42265,-2.51623,2.78155,-0.0683775], "dq_d": [0,0,0,0,0,0,0], "ddq_d": [0,0,0,0,0,0,0], "joint_contact": [0,0,0,0,0,0,0], "cartesian_contact": [0,0,0,0,0,0], "joint_collision": [0,0,0,0,0,0,0], "cartesian_collision": [0,0,0,0,0,0], "tau_ext_hat_filtered": [0.232744,-0.522546,0.12534,-0.369041,-0.0343793,-1.38089,0.0352965], "O_F_ext_hat_K": [-4.84771,2.42049,-2.8781,-1.46506,-1.87565,0.293634], "K_F_ext_hat_K": [3.03525,1.64714,-5.07119,1.69511,-1.84465,0.0768473], "O_dP_EE_d": [0,0,0,0,0,0], "O_ddP_O": [0,0,-9.81], "O_T_EE_c": [-0.02297,0.0192455,-0.999541,0,0.144969,0.989302,0.0157169,0,0.989169,-0.144545,-0.0255148,0,0.813657,0.0102327,0.497996,1], "O_dP_EE_c": [0,0,0,0,0,0], "O_ddP_EE_c": [0,0,0,0,0,0], "theta": [-0.491603,0.488081,0.613426,-1.42105,-2.51617,2.78153,-0.068382], "dtheta": [0,0,0,-0.0253039,0,0,0], "current_errors": [], "last_motion_errors": [], "control_command_success_rate": 0, "robot_mode": "User stopped", "time": 12564105}