{"O_T_EE": [-0.0495568,-0.00766255,-0.998732,0,-0.0288384,0.999555,-0.00623792,0,0.998355,0.0284932,-0.0497567,0,0.796936,0.163247,0.497345,1], "O_T_EE_d": [-0.0495401,-0.00758182,-0.998734,0,-0.0287687,0.999557,-0.00616106,0,0.998358,0.0284276,-0.0497373,0,0.796879,0.163185,0.497417,1], "F_T_NE": [0.7071,-0.7071,0,0,0.7071,0.7071,0,0,0,0,1,0,0,0,0.1034,1], "NE_T_EE": [1,0,0,0,0,1,0,0,0,0,1,0,0,0,0,1], "F_T_EE": [0.7071,-0.7071,0,0,0.7071,0.7071,0,0,0,0,1,0,0,0,0.1034,1], "EE_T_K": [1,0,0,0,0,1,0,0,0,0,1,0,0,0,0,1], "m_ee": 0.73, "F_x_Cee": [-0.01,0,0.03], "I_ee": [0.001,0,0,0,0.0025,0,0,0,0.0017], "m_load": 0, "F_x_Cload": [0,0,0], "I_load": [0,0,0,0,0,0,0,0,0], "m_total": 0.73, "F_x_Ctotal": [-0.01,0,0.03], "I_total": [0.001,0,0,0,0.0025,0,0,0,0.0017], "elbow": [-0.270026,-1], "elbow_d": [-0.270054,-1], "elbow_c": [-0.270054,-1], "delbow_c": [0,0], "ddelbow_c": [0,0], "tau_J": [0.338387,-42.492,-2.61808,20.2484,0.687992,-1.96779,0.132954], "tau_J_d": [0,0,0,0,0,0,0], "dtau_J": [-128.129,-26.5387,-101.466,-74.5066,31.0992,-33.1566,73.0809], "q": [0.385069,0.454887,-0.270026,-1.3356,-2.4977,2.96433,0.266458], "dq": [0.00091695,0.000696561,-6.55165e-05,0.00134377,-1.46198e-05,0.000236313,-0.00117963], "q_d": [0.385066,0.454601,-0.270054,-1.33587,-2.4977,2.96432,0.266473], "dq_d": [0,0,0,0,0,0,0], "ddq_d": [0,0,0,0,0,0,0], "joint_contact": [0,0,0,0,0,0,0], "cartesian_contact": [0,0,0,0,0,0], "joint_collision": [0,0,0,0,0,0,0], "cartesian_collision": [0,0,0,0,0,0], "tau_ext_hat_filtered": [0.409018,-0.461614,0.304023,-1.40192,0.3442,-0.638302,0.100546], "O_F_ext_hat_K": [-11.1236,0.885353,-3.50909,-0.859882,-4.41076,0.538115], "K_F_ext_hat_K": [4.04919,1.22766,-10.9055,1.98608,-1.66647,0.203998], "O_dP_EE_d": [0,0,0,0,0,0], "O_ddP_O": [0,0,-9.81], "O_T_EE_c": [-0.0495401,-0.00758182,-0.998734,0,-0.0287687,0.999557,-0.00616106,0,0.998358,0.0284276,-0.0497373,0,0.796879,0.163185,0.497417,1], "O_dP_EE_c": [0,0,0,0,0,0], "O_ddP_EE_c": [0,0,0,0,0,0], "theta": [0.385093,0.451904,-0.270211,-1.33418,-2.49763,2.96412,0.266472], "dtheta": [0,0,0,0,0,0,0], "current_errors": [], "last_motion_errors": [], "control_command_success_rate": 0, "robot_mode": "User stopped", "time": 12390319}