{"O_T_EE": [-0.029764,0.0281336,-0.999151,0,0.0768313,0.996701,0.0257759,0,0.9966,-0.0760003,-0.031828,0,0.810898,0.0600322,0.498015,1], "O_T_EE_d": [-0.0295324,0.027994,-0.999162,0,0.0768978,0.996699,0.0256521,0,0.996601,-0.0760773,-0.0315882,0,0.810843,0.0600231,0.498192,1], "F_T_NE": [0.7071,-0.7071,0,0,0.7071,0.7071,0,0,0,0,1,0,0,0,0.1034,1], "NE_T_EE": [1,0,0,0,0,1,0,0,0,0,1,0,0,0,0,1], "F_T_EE": [0.7071,-0.7071,0,0,0.7071,0.7071,0,0,0,0,1,0,0,0,0.1034,1], "EE_T_K": [1,0,0,0,0,1,0,0,0,0,1,0,0,0,0,1], "m_ee": 0.73, "F_x_Cee": [-0.01,0,0.03], "I_ee": [0.001,0,0,0,0.0025,0,0,0,0.0017], "m_load": 0, "F_x_Cload": [0,0,0], "I_load": [0,0,0,0,0,0,0,0,0], "m_total": 0.73, "F_x_Ctotal": [-0.01,0,0.03], "I_total": [0.001,0,0,0,0.0025,0,0,0,0.0017], "elbow": [0.631956,-1], "elbow_d": [0.631969,-1], "elbow_c": [0.631969,-1], "delbow_c": [0,0], "ddelbow_c": [0,0], "tau_J": [0.112252,-39.4015,8.3713,20.173,0.916874,-1.85701,0.0111892], "tau_J_d": [0,0,0,0,0,0,0], "dtau_J": [-40.2618,-14.5563,-198.218,-37.326,35.6577,-8.14806,65.1462], "q": [-0.446896,0.495266,0.631956,-1.42104,-2.51529,2.79176,-0.0697542], "dq": [0.000775366,0.000457257,0.00142454,0.000640398,-0.000502919,0.000132373,-0.00156048], "q_d": [-0.446957,0.494928,0.631969,-1.42116,-2.51528,2.79169,-0.0697515], "dq_d": [0,0,0,0,0,0,0], "ddq_d": [0,0,0,0,0,0,0], "joint_contact": [0,0,0,0,0,0,0], "cartesian_contact": [0,0,0,0,0,0], "joint_collision": [0,0,0,0,0,0,0], "cartesian_collision": [0,0,0,0,0,0], "tau_ext_hat_filtered": [0.340866,-0.703824,0.303699,-1.05446,0.0871559,-0.878654,-0.00406375], "O_F_ext_hat_K": [-8.23246,2.1328,-2.63086,-1.32802,-3.25214,0.413959], "K_F_ext_hat_K": [2.93372,1.42546,-8.28282,1.77525,-1.33642,0.0477524], "O_dP_EE_d": [0,0,0,0,0,0], "O_ddP_O": [0,0,-9.81], "O_T_EE_c": [-0.0295324,0.027994,-0.999162,0,0.0768978,0.996699,0.0256521,0,0.996601,-0.0760773,-0.0315882,0,0.810843,0.0600231,0.498192,1], "O_dP_EE_c": [0,0,0,0,0,0], "O_ddP_EE_c": [0,0,0,0,0,0], "theta": [-0.446887,0.492501,0.632543,-1.41962,-2.51519,2.79156,-0.069753], "dtheta": [0,0,0,0,0,0,0], "current_errors": [], "last_motion_errors": [], "control_command_success_rate": 0, "robot_mode": "User stopped", "time": 12583305}