{"O_T_EE": [-0.0260714,0.0184359,-0.99948,0,0.2604,0.965428,0.0110153,0,0.965148,-0.259982,-0.0299714,0,0.809432,-0.0901072,0.497783,1], "O_T_EE_d": [-0.0258881,0.018425,-0.999485,0,0.260555,0.965386,0.0110477,0,0.965111,-0.26014,-0.0297933,0,0.80943,-0.0901513,0.497862,1], "F_T_NE": [0.7071,-0.7071,0,0,0.7071,0.7071,0,0,0,0,1,0,0,0,0.1034,1], "NE_T_EE": [1,0,0,0,0,1,0,0,0,0,1,0,0,0,0,1], "F_T_EE": [0.7071,-0.7071,0,0,0.7071,0.7071,0,0,0,0,1,0,0,0,0.1034,1], "EE_T_K": [1,0,0,0,0,1,0,0,0,0,1,0,0,0,0,1], "m_ee": 0.73, "F_x_Cee": [-0.01,0,0.03], "I_ee": [0.001,0,0,0,0.0025,0,0,0,0.0017], "m_load": 0, "F_x_Cload": [0,0,0], "I_load": [0,0,0,0,0,0,0,0,0], "m_total": 0.73, "F_x_Ctotal": [-0.01,0,0.03], "I_total": [0.001,0,0,0,0.0025,0,0,0,0.0017], "elbow": [0.631441,-1], "elbow_d": [0.631443,-1], "elbow_c": [0.631443,-1], "delbow_c": [0,0], "ddelbow_c": [0,0], "tau_J": [0.151925,-39.211,8.51809,20.7483,1.0542,-2.26808,0.174153], "tau_J_d": [0,0,0,0,0,0,0], "dtau_J": [-173.145,-90.0916,140.448,35.8879,-15.1541,-19.1919,30.8731], "q": [-0.629122,0.499704,0.631441,-1.41677,-2.51406,2.78797,-0.0877822], "dq": [0.00196813,0.000254113,-0.000814532,-0.00162832,-0.00276552,1.08304e-05,-0.000701255], "q_d": [-0.629145,0.499637,0.631443,-1.41676,-2.51403,2.7878,-0.0877469], "dq_d": [0,0,0,0,0,0,0], "ddq_d": [0,0,0,0,0,0,0], "joint_contact": [0,0,0,0,0,0,0], "cartesian_contact": [0,0,0,0,0,0], "joint_collision": [0,0,0,0,0,0,0], "cartesian_collision": [0,0,0,0,0,0], "tau_ext_hat_filtered": [0.224491,-0.447366,0.224397,-0.471652,0.236711,-1.28509,0.179279], "O_F_ext_hat_K": [-4.75358,3.25893,-2.52307,-1.60649,-1.78772,0.301066], "K_F_ext_hat_K": [2.70583,1.88067,-5.35955,1.88604,-1.48932,0.233517], "O_dP_EE_d": [0,0,0,0,0,0], "O_ddP_O": [0,0,-9.81], "O_T_EE_c": [-0.0258881,0.018425,-0.999485,0,0.260555,0.965386,0.0110477,0,0.965111,-0.26014,-0.0297933,0,0.80943,-0.0901513,0.497862,1], "O_dP_EE_c": [0,0,0,0,0,0], "O_ddP_EE_c": [0,0,0,0,0,0], "theta": [-0.629111,0.496952,0.632038,-1.41532,-2.51394,2.78772,-0.0877629], "dtheta": [0,0,0,0,0,0,0], "current_errors": [], "last_motion_errors": [], "control_command_success_rate": 0, "robot_mode": "User stopped", "time": 12612176}