{"O_T_EE": [-0.00979805,0.0285276,-0.999535,0,0.631251,0.775402,0.0159428,0,0.775512,-0.630814,-0.025606,0,0.700389,-0.422831,0.497312,1], "O_T_EE_d": [-0.00952919,0.0281071,-0.99955,0,0.6315,0.775203,0.0157781,0,0.775313,-0.631077,-0.0251372,0,0.700292,-0.422908,0.497608,1], "F_T_NE": [0.7071,-0.7071,0,0,0.7071,0.7071,0,0,0,0,1,0,0,0,0.1034,1], "NE_T_EE": [1,0,0,0,0,1,0,0,0,0,1,0,0,0,0,1], "F_T_EE": [0.7071,-0.7071,0,0,0.7071,0.7071,0,0,0,0,1,0,0,0,0.1034,1], "EE_T_K": [1,0,0,0,0,1,0,0,0,0,1,0,0,0,0,1], "m_ee": 0.73, "F_x_Cee": [-0.01,0,0.03], "I_ee": [0.001,0,0,0,0.0025,0,0,0,0.0017], "m_load": 0, "F_x_Cload": [0,0,0], "I_load": [0,0,0,0,0,0,0,0,0], "m_total": 0.73, "F_x_Ctotal": [-0.01,0,0.03], "I_total": [0.001,0,0,0,0.0025,0,0,0,0.0017], "elbow": [0.871024,-1], "elbow_d": [0.871065,-1], "elbow_c": [0.871065,-1], "delbow_c": [0,0], "ddelbow_c": [0,0], "tau_J": [0.0368734,-37.6281,12.4179,19.5621,0.953495,-2.08772,0.0414016], "tau_J_d": [0,0,0,0,0,0,0], "dtau_J": [76.6986,-18.1045,-37.2391,-144.736,-1.76605,-9.86814,4.19906], "q": [-1.22556,0.591766,0.871024,-1.41991,-2.5375,2.7402,-0.211296], "dq": [0.000483725,0.000198815,-0.00214892,0.00105394,0.000142205,0.000272744,0.000461231], "q_d": [-1.22574,0.591346,0.871065,-1.41992,-2.53748,2.73998,-0.211273], "dq_d": [0,0,0,0,0,0,0], "ddq_d": [0,0,0,0,0,0,0], "joint_contact": [0,0,0,0,0,0,0], "cartesian_contact": [0,0,0,0,0,0], "joint_collision": [0,0,0,0,0,0,0], "cartesian_collision": [0,0,0,0,0,0], "tau_ext_hat_filtered": [0.105182,-0.626254,0.161474,-0.508312,0.0292032,-1.26266,0.0721344], "O_F_ext_hat_K": [-3.84189,5.25569,-2.46511,-2.42542,-1.37112,0.170251], "K_F_ext_hat_K": [2.6516,1.6108,-6.23167,1.85995,-1.4897,0.134797], "O_dP_EE_d": [0,0,0,0,0,0], "O_ddP_O": [0,0,-9.81], "O_T_EE_c": [-0.00952919,0.0281071,-0.99955,0,0.6315,0.775203,0.0157781,0,0.775313,-0.631077,-0.0251372,0,0.700292,-0.422908,0.497608,1], "O_dP_EE_c": [0,0,0,0,0,0], "O_ddP_EE_c": [0,0,0,0,0,0], "theta": [-1.22556,0.589125,0.871896,-1.41854,-2.53739,2.73996,-0.211291], "dtheta": [0,0,0,0,0,0,0], "current_errors": [], "last_motion_errors": [], "control_command_success_rate": 0, "robot_mode": "User stopped", "time": 12850158}