{"O_T_EE": [-0.00791227,0.0386248,-0.999213,0,0.577799,0.815722,0.0269566,0,0.816137,-0.577142,-0.0287721,0,0.723933,-0.378979,0.497906,1], "O_T_EE_d": [-0.00772538,0.0382623,-0.999228,0,0.578066,0.815539,0.0267593,0,0.815949,-0.577425,-0.0284191,0,0.723837,-0.379091,0.498118,1], "F_T_NE": [0.7071,-0.7071,0,0,0.7071,0.7071,0,0,0,0,1,0,0,0,0.1034,1], "NE_T_EE": [1,0,0,0,0,1,0,0,0,0,1,0,0,0,0,1], "F_T_EE": [0.7071,-0.7071,0,0,0.7071,0.7071,0,0,0,0,1,0,0,0,0.1034,1], "EE_T_K": [1,0,0,0,0,1,0,0,0,0,1,0,0,0,0,1], "m_ee": 0.73, "F_x_Cee": [-0.01,0,0.03], "I_ee": [0.001,0,0,0,0.0025,0,0,0,0.0017], "m_load": 0, "F_x_Cload": [0,0,0], "I_load": [0,0,0,0,0,0,0,0,0], "m_total": 0.73, "F_x_Ctotal": [-0.01,0,0.03], "I_total": [0.001,0,0,0,0.0025,0,0,0,0.0017], "elbow": [0.89673,-1], "elbow_d": [0.896727,-1], "elbow_c": [0.896727,-1], "delbow_c": [0,0], "ddelbow_c": [0,0], "tau_J": [-0.0345378,-37.6638,12.7948,19.4827,0.916874,-1.99709,0.0111892], "tau_J_d": [0,0,0,0,0,0,0], "dtau_J": [-131.304,148.825,-40.7752,116.893,-8.53119,15.2723,42.6093], "q": [-1.18437,0.599854,0.89673,-1.42254,-2.53842,2.74385,-0.215487], "dq": [0.00151164,-0.000846,0.000216277,-0.00137482,-0.00509435,-0.000135133,-0.00172348], "q_d": [-1.18456,0.599516,0.896727,-1.42257,-2.53842,2.74366,-0.21549], "dq_d": [0,0,0,0,0,0,0], "ddq_d": [0,0,0,0,0,0,0], "joint_contact": [0,0,0,0,0,0,0], "cartesian_contact": [0,0,0,0,0,0], "joint_collision": [0,0,0,0,0,0,0], "cartesian_collision": [0,0,0,0,0,0], "tau_ext_hat_filtered": [0.00159944,-0.976769,0.0750906,-0.532454,-0.0308833,-1.21403,-0.00426769], "O_F_ext_hat_K": [-5.35683,5.56793,-2.14709,-2.76256,-2.18588,0.0250636], "K_F_ext_hat_K": [2.40289,1.38886,-7.52362,1.939,-1.39318,0.0200005], "O_dP_EE_d": [0,0,0,0,0,0], "O_ddP_O": [0,0,-9.81], "O_T_EE_c": [-0.00772538,0.0382623,-0.999228,0,0.578066,0.815539,0.0267593,0,0.815949,-0.577425,-0.0284191,0,0.723837,-0.379091,0.498118,1], "O_dP_EE_c": [0,0,0,0,0,0], "O_ddP_EE_c": [0,0,0,0,0,0], "theta": [-1.18437,0.597211,0.897628,-1.42117,-2.53832,2.74363,-0.215486], "dtheta": [0,0,0,0,0,0,0], "current_errors": [], "last_motion_errors": [], "control_command_success_rate": 0, "robot_mode": "User stopped", "time": 12871238}