{"O_T_EE": [-0.0419357,0.0442882,-0.998129,0,0.755014,0.655688,-0.00262769,0,0.654358,-0.753726,-0.0609361,0,0.61463,-0.544776,0.497673,1], "O_T_EE_d": [-0.0420466,0.0439698,-0.998138,0,0.755209,0.655462,-0.00293893,0,0.654125,-0.753941,-0.0607676,0,0.614443,-0.544879,0.497816,1], "F_T_NE": [0.7071,-0.7071,0,0,0.7071,0.7071,0,0,0,0,1,0,0,0,0.1034,1], "NE_T_EE": [1,0,0,0,0,1,0,0,0,0,1,0,0,0,0,1], "F_T_EE": [0.7071,-0.7071,0,0,0.7071,0.7071,0,0,0,0,1,0,0,0,0.1034,1], "EE_T_K": [1,0,0,0,0,1,0,0,0,0,1,0,0,0,0,1], "m_ee": 0.73, "F_x_Cee": [-0.01,0,0.03], "I_ee": [0.001,0,0,0,0.0025,0,0,0,0.0017], "m_load": 0, "F_x_Cload": [0,0,0], "I_load": [0,0,0,0,0,0,0,0,0], "m_total": 0.73, "F_x_Ctotal": [-0.01,0,0.03], "I_total": [0.001,0,0,0,0.0025,0,0,0,0.0017], "elbow": [0.61617,-1], "elbow_d": [0.615948,-1], "elbow_c": [0.615948,-1], "delbow_c": [0,0], "ddelbow_c": [0,0], "tau_J": [0.263009,-40.2306,8.70852,19.5224,0.953495,-1.56679,0.071614], "tau_J_d": [0,0,0,0,0,0,0], "dtau_J": [108.298,-20.7673,16.2781,-29.7245,-2.11548,-16.5823,-44.8232], "q": [-1.22977,0.5343,0.61617,-1.35796,-2.45681,2.84884,-0.17353], "dq": [-0.000797638,0.000496761,0.000944681,0.000397922,-8.28275e-05,0.000240025,0.000561737], "q_d": [-1.22993,0.533864,0.615948,-1.35818,-2.45681,2.84882,-0.173538], "dq_d": [0,0,0,0,0,0,0], "ddq_d": [0,0,0,0,0,0,0], "joint_contact": [0,0,0,0,0,0,0], "cartesian_contact": [0,0,0,0,0,0], "joint_collision": [0,0,0,0,0,0,0], "cartesian_collision": [0,0,0,0,0,0], "tau_ext_hat_filtered": [0.165349,-0.274635,0.158816,-1.52936,-0.0892931,-0.750859,0.100292], "O_F_ext_hat_K": [-6.1118,8.37277,-4.22784,-3.22133,-1.73636,0.268567], "K_F_ext_hat_K": [4.84714,0.886555,-10.0524,1.5448,-1.86909,0.180692], "O_dP_EE_d": [0,0,0,0,0,0], "O_ddP_O": [0,0,-9.81], "O_T_EE_c": [-0.0420466,0.0439698,-0.998138,0,0.755209,0.655462,-0.00293893,0,0.654125,-0.753941,-0.0607676,0,0.614443,-0.544879,0.497816,1], "O_dP_EE_c": [0,0,0,0,0,0], "O_ddP_EE_c": [0,0,0,0,0,0], "theta": [-1.22975,0.531476,0.616782,-1.35659,-2.4567,2.84866,-0.173522], "dtheta": [0,0,0,0,0,0,0], "current_errors": [], "last_motion_errors": ["cartesian_reflex"], "control_command_success_rate": 0, "robot_mode": "User stopped", "time": 16761389}