{"O_T_EE": [-0.00345461,0.0237848,-0.999702,0,0.84781,0.530193,0.00968457,0,0.530275,-0.84754,-0.021997,0,0.542685,-0.618381,0.495493,1], "O_T_EE_d": [-0.00330569,0.0234066,-0.999711,0,0.848046,0.529817,0.00960063,0,0.529899,-0.847786,-0.0216017,0,0.542472,-0.618547,0.49571,1], "F_T_NE": [0.7071,-0.7071,0,0,0.7071,0.7071,0,0,0,0,1,0,0,0,0.1034,1], "NE_T_EE": [1,0,0,0,0,1,0,0,0,0,1,0,0,0,0,1], "F_T_EE": [0.7071,-0.7071,0,0,0.7071,0.7071,0,0,0,0,1,0,0,0,0.1034,1], "EE_T_K": [1,0,0,0,0,1,0,0,0,0,1,0,0,0,0,1], "m_ee": 0.73, "F_x_Cee": [-0.01,0,0.03], "I_ee": [0.001,0,0,0,0.0025,0,0,0,0.0017], "m_load": 0, "F_x_Cload": [0,0,0], "I_load": [0,0,0,0,0,0,0,0,0], "m_total": 0.73, "F_x_Ctotal": [-0.01,0,0.03], "I_total": [0.001,0,0,0,0.0025,0,0,0,0.0017], "elbow": [0.250762,-1], "elbow_d": [0.250535,-1], "elbow_c": [0.250535,-1], "delbow_c": [0,0], "ddelbow_c": [0,0], "tau_J": [0.298714,-43.2061,3.64626,21.514,0.94434,-2.54823,0.194295], "tau_J_d": [0,0,0,0,0,0,0], "dtau_J": [51.2668,-109.707,14.6899,138.576,11.1189,-10.5102,71.7594], "q": [-1.06941,0.474185,0.250762,-1.34962,-2.51682,2.85206,0.0788873], "dq": [-0.00602918,-0.000831568,0.000471157,-0.000669738,-8.04103e-05,0.000275897,-0.00156713], "q_d": [-1.06953,0.473957,0.250535,-1.34958,-2.5168,2.85188,0.0789038], "dq_d": [0,0,0,0,0,0,0], "ddq_d": [0,0,0,0,0,0,0], "joint_contact": [0,0,0,0,0,0,0], "cartesian_contact": [0,0,0,0,0,0], "joint_collision": [0,0,0,0,0,0,0], "cartesian_collision": [0,0,0,0,0,0], "tau_ext_hat_filtered": [0.327394,-0.688813,0.210107,-0.448424,0.317215,-1.34503,0.156942], "O_F_ext_hat_K": [-2.03616,6.89365,-2.63955,-3.13276,-0.597731,0.388484], "K_F_ext_hat_K": [2.80982,1.90316,-6.86431,2.07324,-1.70576,0.196145], "O_dP_EE_d": [0,0,0,0,0,0], "O_ddP_O": [0,0,-9.81], "O_T_EE_c": [-0.00330569,0.0234066,-0.999711,0,0.848046,0.529817,0.00960063,0,0.529899,-0.847786,-0.0216017,0,0.542472,-0.618547,0.49571,1], "O_dP_EE_c": [0,0,0,0,0,0], "O_ddP_EE_c": [0,0,0,0,0,0], "theta": [-1.06939,0.471153,0.251017,-1.34811,-2.51671,2.85178,0.0789089], "dtheta": [0,0,0,0,0,0,0], "current_errors": [], "last_motion_errors": [], "control_command_success_rate": 0, "robot_mode": "User stopped", "time": 13152609}