{"O_T_EE": [0.00711378,0.0253644,-0.999643,0,0.900384,0.434724,0.0174379,0,0.43502,-0.900204,-0.0197456,0,0.461598,-0.680235,0.508615,1], "O_T_EE_d": [0.00717175,0.025049,-0.999651,0,0.900599,0.434282,0.0173432,0,0.434573,-0.900427,-0.0194449,0,0.461428,-0.680377,0.508743,1], "F_T_NE": [0.7071,-0.7071,0,0,0.7071,0.7071,0,0,0,0,1,0,0,0,0.1034,1], "NE_T_EE": [1,0,0,0,0,1,0,0,0,0,1,0,0,0,0,1], "F_T_EE": [0.7071,-0.7071,0,0,0.7071,0.7071,0,0,0,0,1,0,0,0,0.1034,1], "EE_T_K": [1,0,0,0,0,1,0,0,0,0,1,0,0,0,0,1], "m_ee": 0.73, "F_x_Cee": [-0.01,0,0.03], "I_ee": [0.001,0,0,0,0.0025,0,0,0,0.0017], "m_load": 0, "F_x_Cload": [0,0,0], "I_load": [0,0,0,0,0,0,0,0,0], "m_total": 0.73, "F_x_Ctotal": [-0.01,0,0.03], "I_total": [0.001,0,0,0,0.0025,0,0,0,0.0017], "elbow": [-2.21978,-1], "elbow_d": [-2.21988,-1], "elbow_c": [-2.21988,-1], "delbow_c": [0,0], "ddelbow_c": [0,0], "tau_J": [0.112252,37.7344,13.62,19.1772,1.03589,-2.13808,0.0111892], "tau_J_d": [0,0,0,0,0,0,0], "dtau_J": [25.4822,69.7609,-68.3525,-116.792,-49.8388,0.629279,-86.5876], "q": [1.46239,-0.62216,-2.21978,-1.39394,-2.50519,2.72985,-0.285437], "dq": [0.000232733,-0.000129559,0.000647446,0.00117674,0.00137072,-0.000196598,0.00240678], "q_d": [1.46229,-0.622057,-2.21988,-1.39381,-2.5052,2.72955,-0.285447], "dq_d": [0,0,0,0,0,0,0], "ddq_d": [0,0,0,0,0,0,0], "joint_contact": [0,0,0,0,0,0,0], "cartesian_contact": [0,0,0,0,0,0], "joint_collision": [0,0,0,0,0,0,0], "cartesian_collision": [0,0,0,0,0,0], "tau_ext_hat_filtered": [0.127369,0.64325,0.296347,-0.503264,0.0435596,-1.42512,0.0637389], "O_F_ext_hat_K": [-1.07612,6.75916,-2.53413,-2.95517,-0.131253,0.242796], "K_F_ext_hat_K": [2.69707,1.92529,-6.50272,2.11652,-1.48267,0.180884], "O_dP_EE_d": [0,0,0,0,0,0], "O_ddP_O": [0,0,-9.81], "O_T_EE_c": [0.00717175,0.025049,-0.999651,0,0.900599,0.434282,0.0173432,0,0.434573,-0.900427,-0.0194449,0,0.461428,-0.680377,0.508743,1], "O_dP_EE_c": [0,0,0,0,0,0], "O_ddP_EE_c": [0,0,0,0,0,0], "theta": [1.4624,-0.619511,-2.21883,-1.39259,-2.50508,2.72961,-0.285435], "dtheta": [0,0,0,0,0,0,0], "current_errors": [], "last_motion_errors": [], "control_command_success_rate": 0, "robot_mode": "User stopped", "time": 13372998}