{"O_T_EE": [-0.00323397,0.0262675,-0.99964,0,0.991425,0.130603,0.000224451,0,0.130564,-0.991087,-0.0264651,0,0.241105,-0.791787,0.494144,1], "O_T_EE_d": [-0.00330937,0.0261463,-0.999643,0,0.991481,0.130179,0.000122557,0,0.130138,-0.991146,-0.0263549,0,0.240788,-0.791831,0.49424,1], "F_T_NE": [0.7071,-0.7071,0,0,0.7071,0.7071,0,0,0,0,1,0,0,0,0.1034,1], "NE_T_EE": [1,0,0,0,0,1,0,0,0,0,1,0,0,0,0,1], "F_T_EE": [0.7071,-0.7071,0,0,0.7071,0.7071,0,0,0,0,1,0,0,0,0.1034,1], "EE_T_K": [1,0,0,0,0,1,0,0,0,0,1,0,0,0,0,1], "m_ee": 0.73, "F_x_Cee": [-0.01,0,0.03], "I_ee": [0.001,0,0,0,0.0025,0,0,0,0.0017], "m_load": 0, "F_x_Cload": [0,0,0], "I_load": [0,0,0,0,0,0,0,0,0], "m_total": 0.73, "F_x_Ctotal": [-0.01,0,0.03], "I_total": [0.001,0,0,0,0.0025,0,0,0,0.0017], "elbow": [0.0033576,-1], "elbow_d": [0.00308716,-1], "elbow_c": [0.00308716,-1], "delbow_c": [0,0], "ddelbow_c": [0,0], "tau_J": [-0.0345378,-43.6584,0.381183,20.2881,0.825321,-2.07765,0.0926712], "tau_J_d": [0,0,0,0,0,0,0], "dtau_J": [-167.948,-32.1181,-26.9358,-42.87,19.7202,6.14002,-6.07452], "q": [-1.30412,0.48849,0.0033576,-1.2991,-2.50598,2.90665,0.165364], "dq": [0.00146865,-0.000169275,0.000340259,0.000560546,-0.00020066,-3.89061e-05,-0.000245743], "q_d": [-1.30429,0.488245,0.00308716,-1.29929,-2.50597,2.90661,0.16537], "dq_d": [0,0,0,0,0,0,0], "ddq_d": [0,0,0,0,0,0,0], "joint_contact": [0,0,0,0,0,0,0], "cartesian_contact": [0,0,0,0,0,0], "joint_collision": [0,0,0,0,0,0,0], "cartesian_collision": [0,0,0,0,0,0], "tau_ext_hat_filtered": [-0.0855085,0.0369035,-0.0502719,-1.64849,0.311549,-0.803087,0.102724], "O_F_ext_hat_K": [-0.5311,10.5567,-4.02336,-3.62099,0.358917,0.0418335], "K_F_ext_hat_K": [4.30101,0.851308,-10.4255,2.07818,-1.62259,0.193105], "O_dP_EE_d": [0,0,0,0,0,0], "O_ddP_O": [0,0,-9.81], "O_T_EE_c": [-0.00330937,0.0261463,-0.999643,0,0.991481,0.130179,0.000122557,0,0.130138,-0.991146,-0.0263549,0,0.240788,-0.791831,0.49424,1], "O_dP_EE_c": [0,0,0,0,0,0], "O_ddP_EE_c": [0,0,0,0,0,0], "theta": [-1.30413,0.485425,0.00338435,-1.29768,-2.50589,2.90641,0.165373], "dtheta": [0,0,0,0,0,0,0], "current_errors": [], "last_motion_errors": [], "control_command_success_rate": 0, "robot_mode": "User stopped", "time": 13657484}