{"O_T_EE": [0.00140126,0.023935,-0.999703,0,0.997591,0.0691696,0.00305436,0,0.0692235,-0.997318,-0.0237809,0,0.192792,-0.806444,0.494207,1], "O_T_EE_d": [0.00144717,0.0236633,-0.999709,0,0.997626,0.0686546,0.00306922,0,0.0687086,-0.99736,-0.0235082,0,0.192492,-0.806521,0.494289,1], "F_T_NE": [0.7071,-0.7071,0,0,0.7071,0.7071,0,0,0,0,1,0,0,0,0.1034,1], "NE_T_EE": [1,0,0,0,0,1,0,0,0,0,1,0,0,0,0,1], "F_T_EE": [0.7071,-0.7071,0,0,0.7071,0.7071,0,0,0,0,1,0,0,0,0.1034,1], "EE_T_K": [1,0,0,0,0,1,0,0,0,0,1,0,0,0,0,1], "m_ee": 0.73, "F_x_Cee": [-0.01,0,0.03], "I_ee": [0.001,0,0,0,0.0025,0,0,0,0.0017], "m_load": 0, "F_x_Cload": [0,0,0], "I_load": [0,0,0,0,0,0,0,0,0], "m_total": 0.73, "F_x_Ctotal": [-0.01,0,0.03], "I_total": [0.001,0,0,0,0.0025,0,0,0,0.0017], "elbow": [-0.00511635,-1], "elbow_d": [-0.00526808,-1], "elbow_c": [-0.00526808,-1], "delbow_c": [0,0], "ddelbow_c": [0,0], "tau_J": [-0.447135,-44.0353,-0.217877,21.2085,0.843632,-2.81923,0.174153], "tau_J_d": [0,0,0,0,0,0,0], "dtau_J": [-63.8366,51.0797,-185.988,-29.0937,3.63992,-28.3311,49.6456], "q": [-1.35834,0.493919,-0.00511635,-1.2914,-2.50598,2.90679,0.171844], "dq": [0.000640166,-0.000388679,0.00160918,0.000262985,-0.000224471,9.81663e-05,-0.00164699], "q_d": [-1.35855,0.493847,-0.00526808,-1.29145,-2.50596,2.9065,0.171907], "dq_d": [0,0,0,0,0,0,0], "ddq_d": [0,0,0,0,0,0,0], "joint_contact": [0,0,0,0,0,0,0], "cartesian_contact": [0,0,0,0,0,0], "joint_collision": [0,0,0,0,0,0,0], "cartesian_collision": [0,0,0,0,0,0], "tau_ext_hat_filtered": [-0.409182,-0.193159,-0.438623,-0.759763,0.345943,-1.52642,0.141926], "O_F_ext_hat_K": [0.696067,7.49993,-3.51127,-2.80324,0.739458,-0.324526], "K_F_ext_hat_K": [3.69078,1.20246,-7.34812,2.32169,-1.95042,0.202699], "O_dP_EE_d": [0,0,0,0,0,0], "O_ddP_O": [0,0,-9.81], "O_T_EE_c": [0.00144717,0.0236633,-0.999709,0,0.997626,0.0686546,0.00306922,0,0.0687086,-0.99736,-0.0235082,0,0.192492,-0.806521,0.494289,1], "O_dP_EE_c": [0,0,0,0,0,0], "O_ddP_EE_c": [0,0,0,0,0,0], "theta": [-1.35837,0.490829,-0.00513244,-1.28991,-2.50589,2.90648,0.171863], "dtheta": [0,0,0,0,0,0,0], "current_errors": [], "last_motion_errors": [], "control_command_success_rate": 0, "robot_mode": "User stopped", "time": 13631353}