{"O_T_EE": [0.0137812,0.0112442,-0.999832,0,0.970896,0.238923,0.0160693,0,0.239068,-0.970973,-0.00762445,0,0.331351,-0.7538,0.508179,1], "O_T_EE_d": [0.0137821,0.0110841,-0.999834,0,0.97098,0.238581,0.0160293,0,0.238724,-0.971059,-0.00747442,0,0.331179,-0.753854,0.508253,1], "F_T_NE": [0.7071,-0.7071,0,0,0.7071,0.7071,0,0,0,0,1,0,0,0,0.1034,1], "NE_T_EE": [1,0,0,0,0,1,0,0,0,0,1,0,0,0,0,1], "F_T_EE": [0.7071,-0.7071,0,0,0.7071,0.7071,0,0,0,0,1,0,0,0,0.1034,1], "EE_T_K": [1,0,0,0,0,1,0,0,0,0,1,0,0,0,0,1], "m_ee": 0.73, "F_x_Cee": [-0.01,0,0.03], "I_ee": [0.001,0,0,0,0.0025,0,0,0,0.0017], "m_load": 0, "F_x_Cload": [0,0,0], "I_load": [0,0,0,0,0,0,0,0,0], "m_total": 0.73, "F_x_Ctotal": [-0.01,0,0.03], "I_total": [0.001,0,0,0,0.0025,0,0,0,0.0017], "elbow": [-2.27792,-1], "elbow_d": [-2.27791,-1], "elbow_c": [-2.27791,-1], "delbow_c": [0,0], "ddelbow_c": [0,0], "tau_J": [-0.149589,38.5279,12.5687,19.3677,1.23731,-2.0273,0.214436], "tau_J_d": [0,0,0,0,0,0,0], "dtau_J": [48.0604,-58.3647,-65.9919,53.5421,-17.2211,11.229,104.661], "q": [1.32394,-0.596447,-2.27792,-1.3977,-2.49829,2.70439,-0.250202], "dq": [-0.000623914,0.00097563,-0.00630536,-0.00184015,-0.000670285,-0.000813636,-0.00318453], "q_d": [1.32372,-0.596283,-2.27791,-1.39779,-2.49827,2.7042,-0.250163], "dq_d": [0,0,0,0,0,0,0], "ddq_d": [0,0,0,0,0,0,0], "joint_contact": [0,0,0,0,0,0,0], "cartesian_contact": [0,0,0,0,0,0], "joint_collision": [0,0,0,0,0,0,0], "cartesian_collision": [0,0,0,0,0,0], "tau_ext_hat_filtered": [-0.225385,0.986201,0.224041,-0.7874,0.309799,-1.24139,0.154888], "O_F_ext_hat_K": [-1.54601,9.91519,-2.12494,-4.39166,-0.550403,-0.124622], "K_F_ext_hat_K": [2.21481,0.833825,-9.98078,2.22586,-1.07517,0.244109], "O_dP_EE_d": [0,0,0,0,0,0], "O_ddP_O": [0,0,-9.81], "O_T_EE_c": [0.0137821,0.0110841,-0.999834,0,0.97098,0.238581,0.0160293,0,0.238724,-0.971059,-0.00747442,0,0.331179,-0.753854,0.508253,1], "O_dP_EE_c": [0,0,0,0,0,0], "O_ddP_EE_c": [0,0,0,0,0,0], "theta": [1.32393,-0.593743,-2.27703,-1.39634,-2.49815,2.70417,-0.250178], "dtheta": [0,0,-0.0253238,0,0,0,0], "current_errors": [], "last_motion_errors": [], "control_command_success_rate": 0, "robot_mode": "User stopped", "time": 13402440}