{"O_T_EE": [0.0198255,0.0192549,-0.999608,0,0.953057,0.301749,0.0247147,0,0.302112,-0.953192,-0.0123689,0,0.375993,-0.732306,0.508308,1], "O_T_EE_d": [0.0197396,0.0188825,-0.999617,0,0.953227,0.301228,0.0245137,0,0.301582,-0.953364,-0.0120534,0,0.375765,-0.732417,0.50845,1], "F_T_NE": [0.7071,-0.7071,0,0,0.7071,0.7071,0,0,0,0,1,0,0,0,0.1034,1], "NE_T_EE": [1,0,0,0,0,1,0,0,0,0,1,0,0,0,0,1], "F_T_EE": [0.7071,-0.7071,0,0,0.7071,0.7071,0,0,0,0,1,0,0,0,0.1034,1], "EE_T_K": [1,0,0,0,0,1,0,0,0,0,1,0,0,0,0,1], "m_ee": 0.73, "F_x_Cee": [-0.01,0,0.03], "I_ee": [0.001,0,0,0,0.0025,0,0,0,0.0017], "m_load": 0, "F_x_Cload": [0,0,0], "I_load": [0,0,0,0,0,0,0,0,0], "m_total": 0.73, "F_x_Ctotal": [-0.01,0,0.03], "I_total": [0.001,0,0,0,0.0025,0,0,0,0.0017], "elbow": [-2.23261,-1], "elbow_d": [-2.23276,-1], "elbow_c": [-2.23276,-1], "delbow_c": [0,0], "ddelbow_c": [0,0], "tau_J": [0.0368734,37.3576,13.2074,19.332,1.08167,-2.21773,0.071614], "tau_J_d": [0,0,0,0,0,0,0], "dtau_J": [-32.2648,-44.1641,-22.267,-55.7755,14.9067,-10.7832,32.5725], "q": [1.3538,-0.615616,-2.23261,-1.39982,-2.49783,2.70127,-0.273272], "dq": [0.00102372,-0.00020864,-0.000667277,0.000951142,0.000442066,-1.03946e-05,7.49362e-05], "q_d": [1.35364,-0.615373,-2.23276,-1.39981,-2.49783,2.70096,-0.273278], "dq_d": [0,0,0,0,0,0,0], "ddq_d": [0,0,0,0,0,0,0], "joint_contact": [0,0,0,0,0,0,0], "cartesian_contact": [0,0,0,0,0,0], "joint_collision": [0,0,0,0,0,0,0], "cartesian_collision": [0,0,0,0,0,0], "tau_ext_hat_filtered": [0.0717349,0.155065,0.0795022,-0.48814,0.126964,-1.47866,0.0702097], "O_F_ext_hat_K": [0.649908,4.93638,-2.54216,-1.77309,0.756425,0.199954], "K_F_ext_hat_K": [2.64915,2.04616,-4.47753,2.0987,-1.28531,0.191299], "O_dP_EE_d": [0,0,0,0,0,0], "O_ddP_O": [0,0,-9.81], "O_T_EE_c": [0.0197396,0.0188825,-0.999617,0,0.953227,0.301228,0.0245137,0,0.301582,-0.953364,-0.0120534,0,0.375765,-0.732417,0.50845,1], "O_dP_EE_c": [0,0,0,0,0,0], "O_ddP_EE_c": [0,0,0,0,0,0], "theta": [1.3538,-0.612995,-2.23168,-1.39846,-2.49771,2.70103,-0.273264], "dtheta": [0,0,0,0,0,0,0], "current_errors": [], "last_motion_errors": [], "control_command_success_rate": 0, "robot_mode": "User stopped", "time": 13316859}