{"O_T_EE": [0.0213945,0.0220856,-0.999518,0,0.987386,-0.157283,0.0176595,0,-0.15682,-0.987306,-0.0251725,0,-0.00767371,-0.830027,0.507886,1], "O_T_EE_d": [0.0213335,0.0219557,-0.999522,0,0.987323,-0.15768,0.0176095,0,-0.157221,-0.987246,-0.0250417,0,-0.00788666,-0.830035,0.507912,1], "F_T_NE": [0.7071,-0.7071,0,0,0.7071,0.7071,0,0,0,0,1,0,0,0,0.1034,1], "NE_T_EE": [1,0,0,0,0,1,0,0,0,0,1,0,0,0,0,1], "F_T_EE": [0.7071,-0.7071,0,0,0.7071,0.7071,0,0,0,0,1,0,0,0,0.1034,1], "EE_T_K": [1,0,0,0,0,1,0,0,0,0,1,0,0,0,0,1], "m_ee": 0.73, "F_x_Cee": [-0.01,0,0.03], "I_ee": [0.001,0,0,0,0.0025,0,0,0,0.0017], "m_load": 0, "F_x_Cload": [0,0,0], "I_load": [0,0,0,0,0,0,0,0,0], "m_total": 0.73, "F_x_Ctotal": [-0.01,0,0.03], "I_total": [0.001,0,0,0,0.0025,0,0,0,0.0017], "elbow": [-2.55929,-1], "elbow_d": [-2.55941,-1], "elbow_c": [-2.55941,-1], "delbow_c": [0,0], "ddelbow_c": [0,0], "tau_J": [0.0765462,41.543,8.29592,20.6729,1.04505,-2.2278,0.0414016], "tau_J_d": [0,0,0,0,0,0,0], "dtau_J": [-52.967,84.5071,82.5515,42.311,23.4882,-40.3211,-55.2318], "q": [1.09865,-0.549559,-2.55929,-1.31432,-2.46381,2.82594,-0.142185], "dq": [2.18921e-05,-0.000291002,0.000708103,-0.000682183,-0.000304338,0.00033501,0.00167153], "q_d": [1.09853,-0.549511,-2.55941,-1.31435,-2.4638,2.82572,-0.142163], "dq_d": [0,0,0,0,0,0,0], "ddq_d": [0,0,0,0,0,0,0], "joint_contact": [0,0,0,0,0,0,0], "cartesian_contact": [0,0,0,0,0,0], "joint_collision": [0,0,0,0,0,0,0], "cartesian_collision": [0,0,0,0,0,0], "tau_ext_hat_filtered": [0.0162236,0.403824,0.00730399,-0.52755,0.0540548,-1.32147,0.0895362], "O_F_ext_hat_K": [2.46638,6.01571,-2.96865,-2.20468,1.37597,0.105261], "K_F_ext_hat_K": [3.1529,1.43671,-6.2514,1.86355,-1.64964,0.156483], "O_dP_EE_d": [0,0,0,0,0,0], "O_ddP_O": [0,0,-9.81], "O_T_EE_c": [0.0213335,0.0219557,-0.999522,0,0.987323,-0.15768,0.0176095,0,-0.157221,-0.987246,-0.0250417,0,-0.00788666,-0.830035,0.507912,1], "O_dP_EE_c": [0,0,0,0,0,0], "O_ddP_EE_c": [0,0,0,0,0,0], "theta": [1.09866,-0.546644,-2.55871,-1.31287,-2.4637,2.82569,-0.142181], "dtheta": [0,0,0,0,0,0,0], "current_errors": [], "last_motion_errors": [], "control_command_success_rate": 0, "robot_mode": "User stopped", "time": 14851980}