{"O_T_EE": [0.0222523,0.0200227,-0.999542,0,0.9944,-0.103665,0.0200612,0,-0.103218,-0.994411,-0.0222178,0,0.0422014,-0.82836,0.507979,1], "O_T_EE_d": [0.0221426,0.0198832,-0.999547,0,0.994356,-0.104107,0.0199567,0,-0.103665,-0.994367,-0.0220766,0,0.0420078,-0.828385,0.507981,1], "F_T_NE": [0.7071,-0.7071,0,0,0.7071,0.7071,0,0,0,0,1,0,0,0,0.1034,1], "NE_T_EE": [1,0,0,0,0,1,0,0,0,0,1,0,0,0,0,1], "F_T_EE": [0.7071,-0.7071,0,0,0.7071,0.7071,0,0,0,0,1,0,0,0,0.1034,1], "EE_T_K": [1,0,0,0,0,1,0,0,0,0,1,0,0,0,0,1], "m_ee": 0.73, "F_x_Cee": [-0.01,0,0.03], "I_ee": [0.001,0,0,0,0.0025,0,0,0,0.0017], "m_load": 0, "F_x_Cload": [0,0,0], "I_load": [0,0,0,0,0,0,0,0,0], "m_total": 0.73, "F_x_Ctotal": [-0.01,0,0.03], "I_total": [0.001,0,0,0,0.0025,0,0,0,0.0017], "elbow": [-2.53659,-1], "elbow_d": [-2.53675,-1], "elbow_c": [-2.53675,-1], "delbow_c": [0,0], "ddelbow_c": [0,0], "tau_J": [0.263009,41.3923,8.74422,20.7086,1.10913,-2.24794,0.0414016], "tau_J_d": [0,0,0,0,0,0,0], "dtau_J": [-94.05,61.152,-10.7274,40.0745,-12.1478,28.6956,-21.6941], "q": [1.14303,-0.549926,-2.53659,-1.32457,-2.46379,2.81015,-0.148906], "dq": [0.000283707,-0.000616871,-0.00320184,1.86998e-05,-0.000182657,-0.000739428,0.000579701], "q_d": [1.14296,-0.54988,-2.53675,-1.32464,-2.46378,2.80982,-0.14891], "dq_d": [0,0,0,0,0,0,0], "ddq_d": [0,0,0,0,0,0,0], "joint_contact": [0,0,0,0,0,0,0], "cartesian_contact": [0,0,0,0,0,0], "joint_collision": [0,0,0,0,0,0,0], "cartesian_collision": [0,0,0,0,0,0], "tau_ext_hat_filtered": [0.276179,0.551772,0.243159,-0.415234,0.148687,-1.36396,0.059142], "O_F_ext_hat_K": [2.71686,5.44741,-2.34994,-2.17031,1.53225,0.376184], "K_F_ext_hat_K": [2.51844,2.08983,-5.64518,2.07433,-1.38997,0.133393], "O_dP_EE_d": [0,0,0,0,0,0], "O_ddP_O": [0,0,-9.81], "O_T_EE_c": [0.0221426,0.0198832,-0.999547,0,0.994356,-0.104107,0.0199567,0,-0.103665,-0.994367,-0.0220766,0,0.0420078,-0.828385,0.507981,1], "O_dP_EE_c": [0,0,0,0,0,0], "O_ddP_EE_c": [0,0,0,0,0,0], "theta": [1.14305,-0.547021,-2.53598,-1.32312,-2.46366,2.8099,-0.148902], "dtheta": [0,0,0,0,0,0,0], "current_errors": [], "last_motion_errors": [], "control_command_success_rate": 0, "robot_mode": "User stopped", "time": 14887732}