{"O_T_EE": [-0.0170761,0.0253283,-0.999524,0,0.999821,0.0073192,-0.0168957,0,0.00688791,-0.999652,-0.0254492,0,0.144849,-0.817487,0.49402,1], "O_T_EE_d": [-0.0171491,0.0252016,-0.999526,0,0.999823,0.0067646,-0.0169837,0,0.00633349,-0.999659,-0.0253136,0,0.144532,-0.817557,0.493983,1], "F_T_NE": [0.7071,-0.7071,0,0,0.7071,0.7071,0,0,0,0,1,0,0,0,0.1034,1], "NE_T_EE": [1,0,0,0,0,1,0,0,0,0,1,0,0,0,0,1], "F_T_EE": [0.7071,-0.7071,0,0,0.7071,0.7071,0,0,0,0,1,0,0,0,0.1034,1], "EE_T_K": [1,0,0,0,0,1,0,0,0,0,1,0,0,0,0,1], "m_ee": 0.73, "F_x_Cee": [-0.01,0,0.03], "I_ee": [0.001,0,0,0,0.0025,0,0,0,0.0017], "m_load": 0, "F_x_Cload": [0,0,0], "I_load": [0,0,0,0,0,0,0,0,0], "m_total": 0.73, "F_x_Ctotal": [-0.01,0,0.03], "I_total": [0.001,0,0,0,0.0025,0,0,0,0.0017], "elbow": [-0.113476,-1], "elbow_d": [-0.113699,-1], "elbow_c": [-0.113699,-1], "delbow_c": [0,0], "ddelbow_c": [0,0], "tau_J": [0.0765462,-43.8091,-1.0034,21.2839,0.797855,-2.74873,0.0414016], "tau_J_d": [0,0,0,0,0,0,0], "dtau_J": [2.10368,193.81,-24.9961,104.94,19.0536,20.2506,-105.937], "q": [-1.33656,0.503041,-0.113476,-1.27431,-2.5015,2.92927,0.197558], "dq": [0.000148355,-0.00175724,0.000677243,-0.000859817,0.00297937,-0.000483076,0.00299426], "q_d": [-1.33672,0.503052,-0.113699,-1.27446,-2.50146,2.92895,0.197553], "dq_d": [0,0,0,0,0,0,0], "ddq_d": [0,0,0,0,0,0,0], "joint_contact": [0,0,0,0,0,0,0], "cartesian_contact": [0,0,0,0,0,0], "joint_collision": [0,0,0,0,0,0,0], "cartesian_collision": [0,0,0,0,0,0], "tau_ext_hat_filtered": [0.0787067,0.133997,0.1109,-0.728777,0.353883,-1.42154,0.120768], "O_F_ext_hat_K": [1.6566,6.31927,-3.73304,-2.09988,1.16229,0.226703], "K_F_ext_hat_K": [3.86311,1.76566,-6.21066,2.07161,-1.99641,0.234768], "O_dP_EE_d": [0,0,0,0,0,0], "O_ddP_O": [0,0,-9.81], "O_T_EE_c": [-0.0171491,0.0252016,-0.999526,0,0.999823,0.0067646,-0.0169837,0,0.00633349,-0.999659,-0.0253136,0,0.144532,-0.817557,0.493983,1], "O_dP_EE_c": [0,0,0,0,0,0], "O_ddP_EE_c": [0,0,0,0,0,0], "theta": [-1.33655,0.499966,-0.113547,-1.27282,-2.50141,2.92897,0.197562], "dtheta": [0,0,0,0,0,0,0], "current_errors": [], "last_motion_errors": [], "control_command_success_rate": 0, "robot_mode": "User stopped", "time": 13686663}