{"O_T_EE": [0.0176632,0.0420104,-0.998951,0,0.922103,-0.38692,3.2717e-05,0,-0.38652,-0.921154,-0.045573,0,-0.204698,-0.810598,0.493623,1], "O_T_EE_d": [0.0175646,0.0418255,-0.998961,0,0.921921,-0.387353,-8.08473e-06,0,-0.386958,-0.920981,-0.0453644,0,-0.204997,-0.810515,0.493705,1], "F_T_NE": [0.7071,-0.7071,0,0,0.7071,0.7071,0,0,0,0,1,0,0,0,0.1034,1], "NE_T_EE": [1,0,0,0,0,1,0,0,0,0,1,0,0,0,0,1], "F_T_EE": [0.7071,-0.7071,0,0,0.7071,0.7071,0,0,0,0,1,0,0,0,0.1034,1], "EE_T_K": [1,0,0,0,0,1,0,0,0,0,1,0,0,0,0,1], "m_ee": 0.73, "F_x_Cee": [-0.01,0,0.03], "I_ee": [0.001,0,0,0,0.0025,0,0,0,0.0017], "m_load": 0, "F_x_Cload": [0,0,0], "I_load": [0,0,0,0,0,0,0,0,0], "m_total": 0.73, "F_x_Ctotal": [-0.01,0,0.03], "I_total": [0.001,0,0,0,0.0025,0,0,0,0.0017], "elbow": [-0.0533812,-1], "elbow_d": [-0.0535207,-1], "elbow_c": [-0.0535207,-1], "delbow_c": [0,0], "ddelbow_c": [0,0], "tau_J": [-0.970817,-45.0152,-0.928021,20.9784,0.852787,-2.43837,0.132954], "tau_J_d": [0,0,0,0,0,0,0], "dtau_J": [-6.83122,-23.8704,152.389,-49.6962,-5.72837,25.7253,-27.3229], "q": [-1.81504,0.532616,-0.0533812,-1.22254,-2.47424,2.97036,0.157343], "dq": [0.000413938,7.44577e-05,-0.00103924,-5.08693e-05,0.000191306,-0.000771467,0.000479306], "q_d": [-1.81527,0.532507,-0.0535207,-1.22261,-2.47424,2.97016,0.157368], "dq_d": [0,0,0,0,0,0,0], "ddq_d": [0,0,0,0,0,0,0], "joint_contact": [0,0,0,0,0,0,0], "cartesian_contact": [0,0,0,0,0,0], "joint_collision": [0,0,0,0,0,0,0], "cartesian_collision": [0,0,0,0,0,0], "tau_ext_hat_filtered": [-0.996806,-0.305268,-0.713787,-0.802037,0.26881,-1.23456,0.162978], "O_F_ext_hat_K": [3.05413,7.2355,-3.20157,-2.63425,1.34663,-0.871831], "K_F_ext_hat_K": [3.5562,0.0165632,-7.69959,1.85596,-1.72016,0.270426], "O_dP_EE_d": [0,0,0,0,0,0], "O_ddP_O": [0,0,-9.81], "O_T_EE_c": [0.0175646,0.0418255,-0.998961,0,0.921921,-0.387353,-8.08473e-06,0,-0.386958,-0.920981,-0.0453644,0,-0.204997,-0.810515,0.493705,1], "O_dP_EE_c": [0,0,0,0,0,0], "O_ddP_EE_c": [0,0,0,0,0,0], "theta": [-1.81511,0.529457,-0.0534464,-1.22107,-2.47414,2.97009,0.157358], "dtheta": [0,0,0,0,0,0,0], "current_errors": [], "last_motion_errors": [], "control_command_success_rate": 0, "robot_mode": "User stopped", "time": 14640885}