{"O_T_EE": [0.0260608,0.0173351,-0.9995,0,0.897903,-0.439888,0.0157824,0,-0.439403,-0.897883,-0.0270296,0,-0.254833,-0.794225,0.507481,1], "O_T_EE_d": [0.0258717,0.0172214,-0.999507,0,0.897822,-0.440058,0.0156575,0,-0.43958,-0.897802,-0.0268473,0,-0.254885,-0.794192,0.507579,1], "F_T_NE": [0.7071,-0.7071,0,0,0.7071,0.7071,0,0,0,0,1,0,0,0,0.1034,1], "NE_T_EE": [1,0,0,0,0,1,0,0,0,0,1,0,0,0,0,1], "F_T_EE": [0.7071,-0.7071,0,0,0.7071,0.7071,0,0,0,0,1,0,0,0,0.1034,1], "EE_T_K": [1,0,0,0,0,1,0,0,0,0,1,0,0,0,0,1], "m_ee": 0.73, "F_x_Cee": [-0.01,0,0.03], "I_ee": [0.001,0,0,0,0.0025,0,0,0,0.0017], "m_load": 0, "F_x_Cload": [0,0,0], "I_load": [0,0,0,0,0,0,0,0,0], "m_total": 0.73, "F_x_Ctotal": [-0.01,0,0.03], "I_total": [0.001,0,0,0,0.0025,0,0,0,0.0017], "elbow": [-2.38255,-1], "elbow_d": [-2.38264,-1], "elbow_c": [-2.38264,-1], "delbow_c": [0,0], "ddelbow_c": [0,0], "tau_J": [0.600228,40.7893,11.8585,19.5621,1.1366,-1.81764,0.102742], "tau_J_d": [0,0,0,0,0,0,0], "dtau_J": [66.4313,-54.8522,-18.3979,-4.97624,-32.7721,24.5192,-55.2722], "q": [0.683414,-0.614457,-2.38255,-1.31089,-2.46225,2.78838,-0.259432], "dq": [0.000221815,0.000730477,-4.56548e-05,-0.000518903,0.00110191,0.000222601,0.000750375], "q_d": [0.683417,-0.614273,-2.38264,-1.31092,-2.46224,2.78823,-0.259421], "dq_d": [0,0,0,0,0,0,0], "ddq_d": [0,0,0,0,0,0,0], "joint_contact": [0,0,0,0,0,0,0], "cartesian_contact": [0,0,0,0,0,0], "joint_collision": [0,0,0,0,0,0,0], "cartesian_collision": [0,0,0,0,0,0], "tau_ext_hat_filtered": [0.616054,0.681848,0.63351,-0.820577,0.0859999,-1.07049,0.147398], "O_F_ext_hat_K": [5.42059,6.3828,-2.8029,-2.42018,2.51366,0.724031], "K_F_ext_hat_K": [3.05347,2.01524,-8.03707,1.92522,-1.50432,0.242777], "O_dP_EE_d": [0,0,0,0,0,0], "O_ddP_O": [0,0,-9.81], "O_T_EE_c": [0.0258717,0.0172214,-0.999507,0,0.897822,-0.440058,0.0156575,0,-0.43958,-0.897802,-0.0268473,0,-0.254885,-0.794192,0.507579,1], "O_dP_EE_c": [0,0,0,0,0,0], "O_ddP_EE_c": [0,0,0,0,0,0], "theta": [0.683456,-0.611595,-2.38171,-1.30951,-2.46212,2.78817,-0.25942], "dtheta": [0,0,0,0,0,0,0], "current_errors": [], "last_motion_errors": [], "control_command_success_rate": 0, "robot_mode": "User stopped", "time": 14106736}