{"O_T_EE": [0.00595459,0.0458284,-0.998922,0,0.944222,-0.329145,-0.00947195,0,-0.329231,-0.943165,-0.0452329,0,-0.155663,-0.82089,0.493867,1], "O_T_EE_d": [0.00584095,0.0455825,-0.998934,0,0.944082,-0.329543,-0.00951719,0,-0.329632,-0.943038,-0.0449593,0,-0.155903,-0.820852,0.493966,1], "F_T_NE": [0.7071,-0.7071,0,0,0.7071,0.7071,0,0,0,0,1,0,0,0,0.1034,1], "NE_T_EE": [1,0,0,0,0,1,0,0,0,0,1,0,0,0,0,1], "F_T_EE": [0.7071,-0.7071,0,0,0.7071,0.7071,0,0,0,0,1,0,0,0,0.1034,1], "EE_T_K": [1,0,0,0,0,1,0,0,0,0,1,0,0,0,0,1], "m_ee": 0.73, "F_x_Cee": [-0.01,0,0.03], "I_ee": [0.001,0,0,0,0.0025,0,0,0,0.0017], "m_load": 0, "F_x_Cload": [0,0,0], "I_load": [0,0,0,0,0,0,0,0,0], "m_total": 0.73, "F_x_Ctotal": [-0.01,0,0.03], "I_total": [0.001,0,0,0,0.0025,0,0,0,0.0017], "elbow": [-0.00521601,-1], "elbow_d": [-0.00539543,-1], "elbow_c": [-0.00539543,-1], "delbow_c": [0,0], "ddelbow_c": [0,0], "tau_J": [0.0011678,-45.1659,0.234394,21.2482,0.96265,-2.53816,0.163167], "tau_J_d": [0,0,0,0,0,0,0], "dtau_J": [-26.5343,-36.9933,-13.6825,43.5137,-3.6835,28.1367,42.4549], "q": [-1.79027,0.52866,-0.00521601,-1.23076,-2.47436,2.96058,0.124397], "dq": [0.000251147,0.000409731,-0.000156989,-0.000276862,0.000205475,-0.00083793,-0.000199313], "q_d": [-1.79038,0.528585,-0.00539543,-1.23076,-2.47434,2.96033,0.124428], "dq_d": [0,0,0,0,0,0,0], "ddq_d": [0,0,0,0,0,0,0], "joint_contact": [0,0,0,0,0,0,0], "cartesian_contact": [0,0,0,0,0,0], "joint_collision": [0,0,0,0,0,0,0], "cartesian_collision": [0,0,0,0,0,0], "tau_ext_hat_filtered": [0.00343049,-0.504654,-0.135587,-0.639728,0.326003,-1.34695,0.1521], "O_F_ext_hat_K": [4.28549,7.15348,-3.04761,-2.74187,2.1245,0.0771529], "K_F_ext_hat_K": [3.39774,1.72082,-8.01998,2.33667,-1.75219,0.213482], "O_dP_EE_d": [0,0,0,0,0,0], "O_ddP_O": [0,0,-9.81], "O_T_EE_c": [0.00584095,0.0455825,-0.998934,0,0.944082,-0.329543,-0.00951719,0,-0.329632,-0.943038,-0.0449593,0,-0.155903,-0.820852,0.493966,1], "O_dP_EE_c": [0,0,0,0,0,0], "O_ddP_EE_c": [0,0,0,0,0,0], "theta": [-1.79027,0.525491,-0.00519956,-1.22927,-2.47425,2.9603,0.124415], "dtheta": [0,0,0,0,0,0,0], "current_errors": [], "last_motion_errors": [], "control_command_success_rate": 0, "robot_mode": "User stopped", "time": 14623077}