{"O_T_EE": [0.00511554,0.0112785,-0.999914,0,0.857683,-0.514158,-0.00141152,0,-0.514139,-0.857619,-0.0123038,0,-0.301635,-0.778285,0.507718,1], "O_T_EE_d": [0.00495623,0.0112023,-0.999915,0,0.857537,-0.514402,-0.00151247,0,-0.514385,-0.857473,-0.0121561,0,-0.301718,-0.778247,0.507761,1], "F_T_NE": [0.7071,-0.7071,0,0,0.7071,0.7071,0,0,0,0,1,0,0,0,0.1034,1], "NE_T_EE": [1,0,0,0,0,1,0,0,0,0,1,0,0,0,0,1], "F_T_EE": [0.7071,-0.7071,0,0,0.7071,0.7071,0,0,0,0,1,0,0,0,0.1034,1], "EE_T_K": [1,0,0,0,0,1,0,0,0,0,1,0,0,0,0,1], "m_ee": 0.73, "F_x_Cee": [-0.01,0,0.03], "I_ee": [0.001,0,0,0,0.0025,0,0,0,0.0017], "m_load": 0, "F_x_Cload": [0,0,0], "I_load": [0,0,0,0,0,0,0,0,0], "m_total": 0.73, "F_x_Ctotal": [-0.01,0,0.03], "I_total": [0.001,0,0,0,0.0025,0,0,0,0.0017], "elbow": [-2.43292,-1], "elbow_d": [-2.43305,-1], "elbow_c": [-2.43305,-1], "delbow_c": [0,0], "ddelbow_c": [0,0], "tau_J": [0.338387,41.5073,10.958,20.173,1.18238,-2.05751,0.122884], "tau_J_d": [0,0,0,0,0,0,0], "dtau_J": [6.89978,163.992,-28.7057,-67.7811,19.722,-25.0711,-23.9599], "q": [0.662477,-0.593285,-2.43292,-1.31996,-2.46175,2.75924,-0.240016], "dq": [0.000808913,-0.000169254,0.000306826,0.00219118,2.10008e-05,0.000520657,0.000242466], "q_d": [0.662479,-0.593153,-2.43305,-1.32005,-2.46174,2.75899,-0.239991], "dq_d": [0,0,0,0,0,0,0], "ddq_d": [0,0,0,0,0,0,0], "joint_contact": [0,0,0,0,0,0,0], "cartesian_contact": [0,0,0,0,0,0], "joint_collision": [0,0,0,0,0,0,0], "cartesian_collision": [0,0,0,0,0,0], "tau_ext_hat_filtered": [0.401577,1.05292,0.615526,-0.435688,0.204596,-1.23257,0.136129], "O_F_ext_hat_K": [5.61184,5.84007,-1.92325,-2.63417,2.73162,0.518818], "K_F_ext_hat_K": [2.0177,1.81321,-7.87015,2.08631,-1.23493,0.228452], "O_dP_EE_d": [0,0,0,0,0,0], "O_ddP_O": [0,0,-9.81], "O_T_EE_c": [0.00495623,0.0112023,-0.999915,0,0.857537,-0.514402,-0.00151247,0,-0.514385,-0.857473,-0.0121561,0,-0.301718,-0.778247,0.507761,1], "O_dP_EE_c": [0,0,0,0,0,0], "O_ddP_EE_c": [0,0,0,0,0,0], "theta": [0.662501,-0.590372,-2.43215,-1.31855,-2.46162,2.75901,-0.240001], "dtheta": [0,0,0,0,0,0,0], "current_errors": [], "last_motion_errors": [], "control_command_success_rate": 0, "robot_mode": "User stopped", "time": 14196470}