{"O_T_EE": [0.0106373,0.00728301,-0.999907,0,0.827001,-0.562164,0.00470323,0,-0.562089,-0.82699,-0.0120032,0,-0.348204,-0.759853,0.507839,1], "O_T_EE_d": [0.0105094,0.00711244,-0.99991,0,0.826914,-0.562292,0.0046915,0,-0.562219,-0.826904,-0.0117909,0,-0.348233,-0.759829,0.507957,1], "F_T_NE": [0.7071,-0.7071,0,0,0.7071,0.7071,0,0,0,0,1,0,0,0,0.1034,1], "NE_T_EE": [1,0,0,0,0,1,0,0,0,0,1,0,0,0,0,1], "F_T_EE": [0.7071,-0.7071,0,0,0.7071,0.7071,0,0,0,0,1,0,0,0,0.1034,1], "EE_T_K": [1,0,0,0,0,1,0,0,0,0,1,0,0,0,0,1], "m_ee": 0.73, "F_x_Cee": [-0.01,0,0.03], "I_ee": [0.001,0,0,0,0.0025,0,0,0,0.0017], "m_load": 0, "F_x_Cload": [0,0,0], "I_load": [0,0,0,0,0,0,0,0,0], "m_total": 0.73, "F_x_Ctotal": [-0.01,0,0.03], "I_total": [0.001,0,0,0,0.0025,0,0,0,0.0017], "elbow": [-2.4516,-1], "elbow_d": [-2.45161,-1], "elbow_c": [-2.45161,-1], "delbow_c": [0,0], "ddelbow_c": [0,0], "tau_J": [0.413765,41.5827,10.5811,20.2484,1.09998,-2.00716,0.143025], "tau_J_d": [0,0,0,0,0,0,0], "dtau_J": [30.0784,77.7561,-14.6844,86.99,-15.8448,13.0646,-73.6772], "q": [0.616558,-0.593506,-2.4516,-1.30995,-2.46217,2.76876,-0.226197], "dq": [-0.000449983,0.000135045,0.00147775,-0.00167488,0.000741499,3.41866e-05,0.00165551], "q_d": [0.616543,-0.593378,-2.45161,-1.30993,-2.46217,2.7686,-0.226168], "dq_d": [0,0,0,0,0,0,0], "ddq_d": [0,0,0,0,0,0,0], "joint_contact": [0,0,0,0,0,0,0], "cartesian_contact": [0,0,0,0,0,0], "joint_collision": [0,0,0,0,0,0,0], "cartesian_collision": [0,0,0,0,0,0], "tau_ext_hat_filtered": [0.417869,0.755245,0.528393,-0.624927,0.135602,-1.15898,0.172066], "O_F_ext_hat_K": [5.80485,5.63336,-2.60318,-2.22556,2.66834,0.528837], "K_F_ext_hat_K": [2.70576,1.62153,-7.89033,1.91056,-1.47198,0.259405], "O_dP_EE_d": [0,0,0,0,0,0], "O_ddP_O": [0,0,-9.81], "O_T_EE_c": [0.0105094,0.00711244,-0.99991,0,0.826914,-0.562292,0.0046915,0,-0.562219,-0.826904,-0.0117909,0,-0.348233,-0.759829,0.507957,1], "O_dP_EE_c": [0,0,0,0,0,0], "O_ddP_EE_c": [0,0,0,0,0,0], "theta": [0.616587,-0.590589,-2.45086,-1.30853,-2.46205,2.76853,-0.226181], "dtheta": [0,0,0,0,0,0,0], "current_errors": [], "last_motion_errors": [], "control_command_success_rate": 0, "robot_mode": "User stopped", "time": 14222588}