{"O_T_EE": [0.00768061,0.00745631,-0.999933,0,0.791483,-0.611173,0.00152208,0,-0.611133,-0.791457,-0.0105959,0,-0.393291,-0.738282,0.507644,1], "O_T_EE_d": [0.0075061,0.00720726,-0.999936,0,0.791389,-0.611296,0.00153457,0,-0.611258,-0.791365,-0.0102924,0,-0.393301,-0.738247,0.507835,1], "F_T_NE": [0.7071,-0.7071,0,0,0.7071,0.7071,0,0,0,0,1,0,0,0,0.1034,1], "NE_T_EE": [1,0,0,0,0,1,0,0,0,0,1,0,0,0,0,1], "F_T_EE": [0.7071,-0.7071,0,0,0.7071,0.7071,0,0,0,0,1,0,0,0,0.1034,1], "EE_T_K": [1,0,0,0,0,1,0,0,0,0,1,0,0,0,0,1], "m_ee": 0.73, "F_x_Cee": [-0.01,0,0.03], "I_ee": [0.001,0,0,0,0.0025,0,0,0,0.0017], "m_load": 0, "F_x_Cload": [0,0,0], "I_load": [0,0,0,0,0,0,0,0,0], "m_total": 0.73, "F_x_Ctotal": [-0.01,0,0.03], "I_total": [0.001,0,0,0,0.0025,0,0,0,0.0017], "elbow": [-2.4737,-1], "elbow_d": [-2.47366,-1], "elbow_c": [-2.47366,-1], "delbow_c": [0,0], "ddelbow_c": [0,0], "tau_J": [0.600228,41.9596,10.5454,20.4428,1.12745,-2.04744,0.214436], "tau_J_d": [0,0,0,0,0,0,0], "dtau_J": [169.082,169.998,24.8152,68.8472,27.6126,-30.5931,65.4312], "q": [0.572871,-0.590059,-2.4737,-1.30504,-2.46216,2.77266,-0.217763], "dq": [-0.000935689,-0.00161958,-0.000437155,-0.00126885,-0.000400658,0.000648092,-0.00176136], "q_d": [0.572828,-0.589839,-2.47366,-1.30504,-2.46214,2.77249,-0.21771], "dq_d": [0,0,0,0,0,0,0], "ddq_d": [0,0,0,0,0,0,0], "joint_contact": [0,0,0,0,0,0,0], "cartesian_contact": [0,0,0,0,0,0], "joint_collision": [0,0,0,0,0,0,0], "cartesian_collision": [0,0,0,0,0,0], "tau_ext_hat_filtered": [0.499127,0.895966,0.709868,-0.387078,0.149242,-1.17747,0.18146], "O_F_ext_hat_K": [5.82147,4.65678,-2.25753,-2.03118,2.75946,0.635392], "K_F_ext_hat_K": [2.33686,1.75809,-7.21941,1.82583,-1.48162,0.286823], "O_dP_EE_d": [0,0,0,0,0,0], "O_ddP_O": [0,0,-9.81], "O_T_EE_c": [0.0075061,0.00720726,-0.999936,0,0.791389,-0.611296,0.00153457,0,-0.611258,-0.791365,-0.0102924,0,-0.393301,-0.738247,0.507835,1], "O_dP_EE_c": [0,0,0,0,0,0], "O_ddP_EE_c": [0,0,0,0,0,0], "theta": [0.572913,-0.587115,-2.47296,-1.30361,-2.46203,2.77243,-0.217739], "dtheta": [0,0,0,0,0,0,0], "current_errors": [], "last_motion_errors": [], "control_command_success_rate": 0, "robot_mode": "User stopped", "time": 14279782}