{"O_T_EE": [0.0110442,0.000981614,-0.999929,0,0.734718,-0.678318,0.00744904,0,-0.678275,-0.734762,-0.00821283,0,-0.480507,-0.686152,0.506352,1], "O_T_EE_d": [0.0107675,0.000899385,-0.999932,0,0.734755,-0.678279,0.00730195,0,-0.67824,-0.734797,-0.00796437,0,-0.480336,-0.686189,0.506539,1], "F_T_NE": [0.7071,-0.7071,0,0,0.7071,0.7071,0,0,0,0,1,0,0,0,0.1034,1], "NE_T_EE": [1,0,0,0,0,1,0,0,0,0,1,0,0,0,0,1], "F_T_EE": [0.7071,-0.7071,0,0,0.7071,0.7071,0,0,0,0,1,0,0,0,0.1034,1], "EE_T_K": [1,0,0,0,0,1,0,0,0,0,1,0,0,0,0,1], "m_ee": 0.73, "F_x_Cee": [-0.01,0,0.03], "I_ee": [0.001,0,0,0,0.0025,0,0,0,0.0017], "m_load": 0, "F_x_Cload": [0,0,0], "I_load": [0,0,0,0,0,0,0,0,0], "m_total": 0.73, "F_x_Ctotal": [-0.01,0,0.03], "I_total": [0.001,0,0,0,0.0025,0,0,0,0.0017], "elbow": [-1.97954,-1], "elbow_d": [-1.9794,-1], "elbow_c": [-1.9794,-1], "delbow_c": [0,0], "ddelbow_c": [0,0], "tau_J": [0.338387,38.9048,19.9201,15.9558,1.0542,-1.47707,0.112813], "tau_J_d": [0,0,0,0,0,0,0], "dtau_J": [42.5783,9.08135,-39.1075,-48.3295,24.959,34.1153,-71.5505], "q": [0.164684,-0.825315,-1.97954,-1.34552,-2.56143,2.66164,-0.501893], "dq": [-0.000285701,0.000467859,0.00340146,-0.000766501,6.00437e-06,-0.0007962,0.00119678], "q_d": [0.164684,-0.824944,-1.9794,-1.34574,-2.56142,2.66144,-0.501844], "dq_d": [0,0,0,0,0,0,0], "ddq_d": [0,0,0,0,0,0,0], "joint_contact": [0,0,0,0,0,0,0], "cartesian_contact": [0,0,0,0,0,0], "joint_collision": [0,0,0,0,0,0,0], "cartesian_collision": [0,0,0,0,0,0], "tau_ext_hat_filtered": [0.209562,1.04626,0.906573,-0.670511,-0.0514037,-1.06714,0.160537], "O_F_ext_hat_K": [7.72361,6.27062,-1.9754,-2.96998,3.61917,0.29484], "K_F_ext_hat_K": [2.06675,1.40651,-9.82992,1.97947,-1.30606,0.313446], "O_dP_EE_d": [0,0,0,0,0,0], "O_ddP_O": [0,0,-9.81], "O_T_EE_c": [0.0107675,0.000899385,-0.999932,0,0.734755,-0.678279,0.00730195,0,-0.67824,-0.734797,-0.00796437,0,-0.480336,-0.686189,0.506539,1], "O_dP_EE_c": [0,0,0,0,0,0], "O_ddP_EE_c": [0,0,0,0,0,0], "theta": [0.164708,-0.822584,-1.97814,-1.3444,-2.56131,2.66148,-0.50188], "dtheta": [0,0,0,0,0,0,0], "current_errors": [], "last_motion_errors": [], "control_command_success_rate": 0, "robot_mode": "User stopped", "time": 13946961}