{"O_T_EE": [0.0210966,-0.0106546,-0.999711,0,0.675021,-0.737454,0.0221043,0,-0.737491,-0.675305,-0.00836582,0,-0.521611,-0.65658,0.506382,1], "O_T_EE_d": [0.02099,-0.010773,-0.999712,0,0.674979,-0.737492,0.0221191,0,-0.737532,-0.675262,-0.00820856,0,-0.521539,-0.656617,0.506484,1], "F_T_NE": [0.7071,-0.7071,0,0,0.7071,0.7071,0,0,0,0,1,0,0,0,0.1034,1], "NE_T_EE": [1,0,0,0,0,1,0,0,0,0,1,0,0,0,0,1], "F_T_EE": [0.7071,-0.7071,0,0,0.7071,0.7071,0,0,0,0,1,0,0,0,0.1034,1], "EE_T_K": [1,0,0,0,0,1,0,0,0,0,1,0,0,0,0,1], "m_ee": 0.73, "F_x_Cee": [-0.01,0,0.03], "I_ee": [0.001,0,0,0,0.0025,0,0,0,0.0017], "m_load": 0, "F_x_Cload": [0,0,0], "I_load": [0,0,0,0,0,0,0,0,0], "m_total": 0.73, "F_x_Ctotal": [-0.01,0,0.03], "I_total": [0.001,0,0,0,0.0025,0,0,0,0.0017], "elbow": [-1.928,-1], "elbow_d": [-1.92791,-1], "elbow_c": [-1.92791,-1], "delbow_c": [0,0], "ddelbow_c": [0,0], "tau_J": [0.600228,38.3414,21.0428,15.1147,0.980961,-1.53657,0.194295], "tau_J_d": [0,0,0,0,0,0,0], "dtau_J": [-107.483,99.8286,62.2887,14.7446,-18.2859,13.2494,23.8962], "q": [0.0869764,-0.85918,-1.928,-1.35927,-2.56024,2.60969,-0.535419], "dq": [0.00180232,-0.00159487,-0.00157647,-0.000603922,6.71087e-05,6.97722e-05,-0.00180185], "q_d": [0.0870371,-0.859055,-1.92791,-1.35931,-2.56024,2.60948,-0.535368], "dq_d": [0,0,0,0,0,0,0], "ddq_d": [0,0,0,0,0,0,0], "joint_contact": [0,0,0,0,0,0,0], "cartesian_contact": [0,0,0,0,0,0], "joint_collision": [0,0,0,0,0,0,0], "cartesian_collision": [0,0,0,0,0,0], "tau_ext_hat_filtered": [0.627237,0.777616,0.955842,-0.709846,-0.0381935,-1.19282,0.170568], "O_F_ext_hat_K": [7.25046,3.66356,-1.86112,-1.64839,3.32303,0.71744], "K_F_ext_hat_K": [1.97455,2.15141,-7.8056,2.10347,-1.19144,0.346292], "O_dP_EE_d": [0,0,0,0,0,0], "O_ddP_O": [0,0,-9.81], "O_T_EE_c": [0.02099,-0.010773,-0.999712,0,0.674979,-0.737492,0.0221191,0,-0.737532,-0.675262,-0.00820856,0,-0.521539,-0.656617,0.506484,1], "O_dP_EE_c": [0,0,0,0,0,0], "O_ddP_EE_c": [0,0,0,0,0,0], "theta": [0.0870183,-0.856489,-1.92652,-1.35821,-2.56013,2.60952,-0.535398], "dtheta": [0,0,0,0,0,0,0], "current_errors": [], "last_motion_errors": [], "control_command_success_rate": 0, "robot_mode": "User stopped", "time": 13891441}