{"O_T_EE": [0.00529516,0.00318321,-0.999971,0,0.63287,-0.774245,0.000886589,0,-0.774235,-0.632868,-0.00611443,0,-0.55981,-0.625063,0.506035,1], "O_T_EE_d": [0.00518731,0.00292656,-0.999973,0,0.632962,-0.774169,0.00101775,0,-0.77416,-0.632963,-0.00586837,0,-0.559664,-0.625144,0.506238,1], "F_T_NE": [0.7071,-0.7071,0,0,0.7071,0.7071,0,0,0,0,1,0,0,0,0.1034,1], "NE_T_EE": [1,0,0,0,0,1,0,0,0,0,1,0,0,0,0,1], "F_T_EE": [0.7071,-0.7071,0,0,0.7071,0.7071,0,0,0,0,1,0,0,0,0.1034,1], "EE_T_K": [1,0,0,0,0,1,0,0,0,0,1,0,0,0,0,1], "m_ee": 0.73, "F_x_Cee": [-0.01,0,0.03], "I_ee": [0.001,0,0,0,0.0025,0,0,0,0.0017], "m_load": 0, "F_x_Cload": [0,0,0], "I_load": [0,0,0,0,0,0,0,0,0], "m_total": 0.73, "F_x_Ctotal": [-0.01,0,0.03], "I_total": [0.001,0,0,0,0.0025,0,0,0,0.0017], "elbow": [-1.95672,-1], "elbow_d": [-1.95644,-1], "elbow_c": [-1.95644,-1], "delbow_c": [0,0], "ddelbow_c": [0,0], "tau_J": [0.675606,39.246,21.0428,15.5353,1.09998,-1.36629,0.143025], "tau_J_d": [0,0,0,0,0,0,0], "dtau_J": [-86.9016,2.65749,12.123,-14.1631,26.2974,-1.56278,-8.32119], "q": [0.041189,-0.841653,-1.95672,-1.35191,-2.56005,2.62405,-0.531104], "dq": [0.000627393,7.30301e-05,-0.000944768,0.00037647,-0.000394055,-0.000172975,0.00106406], "q_d": [0.0412319,-0.841512,-1.95644,-1.35193,-2.56003,2.62394,-0.531059], "dq_d": [0,0,0,0,0,0,0], "ddq_d": [0,0,0,0,0,0,0], "joint_contact": [0,0,0,0,0,0,0], "cartesian_contact": [0,0,0,0,0,0], "joint_collision": [0,0,0,0,0,0,0], "cartesian_collision": [0,0,0,0,0,0], "tau_ext_hat_filtered": [0.751314,1.57779,1.60703,-0.743817,0.0622609,-0.978913,0.170855], "O_F_ext_hat_K": [9.47301,5.31255,-0.878498,-2.97432,4.82664,0.836844], "K_F_ext_hat_K": [0.945563,1.88122,-10.6911,2.10757,-0.93679,0.327373], "O_dP_EE_d": [0,0,0,0,0,0], "O_ddP_O": [0,0,-9.81], "O_T_EE_c": [0.00518731,0.00292656,-0.999973,0,0.632962,-0.774169,0.00101775,0,-0.77416,-0.632963,-0.00586837,0,-0.559664,-0.625144,0.506238,1], "O_dP_EE_c": [0,0,0,0,0,0], "O_ddP_EE_c": [0,0,0,0,0,0], "theta": [0.0412353,-0.838899,-1.95524,-1.35082,-2.55993,2.6239,-0.531088], "dtheta": [0,0,0,0,0,0,0], "current_errors": [], "last_motion_errors": [], "control_command_success_rate": 0, "robot_mode": "User stopped", "time": 13917939}