{"O_T_EE": [0.0173561,-0.046302,-0.998767,0,-0.899872,-0.436108,0.00458012,0,-0.435791,0.8987,-0.049236,0,-0.493578,0.670539,0.595865,1], "O_T_EE_d": [0.0173694,-0.0460756,-0.998777,0,-0.900047,-0.435747,0.00444946,0,-0.435428,0.898887,-0.0490398,0,-0.493373,0.670639,0.595999,1], "F_T_NE": [0.7071,-0.7071,0,0,0.7071,0.7071,0,0,0,0,1,0,0,0,0.1034,1], "NE_T_EE": [1,0,0,0,0,1,0,0,0,0,1,0,0,0,0,1], "F_T_EE": [0.7071,-0.7071,0,0,0.7071,0.7071,0,0,0,0,1,0,0,0,0.1034,1], "EE_T_K": [1,0,0,0,0,1,0,0,0,0,1,0,0,0,0,1], "m_ee": 0.73, "F_x_Cee": [-0.01,0,0.03], "I_ee": [0.001,0,0,0,0.0025,0,0,0,0.0017], "m_load": 0, "F_x_Cload": [0,0,0], "I_load": [0,0,0,0,0,0,0,0,0], "m_total": 0.73, "F_x_Ctotal": [-0.01,0,0.03], "I_total": [0.001,0,0,0,0.0025,0,0,0,0.0017], "elbow": [0.120614,-1], "elbow_d": [0.120378,-1], "elbow_c": [0.120378,-1], "delbow_c": [0,0], "ddelbow_c": [0,0], "tau_J": [-0.522514,-45.281,1.84511,21.2482,1.77655,-1.31593,0.0111892], "tau_J_d": [0,0,0,0,0,0,0], "dtau_J": [-15.2761,3.35946,-151.152,-74.8653,-22.205,15.2118,80.2409], "q": [2.05057,0.501303,0.120614,-1.14916,-1.81843,3.00062,-0.582477], "dq": [0.000227351,-0.000131302,0.00139059,0.000518289,0.000498509,-0.00012143,-0.00100507], "q_d": [2.05049,0.501101,0.120378,-1.1492,-1.81845,3.0005,-0.582479], "dq_d": [0,0,0,0,0,0,0], "ddq_d": [0,0,0,0,0,0,0], "joint_contact": [0,0,0,0,0,0,0], "cartesian_contact": [0,0,0,0,0,0], "joint_collision": [0,0,0,0,0,0,0], "cartesian_collision": [0,0,0,0,0,0], "tau_ext_hat_filtered": [-0.50856,-1.76715,-0.561307,-0.499045,-0.113314,-1.10686,-0.000955152], "O_F_ext_hat_K": [0,0,0,0,0,0], "K_F_ext_hat_K": [0,0,0,0,0,0], "O_dP_EE_d": [0,0,0,0,0,0], "O_ddP_O": [0,0,-9.81], "O_T_EE_c": [0.0173694,-0.0460756,-0.998777,0,-0.900047,-0.435747,0.00444946,0,-0.435428,0.898887,-0.0490398,0,-0.493373,0.670639,0.595999,1], "O_dP_EE_c": [0,0,0,0,0,0], "O_ddP_EE_c": [0,0,0,0,0,0], "theta": [2.05053,0.498125,0.120743,-1.14767,-1.81824,3.00048,-0.582476], "dtheta": [0,0,0,0,0,0,0], "current_errors": [], "last_motion_errors": [], "control_command_success_rate": 0, "robot_mode": "User stopped", "time": 25023582}