{"O_T_EE": [0.0307914,-0.0380588,-0.998791,0,-0.817735,-0.575569,-0.0032777,0,-0.574759,0.816863,-0.0488455,0,-0.608353,0.572394,0.596063,1], "O_T_EE_d": [0.0305684,-0.0376992,-0.998812,0,-0.81795,-0.575263,-0.00332041,0,-0.574465,0.817096,-0.0484219,0,-0.608136,0.572482,0.596393,1], "F_T_NE": [0.7071,-0.7071,0,0,0.7071,0.7071,0,0,0,0,1,0,0,0,0.1034,1], "NE_T_EE": [1,0,0,0,0,1,0,0,0,0,1,0,0,0,0,1], "F_T_EE": [0.7071,-0.7071,0,0,0.7071,0.7071,0,0,0,0,1,0,0,0,0.1034,1], "EE_T_K": [1,0,0,0,0,1,0,0,0,0,1,0,0,0,0,1], "m_ee": 0.73, "F_x_Cee": [-0.01,0,0.03], "I_ee": [0.001,0,0,0,0.0025,0,0,0,0.0017], "m_load": 0, "F_x_Cload": [0,0,0], "I_load": [0,0,0,0,0,0,0,0,0], "m_total": 0.73, "F_x_Ctotal": [-0.01,0,0.03], "I_total": [0.001,0,0,0,0.0025,0,0,0,0.0017], "elbow": [-0.0515719,-1], "elbow_d": [-0.0517036,-1], "elbow_c": [-0.0517036,-1], "delbow_c": [0,0], "ddelbow_c": [0,0], "tau_J": [-1.0462,-46.5624,-0.404339,21.0181,1.91388,-1.26649,-0.0300095], "tau_J_d": [0,0,0,0,0,0,0], "dtau_J": [-58.4968,-34.2124,60.3126,-28.3963,6.98795,-22.5103,-23.196], "q": [2.35089,0.506758,-0.0515719,-1.13721,-1.73731,3.01947,-0.589788], "dq": [-0.000270765,-0.0001365,8.36741e-05,-0.00104071,0.00330051,0.000136222,0.000991047], "q_d": [2.35076,0.506359,-0.0517036,-1.13722,-1.73732,3.01934,-0.589813], "dq_d": [0,0,0,0,0,0,0], "ddq_d": [0,0,0,0,0,0,0], "joint_contact": [0,0,0,0,0,0,0], "cartesian_contact": [0,0,0,0,0,0], "joint_collision": [0,0,0,0,0,0,0], "cartesian_collision": [0,0,0,0,0,0], "tau_ext_hat_filtered": [-1.04728,-2.5877,-0.862929,-0.651488,-0.016654,-1.05816,-0.00192065], "O_F_ext_hat_K": [0,0,0,0,0,0], "K_F_ext_hat_K": [0,0,0,0,0,0], "O_dP_EE_d": [0,0,0,0,0,0], "O_ddP_O": [0,0,-9.81], "O_T_EE_c": [0.0305684,-0.0376992,-0.998812,0,-0.81795,-0.575263,-0.00332041,0,-0.574465,0.817096,-0.0484219,0,-0.608136,0.572482,0.596393,1], "O_dP_EE_c": [0,0,0,0,0,0], "O_ddP_EE_c": [0,0,0,0,0,0], "theta": [2.35081,0.503491,-0.0515993,-1.13574,-1.73709,3.01933,-0.589792], "dtheta": [0,0,0,0,0,0,0], "current_errors": [], "last_motion_errors": [], "control_command_success_rate": 0, "robot_mode": "User stopped", "time": 25626403}