{"O_T_EE": [0.0205651,-0.0362772,-0.999121,0,-0.842221,-0.53911,0.00223903,0,-0.538727,0.841451,-0.0416411,0,-0.57204,0.607599,0.595932,1], "O_T_EE_d": [0.0203827,-0.0360597,-0.999132,0,-0.842339,-0.538925,0.00226631,0,-0.53855,0.841578,-0.04136,0,-0.571977,0.607603,0.596127,1], "F_T_NE": [0.7071,-0.7071,0,0,0.7071,0.7071,0,0,0,0,1,0,0,0,0.1034,1], "NE_T_EE": [1,0,0,0,0,1,0,0,0,0,1,0,0,0,0,1], "F_T_EE": [0.7071,-0.7071,0,0,0.7071,0.7071,0,0,0,0,1,0,0,0,0.1034,1], "EE_T_K": [1,0,0,0,0,1,0,0,0,0,1,0,0,0,0,1], "m_ee": 0.73, "F_x_Cee": [-0.01,0,0.03], "I_ee": [0.001,0,0,0,0.0025,0,0,0,0.0017], "m_load": 0, "F_x_Cload": [0,0,0], "I_load": [0,0,0,0,0,0,0,0,0], "m_total": 0.73, "F_x_Ctotal": [-0.01,0,0.03], "I_total": [0.001,0,0,0,0.0025,0,0,0,0.0017], "elbow": [0.0501323,-1], "elbow_d": [0.0501072,-1], "elbow_c": [0.0501072,-1], "delbow_c": [0,0], "ddelbow_c": [0,0], "tau_J": [-0.296379,-44.8287,1.09529,21.2839,2.00452,-1.75722,0.163167], "tau_J_d": [0,0,0,0,0,0,0], "dtau_J": [182.303,18.6311,-68.2952,-74.8453,34.1187,4.82156,121.462], "q": [2.21955,0.508152,0.0501323,-1.13313,-1.81462,3.01383,-0.556815], "dq": [0.00363441,-0.00147637,0.000577933,0.000358653,-0.000533856,0.000340582,-0.00132334], "q_d": [2.21956,0.507959,0.0501072,-1.13308,-1.8146,3.01363,-0.556799], "dq_d": [0,0,0,0,0,0,0], "ddq_d": [0,0,0,0,0,0,0], "joint_contact": [0,0,0,0,0,0,0], "cartesian_contact": [0,0,0,0,0,0], "joint_collision": [0,0,0,0,0,0,0], "cartesian_collision": [0,0,0,0,0,0], "tau_ext_hat_filtered": [-0.378839,-0.973118,-0.538221,-0.415543,0.104698,-1.4815,0.127923], "O_F_ext_hat_K": [0,0,0,0,0,0], "K_F_ext_hat_K": [0,0,0,0,0,0], "O_dP_EE_d": [0,0,0,0,0,0], "O_ddP_O": [0,0,-9.81], "O_T_EE_c": [0.0203827,-0.0360597,-0.999132,0,-0.842339,-0.538925,0.00226631,0,-0.53855,0.841578,-0.04136,0,-0.571977,0.607603,0.596127,1], "O_dP_EE_c": [0,0,0,0,0,0], "O_ddP_EE_c": [0,0,0,0,0,0], "theta": [2.21953,0.505006,0.0502091,-1.13163,-1.81439,3.01364,-0.556797], "dtheta": [0,0,0,0,0,0,0], "current_errors": [], "last_motion_errors": [], "control_command_success_rate": 0, "robot_mode": "User stopped", "time": 25093634}