{"O_T_EE": [0.00853856,-0.0505615,-0.998675,0,-0.868725,-0.494961,0.0176316,0,-0.495206,0.86744,-0.0481512,0,-0.533313,0.640312,0.595753,1], "O_T_EE_d": [0.0084501,-0.0502189,-0.998693,0,-0.86883,-0.494781,0.0175286,0,-0.495024,0.867563,-0.0478136,0,-0.533162,0.640322,0.596023,1], "F_T_NE": [0.7071,-0.7071,0,0,0.7071,0.7071,0,0,0,0,1,0,0,0,0.1034,1], "NE_T_EE": [1,0,0,0,0,1,0,0,0,0,1,0,0,0,0,1], "F_T_EE": [0.7071,-0.7071,0,0,0.7071,0.7071,0,0,0,0,1,0,0,0,0.1034,1], "EE_T_K": [1,0,0,0,0,1,0,0,0,0,1,0,0,0,0,1], "m_ee": 0.73, "F_x_Cee": [-0.01,0,0.03], "I_ee": [0.001,0,0,0,0.0025,0,0,0,0.0017], "m_load": 0, "F_x_Cload": [0,0,0], "I_load": [0,0,0,0,0,0,0,0,0], "m_total": 0.73, "F_x_Ctotal": [-0.01,0,0.03], "I_total": [0.001,0,0,0,0.0025,0,0,0,0.0017], "elbow": [0.104646,-1], "elbow_d": [0.104547,-1], "elbow_c": [0.104547,-1], "delbow_c": [0,0], "ddelbow_c": [0,0], "tau_J": [-1.0462,-45.884,1.50789,20.6729,1.75824,-1.10628,-0.081279], "tau_J_d": [0,0,0,0,0,0,0], "dtau_J": [-52.9877,8.2342,71.3024,-109.222,-36.8796,27.1138,-24.7385], "q": [2.119,0.506446,0.104646,-1.14008,-1.81675,3.01453,-0.565033], "dq": [-0.000151004,-0.000958127,-0.000283115,0.00106879,0.000680732,-0.000221704,0.00155197], "q_d": [2.11892,0.50608,0.104547,-1.14012,-1.81677,3.01447,-0.565066], "dq_d": [0,0,0,0,0,0,0], "ddq_d": [0,0,0,0,0,0,0], "joint_contact": [0,0,0,0,0,0,0], "cartesian_contact": [0,0,0,0,0,0], "joint_collision": [0,0,0,0,0,0,0], "cartesian_collision": [0,0,0,0,0,0], "tau_ext_hat_filtered": [-0.944736,-2.23151,-0.767079,-1.02903,-0.152348,-0.880761,-0.050805], "O_F_ext_hat_K": [0,0,0,0,0,0], "K_F_ext_hat_K": [0,0,0,0,0,0], "O_dP_EE_d": [0,0,0,0,0,0], "O_ddP_O": [0,0,-9.81], "O_T_EE_c": [0.0084501,-0.0502189,-0.998693,0,-0.86883,-0.494781,0.0175286,0,-0.495024,0.867563,-0.0478136,0,-0.533162,0.640322,0.596023,1], "O_dP_EE_c": [0,0,0,0,0,0], "O_ddP_EE_c": [0,0,0,0,0,0], "theta": [2.11893,0.503226,0.104752,-1.13863,-1.81655,3.01441,-0.565042], "dtheta": [0,0,0,0,0,0,0], "current_errors": [], "last_motion_errors": [], "control_command_success_rate": 0, "robot_mode": "User stopped", "time": 25047058}