{"O_T_EE": [0.00295936,-0.0476308,-0.998851,0,-0.93036,-0.366325,0.014712,0,-0.366612,0.929265,-0.0453987,0,-0.452187,0.697345,0.596061,1], "O_T_EE_d": [0.00291854,-0.0474422,-0.99886,0,-0.93048,-0.366024,0.014666,0,-0.366309,0.929394,-0.0452131,0,-0.451991,0.697406,0.59621,1], "F_T_NE": [0.7071,-0.7071,0,0,0.7071,0.7071,0,0,0,0,1,0,0,0,0.1034,1], "NE_T_EE": [1,0,0,0,0,1,0,0,0,0,1,0,0,0,0,1], "F_T_EE": [0.7071,-0.7071,0,0,0.7071,0.7071,0,0,0,0,1,0,0,0,0.1034,1], "EE_T_K": [1,0,0,0,0,1,0,0,0,0,1,0,0,0,0,1], "m_ee": 0.73, "F_x_Cee": [-0.01,0,0.03], "I_ee": [0.001,0,0,0,0.0025,0,0,0,0.0017], "m_load": 0, "F_x_Cload": [0,0,0], "I_load": [0,0,0,0,0,0,0,0,0], "m_total": 0.73, "F_x_Ctotal": [-0.01,0,0.03], "I_total": [0.001,0,0,0,0.0025,0,0,0,0.0017], "elbow": [-0.181772,-1], "elbow_d": [-0.18194,-1], "elbow_c": [-0.18194,-1], "delbow_c": [0,0], "ddelbow_c": [0,0], "tau_J": [-0.296379,-45.281,-1.45567,21.0181,1.9505,-1.31593,-0.0199387], "tau_J_d": [0,0,0,0,0,0,0], "dtau_J": [62.0888,-1.73348,64.269,62.4108,-9.3189,-20.7758,-90.1575], "q": [2.19581,0.496771,-0.181772,-1.14859,-1.74044,3.05566,-0.509874], "dq": [-0.000515997,-0.000457365,-0.00369882,0.000924269,-0.000218722,-5.56055e-06,0.00196611], "q_d": [2.19573,0.496543,-0.18194,-1.14867,-1.74044,3.05557,-0.509886], "dq_d": [0,0,0,0,0,0,0], "ddq_d": [0,0,0,0,0,0,0], "joint_contact": [0,0,0,0,0,0,0], "cartesian_contact": [0,0,0,0,0,0], "joint_collision": [0,0,0,0,0,0,0], "cartesian_collision": [0,0,0,0,0,0], "tau_ext_hat_filtered": [-0.355747,-1.65845,-0.395755,-0.632213,0.0219766,-1.00085,0.0421752], "O_F_ext_hat_K": [0,0,0,0,0,0], "K_F_ext_hat_K": [0,0,0,0,0,0], "O_dP_EE_d": [0,0,0,0,0,0], "O_ddP_O": [0,0,-9.81], "O_T_EE_c": [0.00291854,-0.0474422,-0.99886,0,-0.93048,-0.366024,0.014666,0,-0.366309,0.929394,-0.0452131,0,-0.451991,0.697406,0.59621,1], "O_dP_EE_c": [0,0,0,0,0,0], "O_ddP_EE_c": [0,0,0,0,0,0], "theta": [2.19579,0.493593,-0.181876,-1.14712,-1.74022,3.05552,-0.509876], "dtheta": [0,0,0,0,0,0,0], "current_errors": [], "last_motion_errors": [], "control_command_success_rate": 0, "robot_mode": "User stopped", "time": 25667935}