{"O_T_EE": [-0.0392579,0.0464112,-0.998141,0,-0.96819,-0.248769,0.0265127,0,-0.247081,0.96745,0.054702,0,-0.358827,0.743337,0.607003,1], "O_T_EE_d": [-0.039224,0.0463694,-0.998144,0,-0.968187,-0.248783,0.0264894,0,-0.247097,0.967448,0.0546536,0,-0.358899,0.743287,0.606973,1], "F_T_NE": [0.7071,-0.7071,0,0,0.7071,0.7071,0,0,0,0,1,0,0,0,0.1034,1], "NE_T_EE": [1,0,0,0,0,1,0,0,0,0,1,0,0,0,0,1], "F_T_EE": [0.7071,-0.7071,0,0,0.7071,0.7071,0,0,0,0,1,0,0,0,0.1034,1], "EE_T_K": [1,0,0,0,0,1,0,0,0,0,1,0,0,0,0,1], "m_ee": 0.73, "F_x_Cee": [-0.01,0,0.03], "I_ee": [0.001,0,0,0,0.0025,0,0,0,0.0017], "m_load": 0, "F_x_Cload": [0,0,0], "I_load": [0,0,0,0,0,0,0,0,0], "m_total": 0.73, "F_x_Ctotal": [-0.01,0,0.03], "I_total": [0.001,0,0,0,0.0025,0,0,0,0.0017], "elbow": [-1.69442,-1], "elbow_d": [-1.69439,-1], "elbow_c": [-1.69439,-1], "delbow_c": [0,0], "ddelbow_c": [0,0], "tau_J": [0.675606,36.0761,22.2052,12.5082,1.34626,-1.33607,0.163167], "tau_J_d": [0,0,0,0,0,0,0], "dtau_J": [12.5015,68.9213,4.17479,10.0303,35.5079,-9.28936,-140.09], "q": [-1.98396,-0.915944,-1.69442,-1.30775,-2.48429,2.51817,-0.792324], "dq": [-1.14529e-05,-0.000608219,0.00038284,0.000330909,-0.000654218,0.000490928,0.00372612], "q_d": [-1.98393,-0.915912,-1.69439,-1.30792,-2.48429,2.518,-0.792293], "dq_d": [0,0,0,0,0,0,0], "ddq_d": [0,0,0,0,0,0,0], "joint_contact": [0,0,0,0,0,0,0], "cartesian_contact": [0,0,0,0,0,0], "joint_collision": [0,0,0,0,0,0,0], "cartesian_collision": [0,0,0,0,0,0], "tau_ext_hat_filtered": [0.644256,0.354396,0.361318,-0.833346,0.380606,-1.2557,0.262039], "O_F_ext_hat_K": [-0.692628,-6.54442,-1.50856,2.51181,-0.57544,0.661988], "K_F_ext_hat_K": [1.22923,2.25869,-6.24278,2.22836,0.173988,0.33715], "O_dP_EE_d": [0,0,0,0,0,0], "O_ddP_O": [0,0,-9.81], "O_T_EE_c": [-0.039224,0.0463694,-0.998144,0,-0.968187,-0.248783,0.0264894,0,-0.247097,0.967448,0.0546536,0,-0.358899,0.743287,0.606973,1], "O_dP_EE_c": [0,0,0,0,0,0], "O_ddP_EE_c": [0,0,0,0,0,0], "theta": [-1.98391,-0.913412,-1.69286,-1.30687,-2.48414,2.51802,-0.792306], "dtheta": [0,0,0,0,0,0,0], "current_errors": [], "last_motion_errors": [], "control_command_success_rate": 0, "robot_mode": "User stopped", "time": 4533534}