{"O_T_EE": [0.00368274,-0.0294598,-0.99955,0,-0.996742,-0.0805306,-0.00129891,0,-0.0804576,0.996317,-0.029661,0,-0.224229,0.794137,0.596394,1], "O_T_EE_d": [0.00365749,-0.0293949,-0.999552,0,-0.996761,-0.0802888,-0.00128614,0,-0.0802166,0.996338,-0.0295939,0,-0.224141,0.794161,0.596411,1], "F_T_NE": [0.7071,-0.7071,0,0,0.7071,0.7071,0,0,0,0,1,0,0,0,0.1034,1], "NE_T_EE": [1,0,0,0,0,1,0,0,0,0,1,0,0,0,0,1], "F_T_EE": [0.7071,-0.7071,0,0,0.7071,0.7071,0,0,0,0,1,0,0,0,0.1034,1], "EE_T_K": [1,0,0,0,0,1,0,0,0,0,1,0,0,0,0,1], "m_ee": 0.73, "F_x_Cee": [-0.01,0,0.03], "I_ee": [0.001,0,0,0,0.0025,0,0,0,0.0017], "m_load": 0, "F_x_Cload": [0,0,0], "I_load": [0,0,0,0,0,0,0,0,0], "m_total": 0.73, "F_x_Ctotal": [-0.01,0,0.03], "I_total": [0.001,0,0,0,0.0025,0,0,0,0.0017], "elbow": [-0.634442,-1], "elbow_d": [-0.634506,-1], "elbow_c": [-0.634506,-1], "delbow_c": [0,0], "ddelbow_c": [0,0], "tau_J": [-0.185295,-41.889,-6.96623,19.2526,1.78571,-2.09779,0.112813], "tau_J_d": [0,0,0,0,0,0,0], "dtau_J": [-75.1297,22.0048,2.98563,-62.3785,-10.7229,9.54054,-34.3734], "q": [2.18206,0.544572,-0.634442,-1.12924,-1.73472,3.18084,-0.311367], "dq": [0.000383993,9.64004e-06,0.000358666,-0.000384591,0.00940681,0.000206081,0.000598424], "q_d": [2.18206,0.544534,-0.634506,-1.12931,-1.73471,3.18066,-0.311351], "dq_d": [0,0,0,0,0,0,0], "ddq_d": [0,0,0,0,0,0,0], "joint_contact": [0,0,0,0,0,0,0], "cartesian_contact": [0,0,0,0,0,0], "joint_collision": [0,0,0,0,0,0,0], "cartesian_collision": [0,0,0,0,0,0], "tau_ext_hat_filtered": [-0.165145,-0.0620762,-0.394247,-0.934102,-0.00399751,-1.41374,0.146488], "O_F_ext_hat_K": [0,0,0,0,0,0], "K_F_ext_hat_K": [0,0,0,0,0,0], "O_dP_EE_d": [0,0,0,0,0,0], "O_ddP_O": [0,0,-9.81], "O_T_EE_c": [0.00365749,-0.0293949,-0.999552,0,-0.996761,-0.0802888,-0.00128614,0,-0.0802166,0.996338,-0.0295939,0,-0.224141,0.794161,0.596411,1], "O_dP_EE_c": [0,0,0,0,0,0], "O_ddP_EE_c": [0,0,0,0,0,0], "theta": [2.18205,0.541633,-0.634931,-1.12788,-1.73452,3.18061,-0.311355], "dtheta": [0,0,0,0,0.0381247,0,0], "current_errors": [], "last_motion_errors": [], "control_command_success_rate": 0, "robot_mode": "User stopped", "time": 25781412}