{"O_T_EE": [0.0171389,0.031489,-0.999348,0,-0.990093,-0.138714,-0.021351,0,-0.139298,0.989832,0.0288002,0,-0.268565,0.776976,0.606625,1], "O_T_EE_d": [0.0170259,0.0313666,-0.999353,0,-0.990143,-0.138377,-0.0212122,0,-0.138955,0.989883,0.028702,0,-0.268344,0.777029,0.606666,1], "F_T_NE": [0.7071,-0.7071,0,0,0.7071,0.7071,0,0,0,0,1,0,0,0,0.1034,1], "NE_T_EE": [1,0,0,0,0,1,0,0,0,0,1,0,0,0,0,1], "F_T_EE": [0.7071,-0.7071,0,0,0.7071,0.7071,0,0,0,0,1,0,0,0,0.1034,1], "EE_T_K": [1,0,0,0,0,1,0,0,0,0,1,0,0,0,0,1], "m_ee": 0.73, "F_x_Cee": [-0.01,0,0.03], "I_ee": [0.001,0,0,0,0.0025,0,0,0,0.0017], "m_load": 0, "F_x_Cload": [0,0,0], "I_load": [0,0,0,0,0,0,0,0,0], "m_total": 0.73, "F_x_Ctotal": [-0.01,0,0.03], "I_total": [0.001,0,0,0,0.0025,0,0,0,0.0017], "elbow": [2.21974,-1], "elbow_d": [2.2196,-1], "elbow_c": [2.2196,-1], "delbow_c": [0,0], "ddelbow_c": [0,0], "tau_J": [-1.00652,41.1304,-13.7146,18.1021,2.2334,0.115952,0.174153], "tau_J_d": [0,0,0,0,0,0,0], "dtau_J": [-61.8692,-2.20455,21.6407,9.2349,14.4503,-23.5134,22.9682], "q": [-0.600057,-0.670692,2.21974,-1.424,0.129517,3.45482,-1.98342], "dq": [0.00126392,0.000628904,0.000968345,-9.04395e-05,-0.000355682,0.000285014,-0.00043617], "q_d": [-0.600172,-0.670593,2.2196,-1.42406,0.129587,3.45463,-1.98336], "dq_d": [0,0,0,0,0,0,0], "ddq_d": [0,0,0,0,0,0,0], "joint_contact": [0,0,0,0,0,0,0], "cartesian_contact": [0,0,0,0,0,0], "joint_collision": [0,0,0,0,0,0,0], "cartesian_collision": [0,0,0,0,0,0], "tau_ext_hat_filtered": [-1.00785,1.01195,-0.850828,-0.975116,0.503441,-1.33097,0.157896], "O_F_ext_hat_K": [1.04973,-3.39394,1.8348,1.80189,1.11248,-1.00403], "K_F_ext_hat_K": [-1.92252,-0.607732,-3.45281,1.06983,1.69173,0.185795], "O_dP_EE_d": [0,0,0,0,0,0], "O_ddP_O": [0,0,-9.81], "O_T_EE_c": [0.0170259,0.0313666,-0.999353,0,-0.990143,-0.138377,-0.0212122,0,-0.138955,0.989883,0.028702,0,-0.268344,0.777029,0.606666,1], "O_dP_EE_c": [0,0,0,0,0,0], "O_ddP_EE_c": [0,0,0,0,0,0], "theta": [-0.600128,-0.667806,2.21877,-1.42273,0.129765,3.45484,-1.9834], "dtheta": [0,0,0,0,0,0,0], "current_errors": [], "last_motion_errors": [], "control_command_success_rate": 0, "robot_mode": "User stopped", "time": 1743671}