{"O_T_EE": [-0.0381263,0.0210451,-0.999042,0,-0.954314,-0.297247,0.0301578,0,-0.296334,0.954568,0.0314172,0,-0.403608,0.721402,0.607391,1], "O_T_EE_d": [-0.0380415,0.0211048,-0.999044,0,-0.954344,-0.297161,0.030062,0,-0.296248,0.954593,0.0314463,0,-0.403637,0.721365,0.607414,1], "F_T_NE": [0.7071,-0.7071,0,0,0.7071,0.7071,0,0,0,0,1,0,0,0,0.1034,1], "NE_T_EE": [1,0,0,0,0,1,0,0,0,0,1,0,0,0,0,1], "F_T_EE": [0.7071,-0.7071,0,0,0.7071,0.7071,0,0,0,0,1,0,0,0,0.1034,1], "EE_T_K": [1,0,0,0,0,1,0,0,0,0,1,0,0,0,0,1], "m_ee": 0.73, "F_x_Cee": [-0.01,0,0.03], "I_ee": [0.001,0,0,0,0.0025,0,0,0,0.0017], "m_load": 0, "F_x_Cload": [0,0,0], "I_load": [0,0,0,0,0,0,0,0,0], "m_total": 0.73, "F_x_Ctotal": [-0.01,0,0.03], "I_total": [0.001,0,0,0,0.0025,0,0,0,0.0017], "elbow": [-1.74035,-1], "elbow_d": [-1.74034,-1], "elbow_c": [-1.74034,-1], "delbow_c": [0,0], "ddelbow_c": [0,0], "tau_J": [0.18763,36.453,21.4951,13.6945,1.36457,-1.28664,0.102742], "tau_J_d": [0,0,0,0,0,0,0], "dtau_J": [117.157,-19.5298,-73.5076,91.0933,-32.4366,-4.97095,43.2959], "q": [-1.90625,-0.878136,-1.74035,-1.29285,-2.41635,2.52814,-0.798079], "dq": [-0.000278409,-0.000638121,0.00633148,-0.0111744,0.00035212,-8.72963e-05,-0.00135283], "q_d": [-1.90624,-0.878031,-1.74034,-1.29296,-2.41635,2.52795,-0.798085], "dq_d": [0,0,0,0,0,0,0], "ddq_d": [0,0,0,0,0,0,0], "joint_contact": [0,0,0,0,0,0,0], "cartesian_contact": [0,0,0,0,0,0], "joint_collision": [0,0,0,0,0,0,0], "cartesian_collision": [0,0,0,0,0,0], "tau_ext_hat_filtered": [0.111049,0.504551,0.49981,-0.650612,0.382375,-1.28315,0.0727652], "O_F_ext_hat_K": [1.02463,-7.2497,-0.892245,3.13054,0.352503,0.156799], "K_F_ext_hat_K": [0.699767,1.15025,-7.25199,2.05403,0.512329,0.208842], "O_dP_EE_d": [0,0,0,0,0,0], "O_ddP_O": [0,0,-9.81], "O_T_EE_c": [-0.0380415,0.0211048,-0.999044,0,-0.954344,-0.297161,0.030062,0,-0.296248,0.954593,0.0314463,0,-0.403637,0.721365,0.607414,1], "O_dP_EE_c": [0,0,0,0,0,0], "O_ddP_EE_c": [0,0,0,0,0,0], "theta": [-1.90624,-0.875577,-1.73884,-1.29189,-2.4162,2.528,-0.798068], "dtheta": [0,0,0.0251163,-0.0257927,0,0,0], "current_errors": [], "last_motion_errors": [], "control_command_success_rate": 0, "robot_mode": "User stopped", "time": 4567926}