{"O_T_EE": [-0.028159,0.0331274,-0.999045,0,-0.980983,-0.192877,0.0212543,0,-0.191993,0.980663,0.0379293,0,-0.312653,0.762948,0.606245,1], "O_T_EE_d": [-0.0280929,0.0330835,-0.999048,0,-0.980999,-0.192802,0.0212007,0,-0.19192,0.980679,0.037872,0,-0.312662,0.762913,0.606213,1], "F_T_NE": [0.7071,-0.7071,0,0,0.7071,0.7071,0,0,0,0,1,0,0,0,0.1034,1], "NE_T_EE": [1,0,0,0,0,1,0,0,0,0,1,0,0,0,0,1], "F_T_EE": [0.7071,-0.7071,0,0,0.7071,0.7071,0,0,0,0,1,0,0,0,0.1034,1], "EE_T_K": [1,0,0,0,0,1,0,0,0,0,1,0,0,0,0,1], "m_ee": 0.73, "F_x_Cee": [-0.01,0,0.03], "I_ee": [0.001,0,0,0,0.0025,0,0,0,0.0017], "m_load": 0, "F_x_Cload": [0,0,0], "I_load": [0,0,0,0,0,0,0,0,0], "m_total": 0.73, "F_x_Ctotal": [-0.01,0,0.03], "I_total": [0.001,0,0,0,0.0025,0,0,0,0.0017], "elbow": [-1.56086,-1], "elbow_d": [-1.56082,-1], "elbow_c": [-1.56082,-1], "delbow_c": [0,0], "ddelbow_c": [0,0], "tau_J": [-0.296379,36.3776,24.1928,9.70733,0.980961,-1.21614,0.244649], "tau_J_d": [0,0,0,0,0,0,0], "dtau_J": [69.135,39.0036,-171.692,-243.065,21.4225,9.46508,58.4389], "q": [-2.06272,-1.03755,-1.56086,-1.33117,-2.52416,2.45522,-0.922094], "dq": [-0.00162001,-0.000619985,0.00407981,0.000237199,-8.28109e-05,0.000225129,-0.00139032], "q_d": [-2.06283,-1.03751,-1.56082,-1.33142,-2.52416,2.45501,-0.922051], "dq_d": [0,0,0,0,0,0,0], "ddq_d": [0,0,0,0,0,0,0], "joint_contact": [0,0,0,0,0,0,0], "cartesian_contact": [0,0,0,0,0,0], "joint_collision": [0,0,0,0,0,0,0], "cartesian_collision": [0,0,0,0,0,0], "tau_ext_hat_filtered": [-0.402756,0.107714,0.107076,-0.670315,0.104851,-1.38503,0.211326], "O_F_ext_hat_K": [1.34364,-8.65576,-2.5788,3.20759,0.441011,-0.398462], "K_F_ext_hat_K": [2.2518,0.296603,-8.84417,2.09398,-0.0567039,0.359366], "O_dP_EE_d": [0,0,0,0,0,0], "O_ddP_O": [0,0,-9.81], "O_T_EE_c": [-0.0280929,0.0330835,-0.999048,0,-0.980999,-0.192802,0.0212007,0,-0.19192,0.980679,0.037872,0,-0.312662,0.762913,0.606213,1], "O_dP_EE_c": [0,0,0,0,0,0], "O_ddP_EE_c": [0,0,0,0,0,0], "theta": [-2.06274,-1.035,-1.55916,-1.33049,-2.52405,2.45508,-0.922066], "dtheta": [0,0,0,0,0,0,0], "current_errors": [], "last_motion_errors": [], "control_command_success_rate": 0, "robot_mode": "User stopped", "time": 4450081}