{"O_T_EE": [-0.0124247,-0.0320351,-0.9994,0,-0.998933,0.044644,0.0109878,0,0.0442661,0.998489,-0.0325562,0,-0.122058,0.814279,0.59636,1], "O_T_EE_d": [-0.01237,-0.0319716,-0.999403,0,-0.998913,0.0450924,0.0109214,0,0.0447171,0.998471,-0.0324953,0,-0.121862,0.814325,0.596356,1], "F_T_NE": [0.7071,-0.7071,0,0,0.7071,0.7071,0,0,0,0,1,0,0,0,0.1034,1], "NE_T_EE": [1,0,0,0,0,1,0,0,0,0,1,0,0,0,0,1], "F_T_EE": [0.7071,-0.7071,0,0,0.7071,0.7071,0,0,0,0,1,0,0,0,0.1034,1], "EE_T_K": [1,0,0,0,0,1,0,0,0,0,1,0,0,0,0,1], "m_ee": 0.73, "F_x_Cee": [-0.01,0,0.03], "I_ee": [0.001,0,0,0,0.0025,0,0,0,0.0017], "m_load": 0, "F_x_Cload": [0,0,0], "I_load": [0,0,0,0,0,0,0,0,0], "m_total": 0.73, "F_x_Ctotal": [-0.01,0,0.03], "I_total": [0.001,0,0,0,0.0025,0,0,0,0.0017], "elbow": [0.285849,-1], "elbow_d": [0.285743,-1], "elbow_c": [0.285743,-1], "delbow_c": [0,0], "ddelbow_c": [0,0], "tau_J": [-0.633598,-41.5478,2.82106,20.7483,1.56598,-2.07765,0.112813], "tau_J_d": [0,0,0,0,0,0,0], "dtau_J": [-7.3431,23.0226,87.7177,-97.5823,4.51142,-20.6969,90.7898], "q": [1.45459,0.467955,0.285849,-1.20734,-1.96513,2.93861,-0.496322], "dq": [-0.000614386,-0.000367949,-0.000949921,-0.00158126,-0.000295077,0.00218215,-0.00178246], "q_d": [1.45449,0.467952,0.285743,-1.20735,-1.96514,2.93833,-0.496317], "dq_d": [0,0,0,0,0,0,0], "ddq_d": [0,0,0,0,0,0,0], "joint_contact": [0,0,0,0,0,0,0], "cartesian_contact": [0,0,0,0,0,0], "joint_collision": [0,0,0,0,0,0,0], "cartesian_collision": [0,0,0,0,0,0], "tau_ext_hat_filtered": [-0.671933,0.208369,-1.34061,-0.890645,-0.125998,-1.7033,0.0825891], "O_F_ext_hat_K": [0,0,0,0,0,0], "K_F_ext_hat_K": [0,0,0,0,0,0], "O_dP_EE_d": [0,0,0,0,0,0], "O_ddP_O": [0,0,-9.81], "O_T_EE_c": [-0.01237,-0.0319716,-0.999403,0,-0.998913,0.0450924,0.0109214,0,0.0447171,0.998471,-0.0324953,0,-0.121862,0.814325,0.596356,1], "O_dP_EE_c": [0,0,0,0,0,0], "O_ddP_EE_c": [0,0,0,0,0,0], "theta": [1.45454,0.465039,0.286046,-1.20588,-1.96495,2.93837,-0.49631], "dtheta": [0,0,0,0,0,0,0], "current_errors": [], "last_motion_errors": [], "control_command_success_rate": 0, "robot_mode": "User stopped", "time": 25992175}