{"O_T_EE": [-0.00241114,-0.0228584,-0.999726,0,-0.972753,0.231783,-0.00295354,0,0.231791,0.972498,-0.0227948,0,0.0266944,0.818322,0.596675,1], "O_T_EE_d": [-0.00248259,-0.0228504,-0.999726,0,-0.972765,0.231734,-0.00288102,0,0.231741,0.97251,-0.0228038,0,0.0265668,0.818325,0.596658,1], "F_T_NE": [0.7071,-0.7071,0,0,0.7071,0.7071,0,0,0,0,1,0,0,0,0.1034,1], "NE_T_EE": [1,0,0,0,0,1,0,0,0,0,1,0,0,0,0,1], "F_T_EE": [0.7071,-0.7071,0,0,0.7071,0.7071,0,0,0,0,1,0,0,0,0.1034,1], "EE_T_K": [1,0,0,0,0,1,0,0,0,0,1,0,0,0,0,1], "m_ee": 0.73, "F_x_Cee": [-0.01,0,0.03], "I_ee": [0.001,0,0,0,0.0025,0,0,0,0.0017], "m_load": 0, "F_x_Cload": [0,0,0], "I_load": [0,0,0,0,0,0,0,0,0], "m_total": 0.73, "F_x_Ctotal": [-0.01,0,0.03], "I_total": [0.001,0,0,0,0.0025,0,0,0,0.0017], "elbow": [0.0089142,-1], "elbow_d": [0.0090189,-1], "elbow_c": [0.0090189,-1], "delbow_c": [0,0], "ddelbow_c": [0,0], "tau_J": [0.18763,-42.2659,0.758075,20.8237,1.79486,-1.81764,0.0926712], "tau_J_d": [0,0,0,0,0,0,0], "dtau_J": [26.6473,-27.8891,-107.433,53.3166,16.9859,-16.233,25.1326], "q": [1.469,0.438875,0.0089142,-1.21265,-1.96162,2.98976,-0.394047], "dq": [-0.000761955,-0.000496159,0.000570079,-0.000208689,-0.000369976,9.65207e-05,0.00136107], "q_d": [1.46912,0.438834,0.0090189,-1.21276,-1.96161,2.98958,-0.394011], "dq_d": [0,0,0,0,0,0,0], "ddq_d": [0,0,0,0,0,0,0], "joint_contact": [0,0,0,0,0,0,0], "cartesian_contact": [0,0,0,0,0,0], "joint_collision": [0,0,0,0,0,0,0], "cartesian_collision": [0,0,0,0,0,0], "tau_ext_hat_filtered": [0.0815452,0.00177647,-0.173267,-0.975862,0.160206,-1.24252,0.11721], "O_F_ext_hat_K": [0,0,0,0,0,0], "K_F_ext_hat_K": [0,0,0,0,0,0], "O_dP_EE_d": [0,0,0,0,0,0], "O_ddP_O": [0,0,-9.81], "O_T_EE_c": [-0.00248259,-0.0228504,-0.999726,0,-0.972765,0.231734,-0.00288102,0,0.231741,0.97251,-0.0228038,0,0.0265668,0.818325,0.596658,1], "O_dP_EE_c": [0,0,0,0,0,0], "O_ddP_EE_c": [0,0,0,0,0,0], "theta": [1.46902,0.435909,0.0089674,-1.21119,-1.96141,2.98956,-0.394037], "dtheta": [0,0,0,0,0,0,0], "current_errors": [], "last_motion_errors": [], "control_command_success_rate": 0, "robot_mode": "User stopped", "time": 26079468}