{"O_T_EE": [-0.0217373,-0.0321247,-0.999238,0,-0.994786,0.100215,0.0184186,0,0.0995492,0.994447,-0.0341362,0,-0.0721416,0.818332,0.596212,1], "O_T_EE_d": [-0.0217326,-0.032154,-0.999237,0,-0.994779,0.100279,0.0184088,0,0.0996124,0.99444,-0.0341661,0,-0.0721873,0.818332,0.596177,1], "F_T_NE": [0.7071,-0.7071,0,0,0.7071,0.7071,0,0,0,0,1,0,0,0,0.1034,1], "NE_T_EE": [1,0,0,0,0,1,0,0,0,0,1,0,0,0,0,1], "F_T_EE": [0.7071,-0.7071,0,0,0.7071,0.7071,0,0,0,0,1,0,0,0,0.1034,1], "EE_T_K": [1,0,0,0,0,1,0,0,0,0,1,0,0,0,0,1], "m_ee": 0.73, "F_x_Cee": [-0.01,0,0.03], "I_ee": [0.001,0,0,0,0.0025,0,0,0,0.0017], "m_load": 0, "F_x_Cload": [0,0,0], "I_load": [0,0,0,0,0,0,0,0,0], "m_total": 0.73, "F_x_Ctotal": [-0.01,0,0.03], "I_total": [0.001,0,0,0,0.0025,0,0,0,0.0017], "elbow": [0.245823,-1], "elbow_d": [0.245872,-1], "elbow_c": [0.245872,-1], "delbow_c": [0,0], "ddelbow_c": [0,0], "tau_J": [0.151925,-41.1709,3.38045,20.3635,1.69416,-1.65651,0.153096], "tau_J_d": [0,0,0,0,0,0,0], "dtau_J": [91.904,-115.072,-76.0807,9.82384,-36.6296,7.48287,117.502], "q": [1.41832,0.459224,0.245823,-1.21143,-1.96392,2.95613,-0.471496], "dq": [-0.000620193,0.00145565,0.00094784,-0.000923438,0.000599392,0.00017841,-0.00238619], "q_d": [1.41838,0.459202,0.245872,-1.21154,-1.96393,2.95595,-0.471495], "dq_d": [0,0,0,0,0,0,0], "ddq_d": [0,0,0,0,0,0,0], "joint_contact": [0,0,0,0,0,0,0], "cartesian_contact": [0,0,0,0,0,0], "joint_collision": [0,0,0,0,0,0,0], "cartesian_collision": [0,0,0,0,0,0], "tau_ext_hat_filtered": [0.107235,0.73722,-0.205943,-1.40801,0.00914879,-1.25547,0.104321], "O_F_ext_hat_K": [0,0,0,0,0,0], "K_F_ext_hat_K": [0,0,0,0,0,0], "O_dP_EE_d": [0,0,0,0,0,0], "O_ddP_O": [0,0,-9.81], "O_T_EE_c": [-0.0217326,-0.032154,-0.999237,0,-0.994779,0.100279,0.0184088,0,0.0996124,0.99444,-0.0341661,0,-0.0721873,0.818332,0.596177,1], "O_dP_EE_c": [0,0,0,0,0,0], "O_ddP_EE_c": [0,0,0,0,0,0], "theta": [1.41833,0.456334,0.24606,-1.21,-1.96374,2.95595,-0.471479], "dtheta": [0,0,0,0,0,0,0], "current_errors": [], "last_motion_errors": [], "control_command_success_rate": 0, "robot_mode": "User stopped", "time": 25970360}