{"O_T_EE": [0.0102521,0.043289,-0.999,0,-0.888561,0.458611,0.010754,0,0.458627,0.88758,0.0431675,0,0.230181,0.77985,0.597451,1], "O_T_EE_d": [0.0101931,0.0432266,-0.999004,0,-0.888516,0.458699,0.010782,0,0.458716,0.887538,0.0430839,0,0.230123,0.779899,0.597397,1], "F_T_NE": [0.7071,-0.7071,0,0,0.7071,0.7071,0,0,0,0,1,0,0,0,0.1034,1], "NE_T_EE": [1,0,0,0,0,1,0,0,0,0,1,0,0,0,0,1], "F_T_EE": [0.7071,-0.7071,0,0,0.7071,0.7071,0,0,0,0,1,0,0,0,0.1034,1], "EE_T_K": [1,0,0,0,0,1,0,0,0,0,1,0,0,0,0,1], "m_ee": 0.73, "F_x_Cee": [-0.01,0,0.03], "I_ee": [0.001,0,0,0,0.0025,0,0,0,0.0017], "m_load": 0, "F_x_Cload": [0,0,0], "I_load": [0,0,0,0,0,0,0,0,0], "m_total": 0.73, "F_x_Ctotal": [-0.01,0,0.03], "I_total": [0.001,0,0,0,0.0025,0,0,0,0.0017], "elbow": [1.67245,-1], "elbow_d": [1.67239,-1], "elbow_c": [1.67239,-1], "delbow_c": [0,0], "ddelbow_c": [0,0], "tau_J": [1.11994,-34.7637,24.9823,8.94164,0.797855,-1.28664,0.285847], "tau_J_d": [0,0,0,0,0,0,0], "dtau_J": [-133.776,-29.7354,64.921,31.5497,3.16647,21.0235,53.696], "q": [0.350308,1.11849,1.67245,-1.42393,-2.59799,2.39902,-0.956895], "dq": [0.000887817,0.00167371,-0.000344378,0.00127993,-0.000239975,-0.000191548,-0.00224039], "q_d": [0.350495,1.11852,1.67239,-1.42391,-2.59802,2.39878,-0.956844], "dq_d": [0,0,0,0,0,0,0], "ddq_d": [0,0,0,0,0,0,0], "joint_contact": [0,0,0,0,0,0,0], "cartesian_contact": [0,0,0,0,0,0], "joint_collision": [0,0,0,0,0,0,0], "cartesian_collision": [0,0,0,0,0,0], "tau_ext_hat_filtered": [1.15692,0.312044,-0.739595,0.298754,0.0837963,-1.48691,0.275918], "O_F_ext_hat_K": [-2.61585,5.41743,-0.168386,-3.2395,-1.1234,1.15299], "K_F_ext_hat_K": [0.375923,4.80712,3.60144,2.15056,0.0466959,0.322434], "O_dP_EE_d": [0,0,0,0,0,0], "O_ddP_O": [0,0,-9.81], "O_T_EE_c": [0.0101931,0.0432266,-0.999004,0,-0.888516,0.458699,0.010782,0,0.458716,0.887538,0.0430839,0,0.230123,0.779899,0.597397,1], "O_dP_EE_c": [0,0,0,0,0,0], "O_ddP_EE_c": [0,0,0,0,0,0], "theta": [0.350387,1.11605,1.67421,-1.4233,-2.59791,2.39888,-0.956864], "dtheta": [0,0,0,0,0,0,0], "current_errors": [], "last_motion_errors": [], "control_command_success_rate": 0, "robot_mode": "User stopped", "time": 20323901}