{"O_T_EE": [-0.00379833,-0.0215759,-0.99975,0,-0.956587,0.2914,-0.00265447,0,0.291391,0.956357,-0.0217465,0,0.0763675,0.814047,0.596758,1], "O_T_EE_d": [-0.00386502,-0.021625,-0.999749,0,-0.956623,0.291283,-0.00260226,0,0.291272,0.956392,-0.0218132,0,0.0762151,0.81407,0.596702,1], "F_T_NE": [0.7071,-0.7071,0,0,0.7071,0.7071,0,0,0,0,1,0,0,0,0.1034,1], "NE_T_EE": [1,0,0,0,0,1,0,0,0,0,1,0,0,0,0,1], "F_T_EE": [0.7071,-0.7071,0,0,0.7071,0.7071,0,0,0,0,1,0,0,0,0.1034,1], "EE_T_K": [1,0,0,0,0,1,0,0,0,0,1,0,0,0,0,1], "m_ee": 0.73, "F_x_Cee": [-0.01,0,0.03], "I_ee": [0.001,0,0,0,0.0025,0,0,0,0.0017], "m_load": 0, "F_x_Cload": [0,0,0], "I_load": [0,0,0,0,0,0,0,0,0], "m_total": 0.73, "F_x_Ctotal": [-0.01,0,0.03], "I_total": [0.001,0,0,0,0.0025,0,0,0,0.0017], "elbow": [-0.0823708,-1], "elbow_d": [-0.082262,-1], "elbow_c": [-0.082262,-1], "delbow_c": [0,0], "ddelbow_c": [0,0], "tau_J": [0.298714,-41.397,-0.142498,20.2127,1.72162,-1.76729,0.174153], "tau_J_d": [0,0,0,0,0,0,0], "dtau_J": [113.498,163.557,-11.1451,-1.55008,-17.6029,25.9823,27.4638], "q": [1.47312,0.436731,-0.0823708,-1.21141,-1.95511,3.00936,-0.362921], "dq": [-0.00087099,-0.00137371,0.000594823,0.000524121,-0.00285869,0.000132214,0.000211775], "q_d": [1.47326,0.436737,-0.082262,-1.21151,-1.95511,3.00924,-0.362903], "dq_d": [0,0,0,0,0,0,0], "ddq_d": [0,0,0,0,0,0,0], "joint_contact": [0,0,0,0,0,0,0], "cartesian_contact": [0,0,0,0,0,0], "joint_collision": [0,0,0,0,0,0,0], "cartesian_collision": [0,0,0,0,0,0], "tau_ext_hat_filtered": [0.270395,0.794698,-0.0202475,-1.57027,0.116142,-1.13568,0.199447], "O_F_ext_hat_K": [0,0,0,0,0,0], "K_F_ext_hat_K": [0,0,0,0,0,0], "O_dP_EE_d": [0,0,0,0,0,0], "O_ddP_O": [0,0,-9.81], "O_T_EE_c": [-0.00386502,-0.021625,-0.999749,0,-0.956623,0.291283,-0.00260226,0,0.291272,0.956392,-0.0218132,0,0.0762151,0.81407,0.596702,1], "O_dP_EE_c": [0,0,0,0,0,0], "O_ddP_EE_c": [0,0,0,0,0,0], "theta": [1.47314,0.433826,-0.0823812,-1.20999,-1.95492,3.00916,-0.362902], "dtheta": [0,0,0,0,0,0,0], "current_errors": [], "last_motion_errors": [], "control_command_success_rate": 0, "robot_mode": "User stopped", "time": 26102884}