{"O_T_EE": [0.000383341,0.0355049,-0.99936,0,-0.748996,0.662152,0.0232374,0,0.662566,0.748522,0.0268474,0,0.412084,0.695003,0.598811,1], "O_T_EE_d": [0.000363849,0.0356071,-0.999356,0,-0.749107,0.662024,0.0233152,0,0.662441,0.748631,0.0269149,0,0.411896,0.695091,0.598888,1], "F_T_NE": [0.7071,-0.7071,0,0,0.7071,0.7071,0,0,0,0,1,0,0,0,0.1034,1], "NE_T_EE": [1,0,0,0,0,1,0,0,0,0,1,0,0,0,0,1], "F_T_EE": [0.7071,-0.7071,0,0,0.7071,0.7071,0,0,0,0,1,0,0,0,0.1034,1], "EE_T_K": [1,0,0,0,0,1,0,0,0,0,1,0,0,0,0,1], "m_ee": 0.73, "F_x_Cee": [-0.01,0,0.03], "I_ee": [0.001,0,0,0,0.0025,0,0,0,0.0017], "m_load": 0, "F_x_Cload": [0,0,0], "I_load": [0,0,0,0,0,0,0,0,0], "m_total": 0.73, "F_x_Ctotal": [-0.01,0,0.03], "I_total": [0.001,0,0,0,0.0025,0,0,0,0.0017], "elbow": [1.66763,-1], "elbow_d": [1.66775,-1], "elbow_c": [1.66775,-1], "delbow_c": [0,0], "ddelbow_c": [0,0], "tau_J": [0.93348,-34.1607,25.3195,8.94164,0.889408,-1.04585,0.204366], "tau_J_d": [0,0,0,0,0,0,0], "dtau_J": [13.7832,-245.232,32.0012,-38.2243,-19.564,-17.7842,100.77], "q": [0.0830354,1.09329,1.66763,-1.44369,-2.55767,2.39726,-0.945813], "dq": [-0.000843193,0.0025385,-8.932e-06,-0.000136328,0.000262784,7.57521e-05,-0.00289067], "q_d": [0.0832875,1.09326,1.66775,-1.44369,-2.55767,2.39712,-0.945799], "dq_d": [0,0,0,0,0,0,0], "ddq_d": [0,0,0,0,0,0,0], "joint_contact": [0,0,0,0,0,0,0], "cartesian_contact": [0,0,0,0,0,0], "joint_collision": [0,0,0,0,0,0,0], "cartesian_collision": [0,0,0,0,0,0], "tau_ext_hat_filtered": [0.886194,0.10828,-0.303106,-0.364122,0.190814,-1.2814,0.151961], "O_F_ext_hat_K": [-3.0709,1.62888,-0.648172,-1.45747,-1.1262,0.876015], "K_F_ext_hat_K": [0.704426,3.36366,-0.832824,1.94411,0.273875,0.260787], "O_dP_EE_d": [0,0,0,0,0,0], "O_ddP_O": [0,0,-9.81], "O_T_EE_c": [0.000363849,0.0356071,-0.999356,0,-0.749107,0.662024,0.0233152,0,0.662441,0.748631,0.0269149,0,0.411896,0.695091,0.598888,1], "O_dP_EE_c": [0,0,0,0,0,0], "O_ddP_EE_c": [0,0,0,0,0,0], "theta": [0.0831002,1.09089,1.66941,-1.44307,-2.55757,2.39715,-0.94579], "dtheta": [0,0,0,0,0,0,0], "current_errors": [], "last_motion_errors": [], "control_command_success_rate": 0, "robot_mode": "User stopped", "time": 20649470}