{"O_T_EE": [0.0120743,0.028906,-0.9995,0,-0.777684,0.628579,0.00878414,0,0.62853,0.777204,0.03007,0,0.368133,0.720584,0.599102,1], "O_T_EE_d": [0.0120648,0.0289699,-0.999498,0,-0.777678,0.628585,0.00883195,0,0.628538,0.777196,0.0301135,0,0.368019,0.720648,0.599147,1], "F_T_NE": [0.7071,-0.7071,0,0,0.7071,0.7071,0,0,0,0,1,0,0,0,0.1034,1], "NE_T_EE": [1,0,0,0,0,1,0,0,0,0,1,0,0,0,0,1], "F_T_EE": [0.7071,-0.7071,0,0,0.7071,0.7071,0,0,0,0,1,0,0,0,0.1034,1], "EE_T_K": [1,0,0,0,0,1,0,0,0,0,1,0,0,0,0,1], "m_ee": 0.73, "F_x_Cee": [-0.01,0,0.03], "I_ee": [0.001,0,0,0,0.0025,0,0,0,0.0017], "m_load": 0, "F_x_Cload": [0,0,0], "I_load": [0,0,0,0,0,0,0,0,0], "m_total": 0.73, "F_x_Ctotal": [-0.01,0,0.03], "I_total": [0.001,0,0,0,0.0025,0,0,0,0.0017], "elbow": [1.56422,-1], "elbow_d": [1.56426,-1], "elbow_c": [1.56426,-1], "delbow_c": [0,0], "ddelbow_c": [0,0], "tau_J": [0.374093,-33.4823,23.3319,12.1631,0.834477,-1.47707,0.0816849], "tau_J_d": [0,0,0,0,0,0,0], "dtau_J": [-4.01321,-82.5545,10.0794,64.1376,-7.20633,-35.3252,-15.3397], "q": [0.151355,0.973343,1.56422,-1.42529,-2.50545,2.43402,-0.858799], "dq": [0.000717934,0.000923785,-0.000345911,-6.66404e-06,-0.000281172,0.000364849,4.64607e-05], "q_d": [0.151596,0.973323,1.56426,-1.42523,-2.50546,2.4338,-0.858784], "dq_d": [0,0,0,0,0,0,0], "ddq_d": [0,0,0,0,0,0,0], "joint_contact": [0,0,0,0,0,0,0], "cartesian_contact": [0,0,0,0,0,0], "joint_collision": [0,0,0,0,0,0,0], "cartesian_collision": [0,0,0,0,0,0], "tau_ext_hat_filtered": [0.338592,-0.132674,-0.488264,0.096118,0.0746313,-1.53097,0.115618], "O_F_ext_hat_K": [-2.61233,1.75559,-0.583532,-1.39896,-1.15211,0.339857], "K_F_ext_hat_K": [0.602457,3.13003,-0.295025,2.19439,0.048302,0.134236], "O_dP_EE_d": [0,0,0,0,0,0], "O_ddP_O": [0,0,-9.81], "O_T_EE_c": [0.0120648,0.0289699,-0.999498,0,-0.777678,0.628585,0.00883195,0,0.628538,0.777196,0.0301135,0,0.368019,0.720648,0.599147,1], "O_dP_EE_c": [0,0,0,0,0,0], "O_ddP_EE_c": [0,0,0,0,0,0], "theta": [0.151382,0.970994,1.56586,-1.42444,-2.50536,2.43386,-0.85879], "dtheta": [0,0,0,0,0,0,0], "current_errors": [], "last_motion_errors": [], "control_command_success_rate": 0, "robot_mode": "User stopped", "time": 20470262}