{"O_T_EE": [0.00409369,0.0362541,-0.999325,0,-0.822439,0.568575,0.017258,0,0.568827,0.821829,0.032145,0,0.323631,0.74305,0.598677,1], "O_T_EE_d": [0.00401598,0.0363087,-0.999323,0,-0.822448,0.568558,0.0173524,0,0.568814,0.821838,0.032146,0,0.323508,0.743101,0.598701,1], "F_T_NE": [0.7071,-0.7071,0,0,0.7071,0.7071,0,0,0,0,1,0,0,0,0.1034,1], "NE_T_EE": [1,0,0,0,0,1,0,0,0,0,1,0,0,0,0,1], "F_T_EE": [0.7071,-0.7071,0,0,0.7071,0.7071,0,0,0,0,1,0,0,0,0.1034,1], "EE_T_K": [1,0,0,0,0,1,0,0,0,0,1,0,0,0,0,1], "m_ee": 0.73, "F_x_Cee": [-0.01,0,0.03], "I_ee": [0.001,0,0,0,0.0025,0,0,0,0.0017], "m_load": 0, "F_x_Cload": [0,0,0], "I_load": [0,0,0,0,0,0,0,0,0], "m_total": 0.73, "F_x_Ctotal": [-0.01,0,0.03], "I_total": [0.001,0,0,0,0.0025,0,0,0,0.0017], "elbow": [1.61639,-1], "elbow_d": [1.61645,-1], "elbow_c": [1.61645,-1], "delbow_c": [0,0], "ddelbow_c": [0,0], "tau_J": [0.600228,-34.121,24.6451,10.6674,0.916874,-1.24635,0.265706], "tau_J_d": [0,0,0,0,0,0,0], "dtau_J": [-112.23,-60.8054,85.0001,72.5507,0.150954,1.93008,81.9302], "q": [0.214917,1.04014,1.61639,-1.42521,-2.54008,2.42203,-0.902345], "dq": [0.000233861,0.000864934,-0.0094779,0.000105648,0.000296658,0.000540603,-0.00111558], "q_d": [0.215109,1.04013,1.61645,-1.42522,-2.54008,2.4218,-0.902286], "dq_d": [0,0,0,0,0,0,0], "ddq_d": [0,0,0,0,0,0,0], "joint_contact": [0,0,0,0,0,0,0], "cartesian_contact": [0,0,0,0,0,0], "joint_collision": [0,0,0,0,0,0,0], "cartesian_collision": [0,0,0,0,0,0], "tau_ext_hat_filtered": [0.658826,-0.151564,-0.0752834,0.131575,0.168462,-1.38458,0.235078], "O_F_ext_hat_K": [-2.72027,2.06072,0.0465024,-1.16781,-1.2344,0.657871], "K_F_ext_hat_K": [0.0171028,3.4098,0.147688,2.04397,0.171856,0.288861], "O_dP_EE_d": [0,0,0,0,0,0], "O_ddP_O": [0,0,-9.81], "O_T_EE_c": [0.00401598,0.0363087,-0.999323,0,-0.822448,0.568558,0.0173524,0,0.568814,0.821838,0.032146,0,0.323508,0.743101,0.598701,1], "O_dP_EE_c": [0,0,0,0,0,0], "O_ddP_EE_c": [0,0,0,0,0,0], "theta": [0.214959,1.03774,1.61812,-1.42446,-2.53998,2.42189,-0.902316], "dtheta": [0,0,-0.0253238,0,0,0,0], "current_errors": [], "last_motion_errors": [], "control_command_success_rate": 0, "robot_mode": "User stopped", "time": 20419533}