{"O_T_EE": [0.0204503,0.0443843,-0.998796,0,-0.671242,0.740977,0.0191837,0,0.74095,0.670054,0.0449467,0,0.494285,0.636254,0.596961,1], "O_T_EE_d": [0.0205155,0.0442845,-0.998799,0,-0.671119,0.741091,0.0190734,0,0.74106,0.669934,0.0449249,0,0.494258,0.636254,0.596953,1], "F_T_NE": [0.7071,-0.7071,0,0,0.7071,0.7071,0,0,0,0,1,0,0,0,0.1034,1], "NE_T_EE": [1,0,0,0,0,1,0,0,0,0,1,0,0,0,0,1], "F_T_EE": [0.7071,-0.7071,0,0,0.7071,0.7071,0,0,0,0,1,0,0,0,0.1034,1], "EE_T_K": [1,0,0,0,0,1,0,0,0,0,1,0,0,0,0,1], "m_ee": 0.73, "F_x_Cee": [-0.01,0,0.03], "I_ee": [0.001,0,0,0,0.0025,0,0,0,0.0017], "m_load": 0, "F_x_Cload": [0,0,0], "I_load": [0,0,0,0,0,0,0,0,0], "m_total": 0.73, "F_x_Ctotal": [-0.01,0,0.03], "I_total": [0.001,0,0,0,0.0025,0,0,0,0.0017], "elbow": [1.86042,-1], "elbow_d": [1.86037,-1], "elbow_c": [1.86037,-1], "delbow_c": [0,0], "ddelbow_c": [0,0], "tau_J": [-0.41143,-36.5331,27.4182,3.03832,0.469181,-0.985427,0.122884], "tau_J_d": [0,0,0,0,0,0,0], "dtau_J": [-28.4618,-97.9743,-0.37368,77.3735,-4.98687,2.30058,-43.8132], "q": [-0.0102456,1.34731,1.86042,-1.4886,-2.71296,2.30899,-1.13372], "dq": [-0.000413022,0.000745788,0.000331678,-0.00103943,-0.000323248,-0.000340774,0.000891561], "q_d": [-0.0102755,1.3472,1.86037,-1.48874,-2.71299,2.30872,-1.13366], "dq_d": [0,0,0,0,0,0,0], "ddq_d": [0,0,0,0,0,0,0], "joint_contact": [0,0,0,0,0,0,0], "cartesian_contact": [0,0,0,0,0,0], "joint_collision": [0,0,0,0,0,0,0], "cartesian_collision": [0,0,0,0,0,0], "tau_ext_hat_filtered": [-0.481872,-0.0487981,0.0268334,0.0138423,-0.0537989,-1.47774,0.159643], "O_F_ext_hat_K": [-4.31659,-2.55265,-0.951105,0.91041,-1.59172,-0.511711], "K_F_ext_hat_K": [0.748401,0.987796,-4.95153,2.01673,0.348811,0.249213], "O_dP_EE_d": [0,0,0,0,0,0], "O_ddP_O": [0,0,-9.81], "O_T_EE_c": [0.0205155,0.0442845,-0.998799,0,-0.671119,0.741091,0.0190734,0,0.74106,0.669934,0.0449249,0,0.494258,0.636254,0.596953,1], "O_dP_EE_c": [0,0,0,0,0,0], "O_ddP_EE_c": [0,0,0,0,0,0], "theta": [-0.0102745,1.34474,1.86235,-1.48838,-2.71291,2.30888,-1.1337], "dtheta": [0,0,0,0,0,0,0], "current_errors": [], "last_motion_errors": ["cartesian_reflex"], "control_command_success_rate": 0, "robot_mode": "User stopped", "time": 17833137}