{"O_T_EE": [-0.00859726,0.0220982,-0.999709,0,-0.698528,0.715237,0.0218172,0,0.715525,0.698526,0.00928732,0,0.454202,0.667163,0.598698,1], "O_T_EE_d": [-0.00863537,0.0221098,-0.999709,0,-0.698562,0.715202,0.0218517,0,0.715491,0.698561,0.0092692,0,0.454095,0.667232,0.598707,1], "F_T_NE": [0.7071,-0.7071,0,0,0.7071,0.7071,0,0,0,0,1,0,0,0,0.1034,1], "NE_T_EE": [1,0,0,0,0,1,0,0,0,0,1,0,0,0,0,1], "F_T_EE": [0.7071,-0.7071,0,0,0.7071,0.7071,0,0,0,0,1,0,0,0,0.1034,1], "EE_T_K": [1,0,0,0,0,1,0,0,0,0,1,0,0,0,0,1], "m_ee": 0.73, "F_x_Cee": [-0.01,0,0.03], "I_ee": [0.001,0,0,0,0.0025,0,0,0,0.0017], "m_load": 0, "F_x_Cload": [0,0,0], "I_load": [0,0,0,0,0,0,0,0,0], "m_total": 0.73, "F_x_Ctotal": [-0.01,0,0.03], "I_total": [0.001,0,0,0,0.0025,0,0,0,0.0017], "elbow": [1.7181,-1], "elbow_d": [1.71813,-1], "elbow_c": [1.71813,-1], "delbow_c": [0,0], "ddelbow_c": [0,0], "tau_J": [0.298714,-34.6883,26.2201,7.41027,0.889408,-0.885635,0.163167], "tau_J_d": [0,0,0,0,0,0,0], "dtau_J": [-75.1847,-59.3455,25.1667,78.7195,-10.9667,31.699,-43.9451], "q": [0.0258554,1.14721,1.7181,-1.45682,-2.56298,2.34874,-1.00912], "dq": [0.000787881,0.000618752,-0.000133598,0.0031578,0.000530279,-0.000402101,0.00157454], "q_d": [0.0260308,1.14721,1.71813,-1.45685,-2.56299,2.34857,-1.0091], "dq_d": [0,0,0,0,0,0,0], "ddq_d": [0,0,0,0,0,0,0], "joint_contact": [0,0,0,0,0,0,0], "cartesian_contact": [0,0,0,0,0,0], "joint_collision": [0,0,0,0,0,0,0], "cartesian_collision": [0,0,0,0,0,0], "tau_ext_hat_filtered": [0.324299,-0.16469,0.0231657,-0.537597,0.281781,-1.27412,0.203267], "O_F_ext_hat_K": [-4.60243,-1.89375,-0.815262,0.435946,-1.80107,0.311049], "K_F_ext_hat_K": [0.81276,1.84269,-4.62356,1.91307,0.483811,0.280228], "O_dP_EE_d": [0,0,0,0,0,0], "O_ddP_O": [0,0,-9.81], "O_T_EE_c": [-0.00863537,0.0221098,-0.999709,0,-0.698562,0.715202,0.0218517,0,0.715491,0.698561,0.0092692,0,0.454095,0.667232,0.598707,1], "O_dP_EE_c": [0,0,0,0,0,0], "O_ddP_EE_c": [0,0,0,0,0,0], "theta": [0.0258763,1.14478,1.71994,-1.4563,-2.56288,2.34864,-1.00911], "dtheta": [0,0,0,0,0,0,0], "current_errors": [], "last_motion_errors": [], "control_command_success_rate": 0, "robot_mode": "User stopped", "time": 20611472}