{"O_T_EE": [-0.0314187,-0.00545622,-0.999482,0,-0.435935,0.899925,0.00879088,0,0.899428,0.435993,-0.0306536,0,0.647696,0.471577,0.599854,1], "O_T_EE_d": [-0.0311407,-0.00540755,-0.999491,0,-0.436018,0.899885,0.00871616,0,0.899397,0.436075,-0.0303814,0,0.647533,0.471699,0.600035,1], "F_T_NE": [0.7071,-0.7071,0,0,0.7071,0.7071,0,0,0,0,1,0,0,0,0.1034,1], "NE_T_EE": [1,0,0,0,0,1,0,0,0,0,1,0,0,0,0,1], "F_T_EE": [0.7071,-0.7071,0,0,0.7071,0.7071,0,0,0,0,1,0,0,0,0.1034,1], "EE_T_K": [1,0,0,0,0,1,0,0,0,0,1,0,0,0,0,1], "m_ee": 0.73, "F_x_Cee": [-0.01,0,0.03], "I_ee": [0.001,0,0,0,0.0025,0,0,0,0.0017], "m_load": 0, "F_x_Cload": [0,0,0], "I_load": [0,0,0,0,0,0,0,0,0], "m_total": 0.73, "F_x_Ctotal": [-0.01,0,0.03], "I_total": [0.001,0,0,0,0.0025,0,0,0,0.0017], "elbow": [0.551891,-1], "elbow_d": [0.551966,-1], "elbow_c": [0.551966,-1], "delbow_c": [0,0], "ddelbow_c": [0,0], "tau_J": [0.600228,-37.7035,6.41939,20.5936,1.67585,-1.63728,0.0926712], "tau_J_d": [0,0,0,0,0,0,0], "dtau_J": [157.222,-133.467,-87.3043,-7.73891,-15.3846,2.76502,-76.1467], "q": [0.149511,0.412765,0.551891,-1.32232,-2.08602,2.89579,-0.458391], "dq": [-0.00205481,0.0016078,0.000645582,-0.00544044,0.000215589,-2.29995e-05,0.000954001], "q_d": [0.149689,0.41249,0.551966,-1.32238,-2.08603,2.89561,-0.458387], "dq_d": [0,0,0,0,0,0,0], "ddq_d": [0,0,0,0,0,0,0], "joint_contact": [0,0,0,0,0,0,0], "cartesian_contact": [0,0,0,0,0,0], "joint_collision": [0,0,0,0,0,0,0], "cartesian_collision": [0,0,0,0,0,0], "tau_ext_hat_filtered": [0.547816,-0.263895,0.198656,-0.968866,0.118378,-1.1891,0.153559], "O_F_ext_hat_K": [-5.98331,0.0574973,-2.65296,-0.919807,-2.40282,0.581578], "K_F_ext_hat_K": [2.83931,2.6368,-5.27516,2.26751,-0.658324,0.16682], "O_dP_EE_d": [0,0,0,0,0,0], "O_ddP_O": [0,0,-9.81], "O_T_EE_c": [-0.0311407,-0.00540755,-0.999491,0,-0.436018,0.899885,0.00871616,0,0.899397,0.436075,-0.0303814,0,0.647533,0.471699,0.600035,1], "O_dP_EE_c": [0,0,0,0,0,0], "O_ddP_EE_c": [0,0,0,0,0,0], "theta": [0.149554,0.410119,0.552342,-1.32088,-2.08584,2.89561,-0.458382], "dtheta": [0,0,0,-0.0253737,0,0,0], "current_errors": [], "last_motion_errors": [], "control_command_success_rate": 0, "robot_mode": "User stopped", "time": 20984606}