{"O_T_EE": [-0.0267202,-0.012706,-0.999553,0,-0.597063,0.802162,0.00576398,0,0.801745,0.596961,-0.0290207,0,0.550469,0.586478,0.599879,1], "O_T_EE_d": [-0.0266762,-0.0126622,-0.999554,0,-0.597056,0.802167,0.00577258,0,0.801752,0.596955,-0.0289593,0,0.550391,0.586542,0.599902,1], "F_T_NE": [0.7071,-0.7071,0,0,0.7071,0.7071,0,0,0,0,1,0,0,0,0.1034,1], "NE_T_EE": [1,0,0,0,0,1,0,0,0,0,1,0,0,0,0,1], "F_T_EE": [0.7071,-0.7071,0,0,0.7071,0.7071,0,0,0,0,1,0,0,0,0.1034,1], "EE_T_K": [1,0,0,0,0,1,0,0,0,0,1,0,0,0,0,1], "m_ee": 0.73, "F_x_Cee": [-0.01,0,0.03], "I_ee": [0.001,0,0,0,0.0025,0,0,0,0.0017], "m_load": 0, "F_x_Cload": [0,0,0], "I_load": [0,0,0,0,0,0,0,0,0], "m_total": 0.73, "F_x_Ctotal": [-0.01,0,0.03], "I_total": [0.001,0,0,0,0.0025,0,0,0,0.0017], "elbow": [0.567264,-1], "elbow_d": [0.567265,-1], "elbow_c": [0.567265,-1], "delbow_c": [0,0], "ddelbow_c": [0,0], "tau_J": [0.449471,-37.2869,6.68123,20.6332,1.66669,-1.73708,0.184224], "tau_J_d": [0,0,0,0,0,0,0], "dtau_J": [-42.3471,29.279,66.453,51.3498,7.56407,-6.56995,87.2289], "q": [0.330883,0.42822,0.567264,-1.30832,-2.08523,2.89153,-0.475603], "dq": [-4.8336e-05,-0.000316395,-0.000292534,-0.000374699,-0.000245913,0.000175018,-0.00245204], "q_d": [0.331036,0.428154,0.567265,-1.30837,-2.08523,2.89134,-0.475558], "dq_d": [0,0,0,0,0,0,0], "ddq_d": [0,0,0,0,0,0,0], "joint_contact": [0,0,0,0,0,0,0], "cartesian_contact": [0,0,0,0,0,0], "joint_collision": [0,0,0,0,0,0,0], "cartesian_collision": [0,0,0,0,0,0], "tau_ext_hat_filtered": [0.464429,0.3256,0.0564127,-0.899001,0.095169,-1.30214,0.147912], "O_F_ext_hat_K": [-4.002,0.636194,-2.65466,-1.44302,-1.42539,0.520232], "K_F_ext_hat_K": [2.75238,2.88453,-2.75176,2.16905,-0.69829,0.170348], "O_dP_EE_d": [0,0,0,0,0,0], "O_ddP_O": [0,0,-9.81], "O_T_EE_c": [-0.0266762,-0.0126622,-0.999554,0,-0.597056,0.802167,0.00577258,0,0.801752,0.596955,-0.0289593,0,0.550391,0.586542,0.599902,1], "O_dP_EE_c": [0,0,0,0,0,0], "O_ddP_EE_c": [0,0,0,0,0,0], "theta": [0.330915,0.425603,0.567733,-1.30687,-2.08505,2.89133,-0.475582], "dtheta": [0,0,0,0,0,0,0], "current_errors": [], "last_motion_errors": [], "control_command_success_rate": 0, "robot_mode": "User stopped", "time": 20943476}