{"O_T_EE": [-0.0338654,0.00839649,-0.999382,0,-0.319748,0.947306,0.0187941,0,0.946896,0.320193,-0.0293967,0,0.700828,0.386219,0.599859,1], "O_T_EE_d": [-0.0338167,0.00848724,-0.999382,0,-0.319791,0.94729,0.0188658,0,0.946884,0.320237,-0.0293207,0,0.700774,0.386313,0.599897,1], "F_T_NE": [0.7071,-0.7071,0,0,0.7071,0.7071,0,0,0,0,1,0,0,0,0.1034,1], "NE_T_EE": [1,0,0,0,0,1,0,0,0,0,1,0,0,0,0,1], "F_T_EE": [0.7071,-0.7071,0,0,0.7071,0.7071,0,0,0,0,1,0,0,0,0.1034,1], "EE_T_K": [1,0,0,0,0,1,0,0,0,0,1,0,0,0,0,1], "m_ee": 0.73, "F_x_Cee": [-0.01,0,0.03], "I_ee": [0.001,0,0,0,0.0025,0,0,0,0.0017], "m_load": 0, "F_x_Cload": [0,0,0], "I_load": [0,0,0,0,0,0,0,0,0], "m_total": 0.73, "F_x_Ctotal": [-0.01,0,0.03], "I_total": [0.001,0,0,0,0.0025,0,0,0,0.0017], "elbow": [0.495604,-1], "elbow_d": [0.495777,-1], "elbow_c": [0.495777,-1], "delbow_c": [0,0], "ddelbow_c": [0,0], "tau_J": [0.374093,-37.8542,5.51882,20.8633,1.6026,-1.7975,0.102742], "tau_J_d": [0,0,0,0,0,0,0], "dtau_J": [114.095,93.4849,-54.0592,-0.568012,30.7632,-1.57425,-57.8142], "q": [0.0635064,0.400744,0.495604,-1.32195,-2.08639,2.90974,-0.423754], "dq": [-0.00104986,-0.000599343,5.23813e-06,0.000342495,-0.000318519,0.00558313,0.000668987], "q_d": [0.0635432,0.40073,0.495777,-1.32196,-2.08639,2.90958,-0.423739], "dq_d": [0,0,0,0,0,0,0], "ddq_d": [0,0,0,0,0,0,0], "joint_contact": [0,0,0,0,0,0,0], "cartesian_contact": [0,0,0,0,0,0], "joint_collision": [0,0,0,0,0,0,0], "cartesian_collision": [0,0,0,0,0,0], "tau_ext_hat_filtered": [0.353574,-0.0309507,-0.0883076,-0.786849,0.0479686,-1.30902,0.14486], "O_F_ext_hat_K": [-4.66047,1.06316,-2.79241,-1.36192,-1.64596,0.345009], "K_F_ext_hat_K": [2.95749,2.44488,-3.99047,2.17994,-0.919494,0.141663], "O_dP_EE_d": [0,0,0,0,0,0], "O_ddP_O": [0,0,-9.81], "O_T_EE_c": [-0.0338167,0.00848724,-0.999382,0,-0.319791,0.94729,0.0188658,0,0.946884,0.320237,-0.0293207,0,0.700774,0.386313,0.599897,1], "O_dP_EE_c": [0,0,0,0,0,0], "O_ddP_EE_c": [0,0,0,0,0,0], "theta": [0.0635324,0.398087,0.49599,-1.32048,-2.08621,2.90954,-0.423743], "dtheta": [0,0,0,0,0,0,0], "current_errors": [], "last_motion_errors": [], "control_command_success_rate": 0, "robot_mode": "User stopped", "time": 21037264}