{"O_T_EE": [-0.0392927,0.0231886,-0.998949,0,-0.263791,0.964014,0.0327536,0,0.963778,0.264806,-0.0317624,0,0.722609,0.34078,0.599749,1], "O_T_EE_d": [-0.0389947,0.0231141,-0.998962,0,-0.26397,0.96397,0.0326085,0,0.963742,0.264972,-0.0314889,0,0.72243,0.340923,0.599963,1], "F_T_NE": [0.7071,-0.7071,0,0,0.7071,0.7071,0,0,0,0,1,0,0,0,0.1034,1], "NE_T_EE": [1,0,0,0,0,1,0,0,0,0,1,0,0,0,0,1], "F_T_EE": [0.7071,-0.7071,0,0,0.7071,0.7071,0,0,0,0,1,0,0,0,0.1034,1], "EE_T_K": [1,0,0,0,0,1,0,0,0,0,1,0,0,0,0,1], "m_ee": 0.73, "F_x_Cee": [-0.01,0,0.03], "I_ee": [0.001,0,0,0,0.0025,0,0,0,0.0017], "m_load": 0, "F_x_Cload": [0,0,0], "I_load": [0,0,0,0,0,0,0,0,0], "m_total": 0.73, "F_x_Ctotal": [-0.01,0,0.03], "I_total": [0.001,0,0,0,0.0025,0,0,0,0.0017], "elbow": [0.486662,-1], "elbow_d": [0.48674,-1], "elbow_c": [0.48674,-1], "delbow_c": [0,0], "ddelbow_c": [0,0], "tau_J": [0.151925,-38.8342,5.5942,19.9429,1.51105,-1.31593,0.000202917], "tau_J_d": [0,0,0,0,0,0,0], "dtau_J": [-11.0014,-116.469,64.9808,-162.546,-23.0607,26.1281,-41.4001], "q": [0.00403178,0.396166,0.486662,-1.32454,-2.08644,2.91978,-0.404985], "dq": [-5.97913e-05,0.00228881,-0.000222378,0.00101477,-0.000606675,-0.000192264,0.000226868], "q_d": [0.00416333,0.39575,0.48674,-1.3247,-2.08646,2.91972,-0.405], "dq_d": [0,0,0,0,0,0,0], "ddq_d": [0,0,0,0,0,0,0], "joint_contact": [0,0,0,0,0,0,0], "cartesian_contact": [0,0,0,0,0,0], "joint_collision": [0,0,0,0,0,0,0], "cartesian_collision": [0,0,0,0,0,0], "tau_ext_hat_filtered": [0.194207,-0.945651,0.11554,-1.64789,-0.0412228,-0.841862,0.0213265], "O_F_ext_hat_K": [-11.3969,-1.82404,-3.65328,-0.0188869,-4.75772,0.272177], "K_F_ext_hat_K": [4.05504,1.12838,-11.3511,2.27297,-0.652192,0.0512735], "O_dP_EE_d": [0,0,0,0,0,0], "O_ddP_O": [0,0,-9.81], "O_T_EE_c": [-0.0389947,0.0231141,-0.998962,0,-0.26397,0.96397,0.0326085,0,0.963742,0.264972,-0.0314889,0,0.72243,0.340923,0.599963,1], "O_dP_EE_c": [0,0,0,0,0,0], "O_ddP_EE_c": [0,0,0,0,0,0], "theta": [0.00404268,0.393441,0.487055,-1.32314,-2.08627,2.91964,-0.404985], "dtheta": [0,0,0,0,0,0,0], "current_errors": [], "last_motion_errors": [], "control_command_success_rate": 0, "robot_mode": "User stopped", "time": 21060555}