{"O_T_EE": [-0.0338658,0.029515,-0.998981,0,-0.189963,0.981142,0.0354278,0,0.981207,0.190973,-0.0276209,0,0.742181,0.294611,0.599894,1], "O_T_EE_d": [-0.0336847,0.0294736,-0.998988,0,-0.189984,0.981141,0.0353531,0,0.981209,0.190986,-0.0274505,0,0.742076,0.294731,0.6,1], "F_T_NE": [0.7071,-0.7071,0,0,0.7071,0.7071,0,0,0,0,1,0,0,0,0.1034,1], "NE_T_EE": [1,0,0,0,0,1,0,0,0,0,1,0,0,0,0,1], "F_T_EE": [0.7071,-0.7071,0,0,0.7071,0.7071,0,0,0,0,1,0,0,0,0.1034,1], "EE_T_K": [1,0,0,0,0,1,0,0,0,0,1,0,0,0,0,1], "m_ee": 0.73, "F_x_Cee": [-0.01,0,0.03], "I_ee": [0.001,0,0,0,0.0025,0,0,0,0.0017], "m_load": 0, "F_x_Cload": [0,0,0], "I_load": [0,0,0,0,0,0,0,0,0], "m_total": 0.73, "F_x_Ctotal": [-0.01,0,0.03], "I_total": [0.001,0,0,0,0.0025,0,0,0,0.0017], "elbow": [0.462611,-1], "elbow_d": [0.462619,-1], "elbow_c": [0.462619,-1], "delbow_c": [0,0], "ddelbow_c": [0,0], "tau_J": [0.298714,-38.3422,5.22127,20.6332,1.63923,-1.78743,0.112813], "tau_J_d": [0,0,0,0,0,0,0], "dtau_J": [-83.7728,-27.3389,-21.2211,-52.3383,-16.6944,21.0949,10.6905], "q": [-0.0379326,0.387471,0.462611,-1.33133,-2.086,2.90646,-0.390022], "dq": [0.000658763,-0.000937922,-0.00014563,0.00148717,0.000248273,-0.000417878,-2.8153e-05], "q_d": [-0.0377494,0.387212,0.462619,-1.3315,-2.086,2.90624,-0.390003], "dq_d": [0,0,0,0,0,0,0], "ddq_d": [0,0,0,0,0,0,0], "joint_contact": [0,0,0,0,0,0,0], "cartesian_contact": [0,0,0,0,0,0], "joint_collision": [0,0,0,0,0,0,0], "cartesian_collision": [0,0,0,0,0,0], "tau_ext_hat_filtered": [0.313454,-0.48939,0.0739263,-1.01997,0.121849,-1.28504,0.13024], "O_F_ext_hat_K": [-7.14549,0.979319,-2.80105,-1.20794,-2.84412,0.361312], "K_F_ext_hat_K": [3.06914,2.21904,-6.74681,2.44244,-0.750992,0.147607], "O_dP_EE_d": [0,0,0,0,0,0], "O_ddP_O": [0,0,-9.81], "O_T_EE_c": [-0.0336847,0.0294736,-0.998988,0,-0.189984,0.981141,0.0353531,0,0.981209,0.190986,-0.0274505,0,0.742076,0.294731,0.6,1], "O_dP_EE_c": [0,0,0,0,0,0], "O_ddP_EE_c": [0,0,0,0,0,0], "theta": [-0.0379117,0.38478,0.462978,-1.32988,-2.08582,2.90626,-0.39001], "dtheta": [0,0,0,0,0,0,0], "current_errors": [], "last_motion_errors": [], "control_command_success_rate": 0, "robot_mode": "User stopped", "time": 21087942}