{"O_T_EE": [-0.0289482,-0.00657256,-0.99955,0,-0.0788306,0.996869,-0.0042719,0,0.996468,0.0786729,-0.0293762,0,0.772755,0.200389,0.599754,1], "O_T_EE_d": [-0.0287271,-0.00659436,-0.999556,0,-0.0787188,0.996878,-0.00431432,0,0.996483,0.0785614,-0.029157,0,0.77271,0.200449,0.599873,1], "F_T_NE": [0.7071,-0.7071,0,0,0.7071,0.7071,0,0,0,0,1,0,0,0,0.1034,1], "NE_T_EE": [1,0,0,0,0,1,0,0,0,0,1,0,0,0,0,1], "F_T_EE": [0.7071,-0.7071,0,0,0.7071,0.7071,0,0,0,0,1,0,0,0,0.1034,1], "EE_T_K": [1,0,0,0,0,1,0,0,0,0,1,0,0,0,0,1], "m_ee": 0.73, "F_x_Cee": [-0.01,0,0.03], "I_ee": [0.001,0,0,0,0.0025,0,0,0,0.0017], "m_load": 0, "F_x_Cload": [0,0,0], "I_load": [0,0,0,0,0,0,0,0,0], "m_total": 0.73, "F_x_Ctotal": [-0.01,0,0.03], "I_total": [0.001,0,0,0,0.0025,0,0,0,0.0017], "elbow": [0.408333,-1], "elbow_d": [0.408325,-1], "elbow_c": [0.408325,-1], "delbow_c": [0,0], "ddelbow_c": [0,0], "tau_J": [0.374093,-38.3065,4.69362,20.903,1.55683,-1.90736,0.02126], "tau_J_d": [0,0,0,0,0,0,0], "dtau_J": [5.57489,-31.7771,-52.6121,153.613,-8.00977,-2.30417,-22.5321], "q": [-0.124575,0.383862,0.408333,-1.32218,-2.08644,2.93374,-0.411033], "dq": [-0.000736866,0.000359897,5.1928e-05,-0.00228744,0.000242331,-0.000180304,-0.000253162], "q_d": [-0.124439,0.383691,0.408325,-1.32223,-2.08643,2.93347,-0.411026], "dq_d": [0,0,0,0,0,0,0], "ddq_d": [0,0,0,0,0,0,0], "joint_contact": [0,0,0,0,0,0,0], "cartesian_contact": [0,0,0,0,0,0], "joint_collision": [0,0,0,0,0,0,0], "cartesian_collision": [0,0,0,0,0,0], "tau_ext_hat_filtered": [0.328923,-0.11991,0.0761388,-0.724036,0.0285716,-1.37593,0.0475465], "O_F_ext_hat_K": [-4.26676,2.41373,-2.4971,-1.87854,-1.41789,0.40407], "K_F_ext_hat_K": [2.60367,2.75325,-3.98844,2.31832,-0.781701,0.0752547], "O_dP_EE_d": [0,0,0,0,0,0], "O_ddP_O": [0,0,-9.81], "O_T_EE_c": [-0.0287271,-0.00659436,-0.999556,0,-0.0787188,0.996878,-0.00431432,0,0.996483,0.0785614,-0.029157,0,0.77271,0.200449,0.599873,1], "O_dP_EE_c": [0,0,0,0,0,0], "O_ddP_EE_c": [0,0,0,0,0,0], "theta": [-0.12455,0.381175,0.408662,-1.32072,-2.08627,2.93353,-0.41103], "dtheta": [0,0,0,0,0,0,0], "current_errors": [], "last_motion_errors": [], "control_command_success_rate": 0, "robot_mode": "User stopped", "time": 21142982}