{"O_T_EE": [0.0223584,-0.0104355,-0.999686,0,0.222332,0.974947,-0.00520472,0,0.974714,-0.22215,0.0241189,0,0.792135,-0.0496362,0.609285,1], "O_T_EE_d": [0.022525,-0.0106019,-0.99968,0,0.222435,0.974923,-0.00532737,0,0.974687,-0.222248,0.0243189,0,0.792096,-0.0495928,0.609423,1], "F_T_NE": [0.7071,-0.7071,0,0,0.7071,0.7071,0,0,0,0,1,0,0,0,0.1034,1], "NE_T_EE": [1,0,0,0,0,1,0,0,0,0,1,0,0,0,0,1], "F_T_EE": [0.7071,-0.7071,0,0,0.7071,0.7071,0,0,0,0,1,0,0,0,0.1034,1], "EE_T_K": [1,0,0,0,0,1,0,0,0,0,1,0,0,0,0,1], "m_ee": 0.73, "F_x_Cee": [-0.01,0,0.03], "I_ee": [0.001,0,0,0,0.0025,0,0,0,0.0017], "m_load": 0, "F_x_Cload": [0,0,0], "I_load": [0,0,0,0,0,0,0,0,0], "m_total": 0.73, "F_x_Ctotal": [-0.01,0,0.03], "I_total": [0.001,0,0,0,0.0025,0,0,0,0.0017], "elbow": [-1.61073,-1], "elbow_d": [-1.61065,-1], "elbow_c": [-1.61065,-1], "delbow_c": [0,0], "ddelbow_c": [0,0], "tau_J": [0.524849,31.0615,22.356,12.7383,1.1366,-1.17586,0.255635], "tau_J_d": [0,0,0,0,0,0,0], "dtau_J": [-76.2073,-65.3091,53.4034,-7.2731,2.38367,-2.32504,96.6458], "q": [2.07466,-0.878904,-1.61073,-1.45677,-2.43203,2.527,-0.82938], "dq": [-0.000151264,0.000123591,0.000304687,0.000455103,0.00152037,-0.000125854,-0.00219389], "q_d": [2.07464,-0.878669,-1.61065,-1.45677,-2.43205,2.52687,-0.829359], "dq_d": [0,0,0,0,0,0,0], "ddq_d": [0,0,0,0,0,0,0], "joint_contact": [0,0,0,0,0,0,0], "cartesian_contact": [0,0,0,0,0,0], "joint_collision": [0,0,0,0,0,0,0], "cartesian_collision": [0,0,0,0,0,0], "tau_ext_hat_filtered": [0.522181,0.2221,0.0680405,-1.21527,0.137411,-1.18807,0.196827], "O_F_ext_hat_K": [-5.45952,3.71587,-2.67597,-1.82311,-1.52821,0.536576], "K_F_ext_hat_K": [2.51434,2.42292,-6.2115,2.1455,-0.233941,0.320211], "O_dP_EE_d": [0,0,0,0,0,0], "O_ddP_O": [0,0,-9.81], "O_T_EE_c": [0.022525,-0.0106019,-0.99968,0,0.222435,0.974923,-0.00532737,0,0.974687,-0.222248,0.0243189,0,0.792096,-0.0495928,0.609423,1], "O_dP_EE_c": [0,0,0,0,0,0], "O_ddP_EE_c": [0,0,0,0,0,0], "theta": [2.07469,-0.876724,-1.60916,-1.45587,-2.43191,2.52687,-0.829352], "dtheta": [0,0,0,0,0,0,0], "current_errors": [], "last_motion_errors": [], "control_command_success_rate": 0, "robot_mode": "User stopped", "time": 21341995}