{"O_T_EE": [-0.0327797,0.00776148,-0.999423,0,-0.0252917,0.999634,0.00859265,0,0.999143,0.0255593,-0.032572,0,0.783388,0.151059,0.59951,1], "O_T_EE_d": [-0.0322861,0.00767381,-0.99944,0,-0.02513,0.999639,0.00848715,0,0.999163,0.0253904,-0.0320822,0,0.783285,0.15105,0.599846,1], "F_T_NE": [0.7071,-0.7071,0,0,0.7071,0.7071,0,0,0,0,1,0,0,0,0.1034,1], "NE_T_EE": [1,0,0,0,0,1,0,0,0,0,1,0,0,0,0,1], "F_T_EE": [0.7071,-0.7071,0,0,0.7071,0.7071,0,0,0,0,1,0,0,0,0.1034,1], "EE_T_K": [1,0,0,0,0,1,0,0,0,0,1,0,0,0,0,1], "m_ee": 0.73, "F_x_Cee": [-0.01,0,0.03], "I_ee": [0.001,0,0,0,0.0025,0,0,0,0.0017], "m_load": 0, "F_x_Cload": [0,0,0], "I_load": [0,0,0,0,0,0,0,0,0], "m_total": 0.73, "F_x_Ctotal": [-0.01,0,0.03], "I_total": [0.001,0,0,0,0.0025,0,0,0,0.0017], "elbow": [0.379132,-1], "elbow_d": [0.379133,-1], "elbow_c": [0.379133,-1], "delbow_c": [0,0], "ddelbow_c": [0,0], "tau_J": [0.263009,-38.4176,4.24532,20.3278,1.62091,-1.77736,0.0514724], "tau_J_d": [0,0,0,0,0,0,0], "dtau_J": [-1.48,127.844,10.3941,-80.8592,-11.2536,13.8122,-73.7418], "q": [-0.169214,0.382343,0.379132,-1.31662,-2.08619,2.9549,-0.388928], "dq": [0.000653819,-0.00149678,-0.0011413,-0.00265433,4.64989e-05,-0.000697089,0.00119335], "q_d": [-0.169208,0.381887,0.379133,-1.31665,-2.0862,2.95471,-0.388931], "dq_d": [0,0,0,0,0,0,0], "ddq_d": [0,0,0,0,0,0,0], "joint_contact": [0,0,0,0,0,0,0], "cartesian_contact": [0,0,0,0,0,0], "joint_collision": [0,0,0,0,0,0,0], "cartesian_collision": [0,0,0,0,0,0], "tau_ext_hat_filtered": [0.254756,0.0044769,-0.110052,-1.30519,0.0597226,-1.25154,0.104589], "O_F_ext_hat_K": [-6.50929,2.28249,-3.29504,-1.81674,-1.98606,0.278017], "K_F_ext_hat_K": [3.5243,2.41802,-6.33804,2.48516,-0.687488,0.113557], "O_dP_EE_d": [0,0,0,0,0,0], "O_ddP_O": [0,0,-9.81], "O_T_EE_c": [-0.0322861,0.00767381,-0.99944,0,-0.02513,0.999639,0.00848715,0,0.999163,0.0253904,-0.0320822,0,0.783285,0.15105,0.599846,1], "O_dP_EE_c": [0,0,0,0,0,0], "O_ddP_EE_c": [0,0,0,0,0,0], "theta": [-0.169195,0.379647,0.37943,-1.31519,-2.08601,2.95471,-0.388922], "dtheta": [0,0,0,0,0,0,0], "current_errors": [], "last_motion_errors": [], "control_command_success_rate": 0, "robot_mode": "User stopped", "time": 21171083}