{"O_T_EE": [0.0507787,-0.000227984,-0.9987,0,0.0437225,0.999032,0.001995,0,0.997752,-0.0437678,0.0507405,0,0.786423,0.100531,0.610135,1], "O_T_EE_d": [0.0509224,-0.0004318,-0.998693,0,0.0437072,0.999033,0.00179664,0,0.997746,-0.0437424,0.050893,0,0.786326,0.100669,0.610235,1], "F_T_NE": [0.7071,-0.7071,0,0,0.7071,0.7071,0,0,0,0,1,0,0,0,0.1034,1], "NE_T_EE": [1,0,0,0,0,1,0,0,0,0,1,0,0,0,0,1], "F_T_EE": [0.7071,-0.7071,0,0,0.7071,0.7071,0,0,0,0,1,0,0,0,0.1034,1], "EE_T_K": [1,0,0,0,0,1,0,0,0,0,1,0,0,0,0,1], "m_ee": 0.73, "F_x_Cee": [-0.01,0,0.03], "I_ee": [0.001,0,0,0,0.0025,0,0,0,0.0017], "m_load": 0, "F_x_Cload": [0,0,0], "I_load": [0,0,0,0,0,0,0,0,0], "m_total": 0.73, "F_x_Ctotal": [-0.01,0,0.03], "I_total": [0.001,0,0,0,0.0025,0,0,0,0.0017], "elbow": [-1.77268,-1], "elbow_d": [-1.7725,-1], "elbow_c": [-1.7725,-1], "delbow_c": [0,0], "ddelbow_c": [0,0], "tau_J": [0.18763,30.6846,18.9044,16.0709,1.39203,-1.56679,0.153096], "tau_J_d": [0,0,0,0,0,0,0], "dtau_J": [-125.84,39.062,80.6922,15.3405,-6.67527,23.2162,6.69146], "q": [2.29646,-0.71509,-1.77268,-1.43817,-2.41998,2.60523,-0.637707], "dq": [0.000246799,0.00043342,-0.000340978,-0.000403878,0.00104835,-0.000317332,-0.00322978], "q_d": [2.29637,-0.714787,-1.7725,-1.43843,-2.41997,2.60503,-0.637688], "dq_d": [0,0,0,0,0,0,0], "ddq_d": [0,0,0,0,0,0,0], "joint_contact": [0,0,0,0,0,0,0], "cartesian_contact": [0,0,0,0,0,0], "joint_collision": [0,0,0,0,0,0,0], "cartesian_collision": [0,0,0,0,0,0], "tau_ext_hat_filtered": [0.212538,0.672296,0.3604,-1.02072,0.330861,-1.22212,0.158284], "O_F_ext_hat_K": [-7.83574,2.25976,-2.19209,-1.24886,-3.19562,0.244765], "K_F_ext_hat_K": [1.79088,1.91064,-8.02826,2.33493,-0.127942,0.237835], "O_dP_EE_d": [0,0,0,0,0,0], "O_ddP_O": [0,0,-9.81], "O_T_EE_c": [0.0509224,-0.0004318,-0.998693,0,0.0437072,0.999033,0.00179664,0,0.997746,-0.0437424,0.050893,0,0.786326,0.100669,0.610235,1], "O_dP_EE_c": [0,0,0,0,0,0], "O_ddP_EE_c": [0,0,0,0,0,0], "theta": [2.29648,-0.712937,-1.77136,-1.43704,-2.41982,2.60506,-0.63769], "dtheta": [0,0,0,0,0,0,0], "current_errors": [], "last_motion_errors": [], "control_command_success_rate": 0, "robot_mode": "User stopped", "time": 21484835}