{"O_T_EE": [0.0682323,0.0175268,-0.997506,0,0.342647,0.938605,0.0399299,0,0.936982,-0.344523,0.0580388,0,0.778513,-0.14865,0.610223,1], "O_T_EE_d": [0.0683744,0.0169405,-0.997506,0,0.342784,0.938576,0.039436,0,0.936921,-0.344633,0.0583687,0,0.778402,-0.148604,0.610432,1], "F_T_NE": [0.7071,-0.7071,0,0,0.7071,0.7071,0,0,0,0,1,0,0,0,0.1034,1], "NE_T_EE": [1,0,0,0,0,1,0,0,0,0,1,0,0,0,0,1], "F_T_EE": [0.7071,-0.7071,0,0,0.7071,0.7071,0,0,0,0,1,0,0,0,0.1034,1], "EE_T_K": [1,0,0,0,0,1,0,0,0,0,1,0,0,0,0,1], "m_ee": 0.73, "F_x_Cee": [-0.01,0,0.03], "I_ee": [0.001,0,0,0,0.0025,0,0,0,0.0017], "m_load": 0, "F_x_Cload": [0,0,0], "I_load": [0,0,0,0,0,0,0,0,0], "m_total": 0.73, "F_x_Ctotal": [-0.01,0,0.03], "I_total": [0.001,0,0,0,0.0025,0,0,0,0.0017], "elbow": [-1.90706,-1], "elbow_d": [-1.90701,-1], "elbow_c": [-1.90701,-1], "delbow_c": [0,0], "ddelbow_c": [0,0], "tau_J": [-0.669303,31.6685,16.0559,16.9159,1.30964,-1.37636,0.112813], "tau_J_d": [0,0,0,0,0,0,0], "dtau_J": [80.5185,20.8206,-36.397,-179.047,-12.3231,-6.3987,13.9021], "q": [2.03168,-0.614493,-1.90706,-1.41677,-2.40496,2.67621,-0.486946], "dq": [-0.000739716,-0.000195097,7.92099e-06,-0.00273169,0.000222278,0.000222347,-0.000397265], "q_d": [2.03142,-0.613856,-1.90701,-1.417,-2.40498,2.67615,-0.486932], "dq_d": [0,0,0,0,0,0,0], "ddq_d": [0,0,0,0,0,0,0], "joint_contact": [0,0,0,0,0,0,0], "cartesian_contact": [0,0,0,0,0,0], "joint_collision": [0,0,0,0,0,0,0], "cartesian_collision": [0,0,0,0,0,0], "tau_ext_hat_filtered": [-0.721828,1.42418,0.393421,-1.79151,0.188177,-0.821613,0.113428], "O_F_ext_hat_K": [-16.9847,5.27397,-4.46495,-2.46995,-7.59831,-0.669103], "K_F_ext_hat_K": [3.38741,-1.04788,-17.9905,2.2379,-0.727339,0.193272], "O_dP_EE_d": [0,0,0,0,0,0], "O_ddP_O": [0,0,-9.81], "O_T_EE_c": [0.0683744,0.0169405,-0.997506,0,0.342784,0.938576,0.039436,0,0.936921,-0.344633,0.0583687,0,0.778402,-0.148604,0.610432,1], "O_dP_EE_c": [0,0,0,0,0,0], "O_ddP_EE_c": [0,0,0,0,0,0], "theta": [2.03163,-0.612269,-1.90593,-1.41558,-2.40482,2.67606,-0.486933], "dtheta": [0,0,0,0,0,0,0], "current_errors": [], "last_motion_errors": [], "control_command_success_rate": 0, "robot_mode": "User stopped", "time": 21827102}