{"O_T_EE": [0.0492232,0.00150754,-0.998777,0,0.392726,0.919411,0.0207427,0,0.918336,-0.393275,0.0446652,0,0.768255,-0.196151,0.610555,1], "O_T_EE_d": [0.049393,0.000988812,-0.998769,0,0.392747,0.919411,0.0203331,0,0.918318,-0.393275,0.045025,0,0.76819,-0.19599,0.610788,1], "F_T_NE": [0.7071,-0.7071,0,0,0.7071,0.7071,0,0,0,0,1,0,0,0,0.1034,1], "NE_T_EE": [1,0,0,0,0,1,0,0,0,0,1,0,0,0,0,1], "F_T_EE": [0.7071,-0.7071,0,0,0.7071,0.7071,0,0,0,0,1,0,0,0,0.1034,1], "EE_T_K": [1,0,0,0,0,1,0,0,0,0,1,0,0,0,0,1], "m_ee": 0.73, "F_x_Cee": [-0.01,0,0.03], "I_ee": [0.001,0,0,0,0.0025,0,0,0,0.0017], "m_load": 0, "F_x_Cload": [0,0,0], "I_load": [0,0,0,0,0,0,0,0,0], "m_total": 0.73, "F_x_Ctotal": [-0.01,0,0.03], "I_total": [0.001,0,0,0,0.0025,0,0,0,0.0017], "elbow": [-2.1054,-1], "elbow_d": [-2.1054,-1], "elbow_c": [-2.1054,-1], "delbow_c": [0,0], "ddelbow_c": [0,0], "tau_J": [0.18763,32.3469,12.2315,18.717,1.36457,-1.63728,0.0514724], "tau_J_d": [0,0,0,0,0,0,0], "dtau_J": [7.41105,-22.9273,-90.5925,65.0162,28.1756,-7.85589,-44.5608], "q": [2.07587,-0.512468,-2.1054,-1.38183,-2.34685,2.76873,-0.419108], "dq": [-0.000788652,-0.000206569,-0.000327399,0.000195977,2.6169e-05,0.000439314,0.00032068], "q_d": [2.07589,-0.511907,-2.1054,-1.38196,-2.34686,2.76863,-0.419128], "dq_d": [0,0,0,0,0,0,0], "ddq_d": [0,0,0,0,0,0,0], "joint_contact": [0,0,0,0,0,0,0], "cartesian_contact": [0,0,0,0,0,0], "joint_collision": [0,0,0,0,0,0,0], "cartesian_collision": [0,0,0,0,0,0], "tau_ext_hat_filtered": [0.165342,0.589225,0.159248,-1.37443,0.117766,-0.973211,0.0743942], "O_F_ext_hat_K": [-7.28824,4.9599,-3.63077,-2.38731,-2.42773,0.238749], "K_F_ext_hat_K": [3.27512,1.62263,-8.80582,2.13486,-0.777897,0.140668], "O_dP_EE_d": [0,0,0,0,0,0], "O_ddP_O": [0,0,-9.81], "O_T_EE_c": [0.049393,0.000988812,-0.998769,0,0.392747,0.919411,0.0203331,0,0.918318,-0.393275,0.045025,0,0.76819,-0.19599,0.610788,1], "O_dP_EE_c": [0,0,0,0,0,0], "O_ddP_EE_c": [0,0,0,0,0,0], "theta": [2.07588,-0.510199,-2.10454,-1.38051,-2.3467,2.76855,-0.419103], "dtheta": [0,0,0,0,0,0,0], "current_errors": [], "last_motion_errors": [], "control_command_success_rate": 0, "robot_mode": "User stopped", "time": 21895773}