{"O_T_EE": [-0.0313766,0.0326801,-0.998964,0,0.514646,0.857309,0.0118814,0,0.856825,-0.51375,-0.043719,0,0.743225,-0.293553,0.598306,1], "O_T_EE_d": [-0.0310562,0.032335,-0.998985,0,0.514856,0.857185,0.0117395,0,0.856711,-0.513979,-0.0432696,0,0.743077,-0.29358,0.598642,1], "F_T_NE": [0.7071,-0.7071,0,0,0.7071,0.7071,0,0,0,0,1,0,0,0,0.1034,1], "NE_T_EE": [1,0,0,0,0,1,0,0,0,0,1,0,0,0,0,1], "F_T_EE": [0.7071,-0.7071,0,0,0.7071,0.7071,0,0,0,0,1,0,0,0,0.1034,1], "EE_T_K": [1,0,0,0,0,1,0,0,0,0,1,0,0,0,0,1], "m_ee": 0.73, "F_x_Cee": [-0.01,0,0.03], "I_ee": [0.001,0,0,0,0.0025,0,0,0,0.0017], "m_load": 0, "F_x_Cload": [0,0,0], "I_load": [0,0,0,0,0,0,0,0,0], "m_total": 0.73, "F_x_Ctotal": [-0.01,0,0.03], "I_total": [0.001,0,0,0,0.0025,0,0,0,0.0017], "elbow": [0.304146,-1], "elbow_d": [0.303998,-1], "elbow_c": [0.303998,-1], "delbow_c": [0,0], "ddelbow_c": [0,0], "tau_J": [0.227303,-39.4015,3.68196,20.3278,1.69416,-1.43678,0.0615432], "tau_J_d": [0,0,0,0,0,0,0], "dtau_J": [59.0753,26.8582,-137.412,105.536,15.1637,24.0854,16.3665], "q": [-0.681113,0.381959,0.304146,-1.30774,-2.04119,2.97728,-0.404301], "dq": [-0.000757693,0.000263986,0.000918924,-0.00105066,-0.000304179,-0.000574263,-0.000798776], "q_d": [-0.681128,0.381408,0.303998,-1.30787,-2.04118,2.97716,-0.404296], "dq_d": [0,0,0,0,0,0,0], "ddq_d": [0,0,0,0,0,0,0], "joint_contact": [0,0,0,0,0,0,0], "cartesian_contact": [0,0,0,0,0,0], "joint_collision": [0,0,0,0,0,0,0], "cartesian_collision": [0,0,0,0,0,0], "tau_ext_hat_filtered": [0.193433,-0.244901,0.0726559,-1.40604,0.0464308,-0.954409,0.0485157], "O_F_ext_hat_K": [0,0,0,0,0,0], "K_F_ext_hat_K": [0,0,0,0,0,0], "O_dP_EE_d": [0,0,0,0,0,0], "O_ddP_O": [0,0,-9.81], "O_T_EE_c": [-0.0310562,0.032335,-0.998985,0,0.514856,0.857185,0.0117395,0,0.856711,-0.513979,-0.0432696,0,0.743077,-0.29358,0.598642,1], "O_dP_EE_c": [0,0,0,0,0,0], "O_ddP_EE_c": [0,0,0,0,0,0], "theta": [-0.681097,0.379194,0.304406,-1.30632,-2.041,2.97712,-0.404295], "dtheta": [0,0,0,0,0,0,0], "current_errors": [], "last_motion_errors": [], "control_command_success_rate": 0, "robot_mode": "User stopped", "time": 22109708}