{"O_T_EE": [-0.0134842,0.0462105,-0.998831,0,0.706253,0.707565,0.0232008,0,0.707824,-0.705129,-0.0421781,0,0.648961,-0.470157,0.597349,1], "O_T_EE_d": [-0.0132368,0.0458839,-0.998849,0,0.706514,0.707308,0.0231287,0,0.707569,-0.705408,-0.0417809,0,0.648759,-0.470263,0.597641,1], "F_T_NE": [0.7071,-0.7071,0,0,0.7071,0.7071,0,0,0,0,1,0,0,0,0.1034,1], "NE_T_EE": [1,0,0,0,0,1,0,0,0,0,1,0,0,0,0,1], "F_T_EE": [0.7071,-0.7071,0,0,0.7071,0.7071,0,0,0,0,1,0,0,0,0.1034,1], "EE_T_K": [1,0,0,0,0,1,0,0,0,0,1,0,0,0,0,1], "m_ee": 0.73, "F_x_Cee": [-0.01,0,0.03], "I_ee": [0.001,0,0,0,0.0025,0,0,0,0.0017], "m_load": 0, "F_x_Cload": [0,0,0], "I_load": [0,0,0,0,0,0,0,0,0], "m_total": 0.73, "F_x_Ctotal": [-0.01,0,0.03], "I_total": [0.001,0,0,0,0.0025,0,0,0,0.0017], "elbow": [0.166681,-1], "elbow_d": [0.166622,-1], "elbow_c": [0.166622,-1], "delbow_c": [0,0], "ddelbow_c": [0,0], "tau_J": [-0.482841,-41.3216,1.84511,20.3635,1.685,-1.54665,0.071614], "tau_J_d": [0,0,0,0,0,0,0], "dtau_J": [-9.23823,85.3919,36.6365,-35.6632,4.36189,25.7176,-20.5565], "q": [-0.82898,0.386475,0.166681,-1.28156,-2.04073,3.01653,-0.347354], "dq": [-1.16659e-05,-0.00111719,-0.000836049,-0.00271623,0.00669193,-0.000256613,-0.00146849], "q_d": [-0.829188,0.386047,0.166622,-1.28164,-2.04074,3.0164,-0.347362], "dq_d": [0,0,0,0,0,0,0], "ddq_d": [0,0,0,0,0,0,0], "joint_contact": [0,0,0,0,0,0,0], "cartesian_contact": [0,0,0,0,0,0], "joint_collision": [0,0,0,0,0,0,0], "cartesian_collision": [0,0,0,0,0,0], "tau_ext_hat_filtered": [-0.474234,-1.08057,-0.535985,-1.33488,0.0310447,-1.0021,0.0658098], "O_F_ext_hat_K": [0,0,0,0,0,0], "K_F_ext_hat_K": [0,0,0,0,0,0], "O_dP_EE_d": [0,0,0,0,0,0], "O_ddP_O": [0,0,-9.81], "O_T_EE_c": [-0.0132368,0.0458839,-0.998849,0,0.706514,0.707308,0.0231287,0,0.707569,-0.705408,-0.0417809,0,0.648759,-0.470263,0.597641,1], "O_dP_EE_c": [0,0,0,0,0,0], "O_ddP_EE_c": [0,0,0,0,0,0], "theta": [-0.829014,0.383575,0.166811,-1.28013,-2.04055,3.01636,-0.347346], "dtheta": [0,0,0,0,0,0,0], "current_errors": [], "last_motion_errors": [], "control_command_success_rate": 0, "robot_mode": "User stopped", "time": 22211602}