{"O_T_EE": [-0.0242262,0.0392207,-0.998927,0,0.657989,0.752892,0.013603,0,0.752633,-0.656966,-0.0440473,0,0.676711,-0.428198,0.59764,1], "O_T_EE_d": [-0.0239323,0.0389368,-0.998945,0,0.658224,0.752687,0.0135687,0,0.752436,-0.657217,-0.0436434,0,0.676561,-0.428274,0.597924,1], "F_T_NE": [0.7071,-0.7071,0,0,0.7071,0.7071,0,0,0,0,1,0,0,0,0.1034,1], "NE_T_EE": [1,0,0,0,0,1,0,0,0,0,1,0,0,0,0,1], "F_T_EE": [0.7071,-0.7071,0,0,0.7071,0.7071,0,0,0,0,1,0,0,0,0.1034,1], "EE_T_K": [1,0,0,0,0,1,0,0,0,0,1,0,0,0,0,1], "m_ee": 0.73, "F_x_Cee": [-0.01,0,0.03], "I_ee": [0.001,0,0,0,0.0025,0,0,0,0.0017], "m_load": 0, "F_x_Cload": [0,0,0], "I_load": [0,0,0,0,0,0,0,0,0], "m_total": 0.73, "F_x_Ctotal": [-0.01,0,0.03], "I_total": [0.001,0,0,0,0.0025,0,0,0,0.0017], "elbow": [0.215889,-1], "elbow_d": [0.215844,-1], "elbow_c": [0.215844,-1], "delbow_c": [0,0], "ddelbow_c": [0,0], "tau_J": [0.0368734,-41.1352,2.78139,21.0538,1.7674,-1.65651,0.102742], "tau_J_d": [0,0,0,0,0,0,0], "dtau_J": [-0.112894,21.0531,42.8263,64.2888,-36.6587,-14.422,10.4904], "q": [-0.804499,0.387091,0.215889,-1.28641,-2.04101,3.01073,-0.374499], "dq": [-0.000364892,-4.69737e-05,-0.000165346,-0.000223465,0.00143053,-1.31495e-05,-4.83445e-05], "q_d": [-0.804634,0.386716,0.215844,-1.28643,-2.04101,3.01058,-0.374476], "dq_d": [0,0,0,0,0,0,0], "ddq_d": [0,0,0,0,0,0,0], "joint_contact": [0,0,0,0,0,0,0], "cartesian_contact": [0,0,0,0,0,0], "joint_collision": [0,0,0,0,0,0,0], "cartesian_collision": [0,0,0,0,0,0], "tau_ext_hat_filtered": [0.0274787,-1.19774,-0.0668002,-0.721326,0.111236,-1.12514,0.101539], "O_F_ext_hat_K": [0,0,0,0,0,0], "K_F_ext_hat_K": [0,0,0,0,0,0], "O_dP_EE_d": [0,0,0,0,0,0], "O_ddP_O": [0,0,-9.81], "O_T_EE_c": [-0.0239323,0.0389368,-0.998945,0,0.658224,0.752687,0.0135687,0,0.752436,-0.657217,-0.0436434,0,0.676561,-0.428274,0.597924,1], "O_dP_EE_c": [0,0,0,0,0,0], "O_ddP_EE_c": [0,0,0,0,0,0], "theta": [-0.804496,0.384205,0.216084,-1.28493,-2.04081,3.01054,-0.374488], "dtheta": [0,0,0,0,0,0,0], "current_errors": [], "last_motion_errors": [], "control_command_success_rate": 0, "robot_mode": "User stopped", "time": 22174200}