{"O_T_EE": [-0.0263292,0.042835,-0.998726,0,0.606215,0.795082,0.0181193,0,0.79486,-0.604977,-0.046902,0,0.701417,-0.385094,0.598094,1], "O_T_EE_d": [-0.0260958,0.0425375,-0.998744,0,0.606377,0.794961,0.0180144,0,0.794744,-0.605157,-0.0465398,0,0.70129,-0.385119,0.598365,1], "F_T_NE": [0.7071,-0.7071,0,0,0.7071,0.7071,0,0,0,0,1,0,0,0,0.1034,1], "NE_T_EE": [1,0,0,0,0,1,0,0,0,0,1,0,0,0,0,1], "F_T_EE": [0.7071,-0.7071,0,0,0.7071,0.7071,0,0,0,0,1,0,0,0,0.1034,1], "EE_T_K": [1,0,0,0,0,1,0,0,0,0,1,0,0,0,0,1], "m_ee": 0.73, "F_x_Cee": [-0.01,0,0.03], "I_ee": [0.001,0,0,0,0.0025,0,0,0,0.0017], "m_load": 0, "F_x_Cload": [0,0,0], "I_load": [0,0,0,0,0,0,0,0,0], "m_total": 0.73, "F_x_Ctotal": [-0.01,0,0.03], "I_total": [0.001,0,0,0,0.0025,0,0,0,0.0017], "elbow": [0.288885,-1], "elbow_d": [0.288847,-1], "elbow_c": [0.288847,-1], "delbow_c": [0,0], "ddelbow_c": [0,0], "tau_J": [0.0765462,-40.1553,3.53121,20.2881,1.73078,-1.38643,0.0615432], "tau_J_d": [0,0,0,0,0,0,0], "dtau_J": [106.97,57.3792,-105.099,36.3237,7.33587,-28.8216,-40.1074], "q": [-0.799229,0.390294,0.288885,-1.29236,-2.04036,3.00261,-0.397456], "dq": [-0.0013726,0.00050507,0.00157298,0.00012325,-1.81843e-05,0.000807529,0.000803563], "q_d": [-0.799323,0.389879,0.288847,-1.29244,-2.04037,3.00252,-0.397463], "dq_d": [0,0,0,0,0,0,0], "ddq_d": [0,0,0,0,0,0,0], "joint_contact": [0,0,0,0,0,0,0], "cartesian_contact": [0,0,0,0,0,0], "joint_collision": [0,0,0,0,0,0,0], "cartesian_collision": [0,0,0,0,0,0], "tau_ext_hat_filtered": [0.0444254,-0.659423,0.0111643,-1.38898,0.0488048,-0.887728,0.0818315], "O_F_ext_hat_K": [0,0,0,0,0,0], "K_F_ext_hat_K": [0,0,0,0,0,0], "O_dP_EE_d": [0,0,0,0,0,0], "O_ddP_O": [0,0,-9.81], "O_T_EE_c": [-0.0260958,0.0425375,-0.998744,0,0.606377,0.794961,0.0180144,0,0.794744,-0.605157,-0.0465398,0,0.70129,-0.385119,0.598365,1], "O_dP_EE_c": [0,0,0,0,0,0], "O_ddP_EE_c": [0,0,0,0,0,0], "theta": [-0.799223,0.387477,0.289133,-1.29093,-2.04017,3.00246,-0.39745], "dtheta": [0,0,0,0,0,0,0], "current_errors": [], "last_motion_errors": [], "control_command_success_rate": 0, "robot_mode": "User stopped", "time": 22034569}