{"O_T_EE": [-0.0256882,0.0402447,-0.99885,0,0.566739,0.823675,0.0186114,0,0.823493,-0.565621,-0.0439679,0,0.723522,-0.339956,0.5982,1], "O_T_EE_d": [-0.0255013,0.0399641,-0.998866,0,0.566911,0.82356,0.0184768,0,0.82338,-0.565808,-0.0436588,0,0.723342,-0.339979,0.598475,1], "F_T_NE": [0.7071,-0.7071,0,0,0.7071,0.7071,0,0,0,0,1,0,0,0,0.1034,1], "NE_T_EE": [1,0,0,0,0,1,0,0,0,0,1,0,0,0,0,1], "F_T_EE": [0.7071,-0.7071,0,0,0.7071,0.7071,0,0,0,0,1,0,0,0,0.1034,1], "EE_T_K": [1,0,0,0,0,1,0,0,0,0,1,0,0,0,0,1], "m_ee": 0.73, "F_x_Cee": [-0.01,0,0.03], "I_ee": [0.001,0,0,0,0.0025,0,0,0,0.0017], "m_load": 0, "F_x_Cload": [0,0,0], "I_load": [0,0,0,0,0,0,0,0,0], "m_total": 0.73, "F_x_Ctotal": [-0.01,0,0.03], "I_total": [0.001,0,0,0,0.0025,0,0,0,0.0017], "elbow": [0.304239,-1], "elbow_d": [0.304186,-1], "elbow_c": [0.304186,-1], "delbow_c": [0,0], "ddelbow_c": [0,0], "tau_J": [0.0765462,-39.8895,3.64626,19.8675,1.70331,-1.23628,0.0111892], "tau_J_d": [0,0,0,0,0,0,0], "dtau_J": [151.643,-76.483,-41.0853,46.6033,1.11956,7.27124,-90.9639], "q": [-0.744411,0.383594,0.304239,-1.30566,-2.04105,2.9791,-0.398336], "dq": [-0.000989756,-8.52138e-05,-7.80374e-05,-0.000882213,-0.000122875,-0.000209283,0.000926502], "q_d": [-0.744566,0.382974,0.304186,-1.30599,-2.04106,2.97905,-0.398311], "dq_d": [0,0,0,0,0,0,0], "ddq_d": [0,0,0,0,0,0,0], "joint_contact": [0,0,0,0,0,0,0], "cartesian_contact": [0,0,0,0,0,0], "joint_collision": [0,0,0,0,0,0,0], "cartesian_collision": [0,0,0,0,0,0], "tau_ext_hat_filtered": [0.0251563,-0.691049,0.00517829,-1.94853,0.0518188,-0.733232,0.0544031], "O_F_ext_hat_K": [0,0,0,0,0,0], "K_F_ext_hat_K": [0,0,0,0,0,0], "O_dP_EE_d": [0,0,0,0,0,0], "O_ddP_O": [0,0,-9.81], "O_T_EE_c": [-0.0255013,0.0399641,-0.998866,0,0.566911,0.82356,0.0184768,0,0.82338,-0.565808,-0.0436588,0,0.723342,-0.339979,0.598475,1], "O_dP_EE_c": [0,0,0,0,0,0], "O_ddP_EE_c": [0,0,0,0,0,0], "theta": [-0.744406,0.380795,0.304495,-1.30427,-2.04086,2.97896,-0.398336], "dtheta": [0,0,0,0,0,0,0], "current_errors": [], "last_motion_errors": [], "control_command_success_rate": 0, "robot_mode": "User stopped", "time": 22078775}