{"O_T_EE": [0.0360987,-0.0213904,-0.99911,0,0.811787,0.583694,0.016834,0,0.582826,-0.811688,0.0384358,0,0.560759,-0.574716,0.595366,1], "O_T_EE_d": [0.0361744,-0.0215542,-0.999103,0,0.812074,0.583296,0.0168189,0,0.582422,-0.81197,0.0386048,0,0.560475,-0.574897,0.595506,1], "F_T_NE": [0.7071,-0.7071,0,0,0.7071,0.7071,0,0,0,0,1,0,0,0,0.1034,1], "NE_T_EE": [1,0,0,0,0,1,0,0,0,0,1,0,0,0,0,1], "F_T_EE": [0.7071,-0.7071,0,0,0.7071,0.7071,0,0,0,0,1,0,0,0,0.1034,1], "EE_T_K": [1,0,0,0,0,1,0,0,0,0,1,0,0,0,0,1], "m_ee": 0.73, "F_x_Cee": [-0.01,0,0.03], "I_ee": [0.001,0,0,0,0.0025,0,0,0,0.0017], "m_load": 0, "F_x_Cload": [0,0,0], "I_load": [0,0,0,0,0,0,0,0,0], "m_total": 0.73, "F_x_Ctotal": [-0.01,0,0.03], "I_total": [0.001,0,0,0,0.0025,0,0,0,0.0017], "elbow": [1.76643,-1], "elbow_d": [1.76662,-1], "elbow_c": [1.76662,-1], "delbow_c": [0,0], "ddelbow_c": [0,0], "tau_J": [-1.11761,-36.0452,28.5449,5.52978,0.633061,-0.875564,0.0414016], "tau_J_d": [0,0,0,0,0,0,0], "dtau_J": [3.84657,-15.7269,-21.0075,-125.226,23.5203,6.32141,-58.8818], "q": [-1.761,1.22373,1.76643,-1.48254,-2.63053,2.38766,-1.04098], "dq": [-0.000564099,-0.000482312,-0.000819752,0.00109161,0.0024331,0.000247413,0.00192756], "q_d": [-1.76153,1.22363,1.76662,-1.48269,-2.63057,2.3875,-1.04097], "dq_d": [0,0,0,0,0,0,0], "ddq_d": [0,0,0,0,0,0,0], "joint_contact": [0,0,0,0,0,0,0], "cartesian_contact": [0,0,0,0,0,0], "joint_collision": [0,0,0,0,0,0,0], "cartesian_collision": [0,0,0,0,0,0], "tau_ext_hat_filtered": [-1.06846,-1.23451,1.623,-0.752961,-0.0898108,-1.21122,0.0913004], "O_F_ext_hat_K": [-7.72423,9.67624,-0.662991,-4.95486,-4.28246,-1.09542], "K_F_ext_hat_K": [0.176592,-0.633636,-12.3814,2.0969,0.27745,0.212717], "O_dP_EE_d": [0,0,0,0,0,0], "O_ddP_O": [0,0,-9.81], "O_T_EE_c": [0.0361744,-0.0215542,-0.999103,0,0.812074,0.583296,0.0168189,0,0.582422,-0.81197,0.0386048,0,0.560475,-0.574897,0.595506,1], "O_dP_EE_c": [0,0,0,0,0,0], "O_ddP_EE_c": [0,0,0,0,0,0], "theta": [-1.76108,1.22121,1.76843,-1.48215,-2.63047,2.38756,-1.04097], "dtheta": [0,0,0,0,0,0,0], "current_errors": [], "last_motion_errors": [], "control_command_success_rate": 0, "robot_mode": "User stopped", "time": 22442106}