{"O_T_EE": [0.0411234,-0.0154091,-0.999026,0,0.90211,0.430404,0.0304954,0,0.429523,-0.902503,0.031601,0,0.445474,-0.670787,0.59583,1], "O_T_EE_d": [0.0411494,-0.0154263,-0.999024,0,0.902338,0.429925,0.0305282,0,0.429043,-0.902731,0.0316115,0,0.445256,-0.670929,0.595861,1], "F_T_NE": [0.7071,-0.7071,0,0,0.7071,0.7071,0,0,0,0,1,0,0,0,0.1034,1], "NE_T_EE": [1,0,0,0,0,1,0,0,0,0,1,0,0,0,0,1], "F_T_EE": [0.7071,-0.7071,0,0,0.7071,0.7071,0,0,0,0,1,0,0,0,0.1034,1], "EE_T_K": [1,0,0,0,0,1,0,0,0,0,1,0,0,0,0,1], "m_ee": 0.73, "F_x_Cee": [-0.01,0,0.03], "I_ee": [0.001,0,0,0,0.0025,0,0,0,0.0017], "m_load": 0, "F_x_Cload": [0,0,0], "I_load": [0,0,0,0,0,0,0,0,0], "m_total": 0.73, "F_x_Ctotal": [-0.01,0,0.03], "I_total": [0.001,0,0,0,0.0025,0,0,0,0.0017], "elbow": [1.59462,-1], "elbow_d": [1.59466,-1], "elbow_c": [1.59466,-1], "delbow_c": [0,0], "ddelbow_c": [0,0], "tau_J": [-0.447135,-33.8195,24.7165,10.9729,1.28308,-1.26649,0.184224], "tau_J_d": [0,0,0,0,0,0,0], "dtau_J": [41.2642,-24.2647,59.4357,-176.843,-14.1116,-7.05971,126.286], "q": [-1.95825,1.01441,1.59462,-1.43589,-2.52141,2.50335,-0.865432], "dq": [3.68105e-06,-0.000345608,0.000189542,0.000792061,-0.000304364,7.68359e-05,-0.00211572], "q_d": [-1.95855,1.01436,1.59466,-1.43592,-2.5214,2.50306,-0.865386], "dq_d": [0,0,0,0,0,0,0], "ddq_d": [0,0,0,0,0,0,0], "joint_contact": [0,0,0,0,0,0,0], "cartesian_contact": [0,0,0,0,0,0], "joint_collision": [0,0,0,0,0,0,0], "cartesian_collision": [0,0,0,0,0,0], "tau_ext_hat_filtered": [-0.403867,-0.455519,0.234452,-0.208959,0.310772,-1.37489,0.139622], "O_F_ext_hat_K": [-1.481,5.94891,-0.507158,-2.64718,-0.697843,-0.403562], "K_F_ext_hat_K": [0.3541,1.20897,-6.02106,2.08178,0.421951,0.211526], "O_dP_EE_d": [0,0,0,0,0,0], "O_ddP_O": [0,0,-9.81], "O_T_EE_c": [0.0411494,-0.0154263,-0.999024,0,0.902338,0.429925,0.0305282,0,0.429043,-0.902731,0.0316115,0,0.445256,-0.670929,0.595861,1], "O_dP_EE_c": [0,0,0,0,0,0], "O_ddP_EE_c": [0,0,0,0,0,0], "theta": [-1.95828,1.01204,1.59635,-1.43512,-2.52127,2.50321,-0.86541], "dtheta": [0,0,0,0,0,0,0], "current_errors": [], "last_motion_errors": [], "control_command_success_rate": 0, "robot_mode": "User stopped", "time": 22720311}