{"O_T_EE": [0.0167237,-0.00676729,-0.999828,0,0.847198,0.531153,0.0105757,0,0.531,-0.847246,0.0146164,0,0.524793,-0.609995,0.594934,1], "O_T_EE_d": [0.0167527,-0.00677601,-0.999827,0,0.847494,0.530681,0.0106038,0,0.530528,-0.847541,0.0146333,0,0.52456,-0.610194,0.594994,1], "F_T_NE": [0.7071,-0.7071,0,0,0.7071,0.7071,0,0,0,0,1,0,0,0,0.1034,1], "NE_T_EE": [1,0,0,0,0,1,0,0,0,0,1,0,0,0,0,1], "F_T_EE": [0.7071,-0.7071,0,0,0.7071,0.7071,0,0,0,0,1,0,0,0,0.1034,1], "EE_T_K": [1,0,0,0,0,1,0,0,0,0,1,0,0,0,0,1], "m_ee": 0.73, "F_x_Cee": [-0.01,0,0.03], "I_ee": [0.001,0,0,0,0.0025,0,0,0,0.0017], "m_load": 0, "F_x_Cload": [0,0,0], "I_load": [0,0,0,0,0,0,0,0,0], "m_total": 0.73, "F_x_Ctotal": [-0.01,0,0.03], "I_total": [0.001,0,0,0,0.0025,0,0,0,0.0017], "elbow": [1.79739,-1], "elbow_d": [1.79747,-1], "elbow_c": [1.79747,-1], "delbow_c": [0,0], "ddelbow_c": [0,0], "tau_J": [-0.185295,-35.8944,27.5293,4.87914,0.761234,-0.82521,0.0514724], "tau_J_d": [0,0,0,0,0,0,0], "dtau_J": [-41.9887,-35.9948,24.5309,-47.7962,-5.35491,33.8637,-50.8666], "q": [-1.80878,1.26145,1.79739,-1.47773,-2.61241,2.36348,-1.11012], "dq": [-0.000190591,5.87002e-05,-0.000152486,-0.000327698,0.00987422,-0.0004958,0.00141355], "q_d": [-1.80908,1.26141,1.79747,-1.47768,-2.61243,2.36323,-1.11013], "dq_d": [0,0,0,0,0,0,0], "ddq_d": [0,0,0,0,0,0,0], "joint_contact": [0,0,0,0,0,0,0], "cartesian_contact": [0,0,0,0,0,0], "joint_collision": [0,0,0,0,0,0,0], "cartesian_collision": [0,0,0,0,0,0], "tau_ext_hat_filtered": [-0.223091,-0.428713,0.399698,-0.341924,0.0832348,-1.34698,0.10397], "O_F_ext_hat_K": [-2.08832,5.65137,-0.352218,-2.51851,-0.947103,-0.251224], "K_F_ext_hat_K": [0.278994,1.22882,-5.90214,1.95261,0.570814,0.211912], "O_dP_EE_d": [0,0,0,0,0,0], "O_ddP_O": [0,0,-9.81], "O_T_EE_c": [0.0167527,-0.00677601,-0.999827,0,0.847494,0.530681,0.0106038,0,0.530528,-0.847541,0.0146333,0,0.52456,-0.610194,0.594994,1], "O_dP_EE_c": [0,0,0,0,0,0], "O_ddP_EE_c": [0,0,0,0,0,0], "theta": [-1.80879,1.25893,1.79932,-1.47739,-2.61233,2.36339,-1.11011], "dtheta": [0,0,0,0,0.037355,0,0], "current_errors": [], "last_motion_errors": [], "control_command_success_rate": 0, "robot_mode": "User stopped", "time": 22416464}