{"O_T_EE": [0.0112202,-0.0141865,-0.999827,0,0.970785,0.239793,0.00749188,0,0.239649,-0.97072,0.0164629,0,0.314777,-0.745047,0.593859,1], "O_T_EE_d": [0.0112807,-0.0141659,-0.999826,0,0.970904,0.239311,0.00756374,0,0.239167,-0.970839,0.0164536,0,0.314555,-0.745162,0.593882,1], "F_T_NE": [0.7071,-0.7071,0,0,0.7071,0.7071,0,0,0,0,1,0,0,0,0.1034,1], "NE_T_EE": [1,0,0,0,0,1,0,0,0,0,1,0,0,0,0,1], "F_T_EE": [0.7071,-0.7071,0,0,0.7071,0.7071,0,0,0,0,1,0,0,0,0.1034,1], "EE_T_K": [1,0,0,0,0,1,0,0,0,0,1,0,0,0,0,1], "m_ee": 0.73, "F_x_Cee": [-0.01,0,0.03], "I_ee": [0.001,0,0,0,0.0025,0,0,0,0.0017], "m_load": 0, "F_x_Cload": [0,0,0], "I_load": [0,0,0,0,0,0,0,0,0], "m_total": 0.73, "F_x_Ctotal": [-0.01,0,0.03], "I_total": [0.001,0,0,0,0.0025,0,0,0,0.0017], "elbow": [1.71144,-1], "elbow_d": [1.71145,-1], "elbow_c": [1.71145,-1], "delbow_c": [0,0], "ddelbow_c": [0,0], "tau_J": [-0.109916,-35.3271,26.4066,7.29522,0.861942,-1.00557,0.214436], "tau_J_d": [0,0,0,0,0,0,0], "dtau_J": [-48.0121,-13.3569,-94.1944,23.7956,58.9006,-3.63875,69.2963], "q": [-2.12194,1.16117,1.71144,-1.44647,-2.57002,2.40962,-1.02698], "dq": [0.000226091,-0.000516131,-0.000493687,0.00164349,-0.0011147,-0.000115043,-0.00283425], "q_d": [-2.12213,1.16115,1.71145,-1.44638,-2.57004,2.40938,-1.02692], "dq_d": [0,0,0,0,0,0,0], "ddq_d": [0,0,0,0,0,0,0], "joint_contact": [0,0,0,0,0,0,0], "cartesian_contact": [0,0,0,0,0,0], "joint_collision": [0,0,0,0,0,0,0], "cartesian_collision": [0,0,0,0,0,0], "tau_ext_hat_filtered": [-0.0171248,-0.423826,0.167849,-0.465392,0.059418,-1.35553,0.17445], "O_F_ext_hat_K": [0.227952,6.10797,-1.03588,-2.53303,0.24797,-0.0286968], "K_F_ext_hat_K": [0.951624,1.67821,-5.89155,2.12749,0.245901,0.24958], "O_dP_EE_d": [0,0,0,0,0,0], "O_ddP_O": [0,0,-9.81], "O_T_EE_c": [0.0112807,-0.0141659,-0.999826,0,0.970904,0.239311,0.00756374,0,0.239167,-0.970839,0.0164536,0,0.314555,-0.745162,0.593882,1], "O_dP_EE_c": [0,0,0,0,0,0], "O_ddP_EE_c": [0,0,0,0,0,0], "theta": [-2.12194,1.1587,1.71329,-1.44596,-2.56993,2.40951,-1.02696], "dtheta": [0,0,0,0,0,0,0], "current_errors": [], "last_motion_errors": [], "control_command_success_rate": 0, "robot_mode": "User stopped", "time": 22617858}