{"O_T_EE": [0.00894291,0.0122294,-0.999876,0,0.990897,0.134142,0.0105033,0,0.134256,-0.990887,-0.0109186,0,0.224735,-0.774945,0.606435,1], "O_T_EE_d": [0.00880968,0.0120945,-0.999878,0,0.990965,0.133646,0.0103477,0,0.133758,-0.990955,-0.0108081,0,0.224519,-0.774992,0.60649,1], "F_T_NE": [0.7071,-0.7071,0,0,0.7071,0.7071,0,0,0,0,1,0,0,0,0.1034,1], "NE_T_EE": [1,0,0,0,0,1,0,0,0,0,1,0,0,0,0,1], "F_T_EE": [0.7071,-0.7071,0,0,0.7071,0.7071,0,0,0,0,1,0,0,0,0.1034,1], "EE_T_K": [1,0,0,0,0,1,0,0,0,0,1,0,0,0,0,1], "m_ee": 0.73, "F_x_Cee": [-0.01,0,0.03], "I_ee": [0.001,0,0,0,0.0025,0,0,0,0.0017], "m_load": 0, "F_x_Cload": [0,0,0], "I_load": [0,0,0,0,0,0,0,0,0], "m_total": 0.73, "F_x_Ctotal": [-0.01,0,0.03], "I_total": [0.001,0,0,0,0.0025,0,0,0,0.0017], "elbow": [-2.13421,-1], "elbow_d": [-2.13433,-1], "elbow_c": [-2.13433,-1], "delbow_c": [0,0], "ddelbow_c": [0,0], "tau_J": [-0.221,34.7193,12.9059,18.7567,1.61176,-1.49629,0.0926712], "tau_J_d": [0,0,0,0,0,0,0], "dtau_J": [46.6899,-85.1737,-43.0274,70.1282,-1.47812,13.4008,-62.0861], "q": [1.08846,-0.57076,-2.13421,-1.31442,-2.19646,2.79387,-0.611388], "dq": [-0.000537664,0.00103352,-0.000565723,-0.000164806,-1.41346e-05,-0.000391065,0.00169422], "q_d": [1.08826,-0.570559,-2.13433,-1.31448,-2.19645,2.79363,-0.611362], "dq_d": [0,0,0,0,0,0,0], "ddq_d": [0,0,0,0,0,0,0], "joint_contact": [0,0,0,0,0,0,0], "cartesian_contact": [0,0,0,0,0,0], "joint_collision": [0,0,0,0,0,0,0], "cartesian_collision": [0,0,0,0,0,0], "tau_ext_hat_filtered": [-0.253649,0.493516,-0.02115,-0.92673,0.0957911,-1.2643,0.146501], "O_F_ext_hat_K": [0.398944,7.86431,-2.87734,-3.032,0.60277,-0.136139], "K_F_ext_hat_K": [2.97679,1.42005,-7.70766,2.20453,-0.549779,0.241225], "O_dP_EE_d": [0,0,0,0,0,0], "O_ddP_O": [0,0,-9.81], "O_T_EE_c": [0.00880968,0.0120945,-0.999878,0,0.990965,0.133646,0.0103477,0,0.133758,-0.990955,-0.0108081,0,0.224519,-0.774992,0.60649,1], "O_dP_EE_c": [0,0,0,0,0,0], "O_ddP_EE_c": [0,0,0,0,0,0], "theta": [1.08844,-0.568324,-2.1333,-1.3131,-2.19628,2.7937,-0.611378], "dtheta": [0,0,0,0,0,0,0], "current_errors": [], "last_motion_errors": [], "control_command_success_rate": 0, "robot_mode": "User stopped", "time": 4835024}