{"O_T_EE": [-0.00242944,0.0298839,-0.999541,0,0.999894,0.013708,-0.00202046,0,0.0136415,-0.999459,-0.0299147,0,0.127214,-0.803126,0.594696,1], "O_T_EE_d": [-0.00249634,0.0298572,-0.999541,0,0.999898,0.0134062,-0.00209678,0,0.0133377,-0.999464,-0.0298882,0,0.127137,-0.803143,0.59469,1], "F_T_NE": [0.7071,-0.7071,0,0,0.7071,0.7071,0,0,0,0,1,0,0,0,0.1034,1], "NE_T_EE": [1,0,0,0,0,1,0,0,0,0,1,0,0,0,0,1], "F_T_EE": [0.7071,-0.7071,0,0,0.7071,0.7071,0,0,0,0,1,0,0,0,0.1034,1], "EE_T_K": [1,0,0,0,0,1,0,0,0,0,1,0,0,0,0,1], "m_ee": 0.73, "F_x_Cee": [-0.01,0,0.03], "I_ee": [0.001,0,0,0,0.0025,0,0,0,0.0017], "m_load": 0, "F_x_Cload": [0,0,0], "I_load": [0,0,0,0,0,0,0,0,0], "m_total": 0.73, "F_x_Ctotal": [-0.01,0,0.03], "I_total": [0.001,0,0,0,0.0025,0,0,0,0.0017], "elbow": [0.824455,-1], "elbow_d": [0.824373,-1], "elbow_c": [0.824373,-1], "delbow_c": [0,0], "ddelbow_c": [0,0], "tau_J": [0.524849,-37.4377,10.958,19.9033,1.64838,-1.53657,0.0926712], "tau_J_d": [0,0,0,0,0,0,0], "dtau_J": [-70.3686,-47.5618,26.449,42.3104,3.40513,-12.8753,-16.8201], "q": [-2.06087,0.534781,0.824455,-1.28224,-2.14712,2.85555,-0.579611], "dq": [0.000471876,0.000235552,-0.000129685,-8.66486e-06,-0.00349475,4.44669e-05,0.000596603], "q_d": [-2.06087,0.534703,0.824373,-1.28232,-2.14712,2.85529,-0.57959], "dq_d": [0,0,0,0,0,0,0], "ddq_d": [0,0,0,0,0,0,0], "joint_contact": [0,0,0,0,0,0,0], "cartesian_contact": [0,0,0,0,0,0], "joint_collision": [0,0,0,0,0,0,0], "cartesian_collision": [0,0,0,0,0,0], "tau_ext_hat_filtered": [0.596443,-0.824649,0.367231,-0.556756,0.0347804,-1.26609,0.104429], "O_F_ext_hat_K": [2.8407,5.36295,-1.95934,-2.26774,1.85728,0.655734], "K_F_ext_hat_K": [2.11185,2.91793,-5.26269,2.30607,-0.648463,0.141427], "O_dP_EE_d": [0,0,0,0,0,0], "O_ddP_O": [0,0,-9.81], "O_T_EE_c": [-0.00249634,0.0298572,-0.999541,0,0.999898,0.0134062,-0.00209678,0,0.0133377,-0.999464,-0.0298882,0,0.127137,-0.803143,0.59469,1], "O_dP_EE_c": [0,0,0,0,0,0], "O_ddP_EE_c": [0,0,0,0,0,0], "theta": [-2.06083,0.532154,0.825224,-1.28084,-2.14694,2.85538,-0.5796], "dtheta": [0,0,0,0,0,0,0], "current_errors": [], "last_motion_errors": [], "control_command_success_rate": 0, "robot_mode": "User stopped", "time": 23082368}