{"O_T_EE": [-0.0244469,-0.0281398,-0.999295,0,0.888821,-0.458148,-0.00884293,0,-0.457585,-0.888428,0.0362122,0,-0.266853,-0.772377,0.605636,1], "O_T_EE_d": [-0.0244917,-0.0281831,-0.999293,0,0.888795,-0.458198,-0.0088609,0,-0.457633,-0.888401,0.0362718,0,-0.266787,-0.772384,0.605676,1], "F_T_NE": [0.7071,-0.7071,0,0,0.7071,0.7071,0,0,0,0,1,0,0,0,0.1034,1], "NE_T_EE": [1,0,0,0,0,1,0,0,0,0,1,0,0,0,0,1], "F_T_EE": [0.7071,-0.7071,0,0,0.7071,0.7071,0,0,0,0,1,0,0,0,0.1034,1], "EE_T_K": [1,0,0,0,0,1,0,0,0,0,1,0,0,0,0,1], "m_ee": 0.73, "F_x_Cee": [-0.01,0,0.03], "I_ee": [0.001,0,0,0,0.0025,0,0,0,0.0017], "m_load": 0, "F_x_Cload": [0,0,0], "I_load": [0,0,0,0,0,0,0,0,0], "m_total": 0.73, "F_x_Ctotal": [-0.01,0,0.03], "I_total": [0.001,0,0,0,0.0025,0,0,0,0.0017], "elbow": [-1.92157,-1], "elbow_d": [-1.92153,-1], "elbow_c": [-1.92153,-1], "delbow_c": [0,0], "ddelbow_c": [0,0], "tau_J": [0.973153,35.6239,18.23,16.4557,1.61176,-1.34615,0.153096], "tau_J_d": [0,0,0,0,0,0,0], "dtau_J": [113.964,-90.4104,-89.6668,31.8423,-21.5856,-8.84503,-51.785], "q": [0.404682,-0.727546,-1.92157,-1.29508,-2.36572,2.70051,-0.678353], "dq": [-0.000363623,0.000809976,0.000626854,0.00109078,4.00723e-05,0.000481997,8.12975e-05], "q_d": [0.404728,-0.727453,-1.92153,-1.29515,-2.36571,2.70033,-0.678324], "dq_d": [0,0,0,0,0,0,0], "ddq_d": [0,0,0,0,0,0,0], "joint_contact": [0,0,0,0,0,0,0], "cartesian_contact": [0,0,0,0,0,0], "joint_collision": [0,0,0,0,0,0,0], "cartesian_collision": [0,0,0,0,0,0], "tau_ext_hat_filtered": [0.994797,0.82882,0.916094,-0.881202,0.289828,-1.06085,0.178659], "O_F_ext_hat_K": [5.69361,4.14941,-1.40913,-1.67895,2.7886,1.06358], "K_F_ext_hat_K": [1.15221,3.17208,-6.34279,2.23941,-0.076473,0.287707], "O_dP_EE_d": [0,0,0,0,0,0], "O_ddP_O": [0,0,-9.81], "O_T_EE_c": [-0.0244917,-0.0281831,-0.999293,0,0.888795,-0.458198,-0.0088609,0,-0.457633,-0.888401,0.0362718,0,-0.266787,-0.772384,0.605676,1], "O_dP_EE_c": [0,0,0,0,0,0], "O_ddP_EE_c": [0,0,0,0,0,0], "theta": [0.40475,-0.725046,-1.92029,-1.29393,-2.36554,2.70036,-0.678336], "dtheta": [0,0,0,0,0,0,0], "current_errors": [], "last_motion_errors": [], "control_command_success_rate": 0, "robot_mode": "User stopped", "time": 23523630}