{"O_T_EE": [-0.0291854,-0.0325669,-0.999034,0,0.915715,-0.401573,-0.0136608,0,-0.400747,-0.915246,0.0415429,0,-0.21866,-0.786579,0.605658,1], "O_T_EE_d": [-0.0292005,-0.0326605,-0.99903,0,0.915694,-0.40162,-0.0136348,0,-0.400793,-0.915222,0.0416354,0,-0.218603,-0.786573,0.605724,1], "F_T_NE": [0.7071,-0.7071,0,0,0.7071,0.7071,0,0,0,0,1,0,0,0,0.1034,1], "NE_T_EE": [1,0,0,0,0,1,0,0,0,0,1,0,0,0,0,1], "F_T_EE": [0.7071,-0.7071,0,0,0.7071,0.7071,0,0,0,0,1,0,0,0,0.1034,1], "EE_T_K": [1,0,0,0,0,1,0,0,0,0,1,0,0,0,0,1], "m_ee": 0.73, "F_x_Cee": [-0.01,0,0.03], "I_ee": [0.001,0,0,0,0.0025,0,0,0,0.0017], "m_load": 0, "F_x_Cload": [0,0,0], "I_load": [0,0,0,0,0,0,0,0,0], "m_total": 0.73, "F_x_Ctotal": [-0.01,0,0.03], "I_total": [0.001,0,0,0,0.0025,0,0,0,0.0017], "elbow": [-1.97662,-1], "elbow_d": [-1.97656,-1], "elbow_c": [-1.97656,-1], "delbow_c": [0,0], "ddelbow_c": [0,0], "tau_J": [0.897774,35.6239,17.0319,17.0666,1.66669,-1.46699,0.214436], "tau_J_d": [0,0,0,0,0,0,0], "dtau_J": [2.97131,-40.693,-116.823,-83.5123,26.6667,20.5362,6.7641], "q": [0.486603,-0.691212,-1.97662,-1.29076,-2.36536,2.72421,-0.633189], "dq": [-6.96006e-05,0.000164261,0.00134975,-0.000883058,-0.000405058,-0.000421381,-9.32022e-06], "q_d": [0.486621,-0.691103,-1.97656,-1.29081,-2.36535,2.72406,-0.633129], "dq_d": [0,0,0,0,0,0,0], "ddq_d": [0,0,0,0,0,0,0], "joint_contact": [0,0,0,0,0,0,0], "cartesian_contact": [0,0,0,0,0,0], "joint_collision": [0,0,0,0,0,0,0], "cartesian_collision": [0,0,0,0,0,0], "tau_ext_hat_filtered": [0.843064,0.700296,0.781466,-0.865402,0.317174,-1.10784,0.206941], "O_F_ext_hat_K": [5.32828,4.5981,-1.75098,-1.76464,2.55585,0.919528], "K_F_ext_hat_K": [1.44406,3.05669,-6.41643,2.28382,-0.18026,0.3129], "O_dP_EE_d": [0,0,0,0,0,0], "O_ddP_O": [0,0,-9.81], "O_T_EE_c": [-0.0292005,-0.0326605,-0.99903,0,0.915694,-0.40162,-0.0136348,0,-0.400793,-0.915222,0.0416354,0,-0.218603,-0.786573,0.605724,1], "O_dP_EE_c": [0,0,0,0,0,0], "O_ddP_EE_c": [0,0,0,0,0,0], "theta": [0.486665,-0.688713,-1.97543,-1.28956,-2.36517,2.72404,-0.633165], "dtheta": [0,0,0,0,0,0,0], "current_errors": [], "last_motion_errors": [], "control_command_success_rate": 0, "robot_mode": "User stopped", "time": 23550231}