{"O_T_EE": [-0.00373204,0.0134854,-0.999892,0,0.936704,-0.349998,-0.00821657,0,-0.350078,-0.936652,-0.0113259,0,-0.171675,-0.801967,0.594112,1], "O_T_EE_d": [-0.00378129,0.0134532,-0.999893,0,0.936626,-0.350205,-0.00825392,0,-0.350286,-0.936575,-0.0112766,0,-0.171735,-0.801953,0.594124,1], "F_T_NE": [0.7071,-0.7071,0,0,0.7071,0.7071,0,0,0,0,1,0,0,0,0.1034,1], "NE_T_EE": [1,0,0,0,0,1,0,0,0,0,1,0,0,0,0,1], "F_T_EE": [0.7071,-0.7071,0,0,0.7071,0.7071,0,0,0,0,1,0,0,0,0.1034,1], "EE_T_K": [1,0,0,0,0,1,0,0,0,0,1,0,0,0,0,1], "m_ee": 0.73, "F_x_Cee": [-0.01,0,0.03], "I_ee": [0.001,0,0,0,0.0025,0,0,0,0.0017], "m_load": 0, "F_x_Cload": [0,0,0], "I_load": [0,0,0,0,0,0,0,0,0], "m_total": 0.73, "F_x_Ctotal": [-0.01,0,0.03], "I_total": [0.001,0,0,0,0.0025,0,0,0,0.0017], "elbow": [0.593983,-1], "elbow_d": [0.593914,-1], "elbow_c": [0.593914,-1], "delbow_c": [0,0], "ddelbow_c": [0,0], "tau_J": [0.747017,-40.0045,8.06978,20.2484,1.63007,-1.60707,0.071614], "tau_J_d": [0,0,0,0,0,0,0], "dtau_J": [41.2553,-105.819,-92.5663,150.366,-3.36532,-1.51772,-17.3932], "q": [-2.26478,0.507065,0.593983,-1.2245,-2.15122,2.91063,-0.47908], "dq": [-0.000479399,0.000752841,0.000822803,-0.001198,0.000342191,0.000265317,0.00171978], "q_d": [-2.26478,0.506994,0.593914,-1.22457,-2.15121,2.91045,-0.479054], "dq_d": [0,0,0,0,0,0,0], "ddq_d": [0,0,0,0,0,0,0], "joint_contact": [0,0,0,0,0,0,0], "cartesian_contact": [0,0,0,0,0,0], "joint_collision": [0,0,0,0,0,0,0], "cartesian_collision": [0,0,0,0,0,0], "tau_ext_hat_filtered": [0.733605,-0.355793,0.323676,-0.900069,0.0541906,-1.12399,0.102007], "O_F_ext_hat_K": [0,0,0,0,0,0], "K_F_ext_hat_K": [0,0,0,0,0,0], "O_dP_EE_d": [0,0,0,0,0,0], "O_ddP_O": [0,0,-9.81], "O_T_EE_c": [-0.00378129,0.0134532,-0.999893,0,0.936626,-0.350205,-0.00825392,0,-0.350286,-0.936575,-0.0112766,0,-0.171735,-0.801953,0.594124,1], "O_dP_EE_c": [0,0,0,0,0,0], "O_ddP_EE_c": [0,0,0,0,0,0], "theta": [-2.26473,0.504258,0.594549,-1.22308,-2.15103,2.91046,-0.479072], "dtheta": [0,0,0,0,0,0,0], "current_errors": [], "last_motion_errors": [], "control_command_success_rate": 0, "robot_mode": "User stopped", "time": 23276689}