{"O_T_EE": [-0.0116458,-0.0274885,-0.999545,0,0.854678,-0.519121,0.00431843,0,-0.519014,-0.854255,0.02954,0,-0.314836,-0.755857,0.605336,1], "O_T_EE_d": [-0.0118538,-0.0276008,-0.999539,0,0.854595,-0.519259,0.00420369,0,-0.519146,-0.854168,0.0297433,0,-0.314788,-0.755833,0.605479,1], "F_T_NE": [0.7071,-0.7071,0,0,0.7071,0.7071,0,0,0,0,1,0,0,0,0.1034,1], "NE_T_EE": [1,0,0,0,0,1,0,0,0,0,1,0,0,0,0,1], "F_T_EE": [0.7071,-0.7071,0,0,0.7071,0.7071,0,0,0,0,1,0,0,0,0.1034,1], "EE_T_K": [1,0,0,0,0,1,0,0,0,0,1,0,0,0,0,1], "m_ee": 0.73, "F_x_Cee": [-0.01,0,0.03], "I_ee": [0.001,0,0,0,0.0025,0,0,0,0.0017], "m_load": 0, "F_x_Cload": [0,0,0], "I_load": [0,0,0,0,0,0,0,0,0], "m_total": 0.73, "F_x_Ctotal": [-0.01,0,0.03], "I_total": [0.001,0,0,0,0.0025,0,0,0,0.0017], "elbow": [-1.8595,-1], "elbow_d": [-1.85947,-1], "elbow_c": [-1.85947,-1], "delbow_c": [0,0], "ddelbow_c": [0,0], "tau_J": [0.485177,35.3223,19.0949,15.6503,1.46527,-1.34615,0.204366], "tau_J_d": [0,0,0,0,0,0,0], "dtau_J": [-26.7156,33.6163,78.0881,-171.651,-6.49829,-23.192,-15.669], "q": [0.325991,-0.773118,-1.8595,-1.29967,-2.36815,2.66224,-0.72445], "dq": [0.000731381,0.000110994,-0.00155745,-0.00534877,0.000474793,0.000234718,-0.00142577], "q_d": [0.325999,-0.772857,-1.85947,-1.2997,-2.36815,2.66204,-0.724411], "dq_d": [0,0,0,0,0,0,0], "ddq_d": [0,0,0,0,0,0,0], "joint_contact": [0,0,0,0,0,0,0], "cartesian_contact": [0,0,0,0,0,0], "joint_collision": [0,0,0,0,0,0,0], "cartesian_collision": [0,0,0,0,0,0], "tau_ext_hat_filtered": [0.563505,0.563912,0.549465,-0.681703,0.188192,-1.16956,0.186007], "O_F_ext_hat_K": [5.09191,3.51002,-1.59871,-1.28725,2.37993,0.624107], "K_F_ext_hat_K": [1.44222,2.52296,-5.68845,2.12842,-0.222888,0.299936], "O_dP_EE_d": [0,0,0,0,0,0], "O_ddP_O": [0,0,-9.81], "O_T_EE_c": [-0.0118538,-0.0276008,-0.999539,0,0.854595,-0.519259,0.00420369,0,-0.519146,-0.854168,0.0297433,0,-0.314788,-0.755833,0.605479,1], "O_dP_EE_c": [0,0,0,0,0,0], "O_ddP_EE_c": [0,0,0,0,0,0], "theta": [0.326025,-0.77064,-1.85816,-1.29857,-2.36799,2.66209,-0.724427], "dtheta": [0,0,0,-0.024806,0,0,0], "current_errors": [], "last_motion_errors": [], "control_command_success_rate": 0, "robot_mode": "User stopped", "time": 23495605}