{"O_T_EE": [-0.0352582,-0.0505452,-0.99809,0,0.748089,-0.663545,0.00717647,0,-0.662653,-0.746421,0.0612089,0,-0.447033,-0.688161,0.606521,1], "O_T_EE_d": [-0.0355876,-0.0505066,-0.99808,0,0.748047,-0.663596,0.00690803,0,-0.662683,-0.746379,0.0613983,0,-0.446945,-0.688136,0.60665,1], "F_T_NE": [0.7071,-0.7071,0,0,0.7071,0.7071,0,0,0,0,1,0,0,0,0.1034,1], "NE_T_EE": [1,0,0,0,0,1,0,0,0,0,1,0,0,0,0,1], "F_T_EE": [0.7071,-0.7071,0,0,0.7071,0.7071,0,0,0,0,1,0,0,0,0.1034,1], "EE_T_K": [1,0,0,0,0,1,0,0,0,0,1,0,0,0,0,1], "m_ee": 0.73, "F_x_Cee": [-0.01,0,0.03], "I_ee": [0.001,0,0,0,0.0025,0,0,0,0.0017], "m_load": 0, "F_x_Cload": [0,0,0], "I_load": [0,0,0,0,0,0,0,0,0], "m_total": 0.73, "F_x_Ctotal": [-0.01,0,0.03], "I_total": [0.001,0,0,0,0.0025,0,0,0,0.0017], "elbow": [-2.15687,-1], "elbow_d": [-2.15689,-1], "elbow_c": [-2.15689,-1], "delbow_c": [0,0], "ddelbow_c": [0,0], "tau_J": [0.973153,38.151,14.5206,18.2965,1.35541,-1.37636,0.02126], "tau_J_d": [0,0,0,0,0,0,0], "dtau_J": [58.8194,-76.3008,-58.2141,-103.912,22.7267,7.59157,-28.4296], "q": [0.285891,-0.617519,-2.15687,-1.249,-2.36728,2.77201,-0.488417], "dq": [-0.00121253,0.0010598,0.00176053,0.00173656,-0.00152772,-0.00459915,0.00163568], "q_d": [0.285861,-0.617152,-2.15689,-1.24919,-2.36731,2.7719,-0.488414], "dq_d": [0,0,0,0,0,0,0], "ddq_d": [0,0,0,0,0,0,0], "joint_contact": [0,0,0,0,0,0,0], "cartesian_contact": [0,0,0,0,0,0], "joint_collision": [0,0,0,0,0,0,0], "cartesian_collision": [0,0,0,0,0,0], "tau_ext_hat_filtered": [0.950549,1.47165,1.23173,-1.05856,0.0386729,-0.775495,0.0579399], "O_F_ext_hat_K": [8.93449,6.66289,-2.97806,-2.84801,4.42826,1.07901], "K_F_ext_hat_K": [2.32062,2.24133,-11.0761,2.09981,-0.88166,0.185167], "O_dP_EE_d": [0,0,0,0,0,0], "O_ddP_O": [0,0,-9.81], "O_T_EE_c": [-0.0355876,-0.0505066,-0.99808,0,0.748047,-0.663596,0.00690803,0,-0.662683,-0.746379,0.0613983,0,-0.446945,-0.688136,0.60665,1], "O_dP_EE_c": [0,0,0,0,0,0], "O_ddP_EE_c": [0,0,0,0,0,0], "theta": [0.28596,-0.614842,-2.15585,-1.24772,-2.36713,2.77186,-0.488415], "dtheta": [0,0,0,0,0,0,0], "current_errors": [], "last_motion_errors": [], "control_command_success_rate": 0, "robot_mode": "User stopped", "time": 23619115}