{"O_T_EE": [-0.0204134,-0.0142497,-0.99968,0,0.819158,-0.573487,-0.00855255,0,-0.573193,-0.819087,0.02338,0,-0.360753,-0.736366,0.605461,1], "O_T_EE_d": [-0.0204287,-0.0143617,-0.999679,0,0.819148,-0.573503,-0.00850041,0,-0.573207,-0.819074,0.0234807,0,-0.360663,-0.736386,0.605547,1], "F_T_NE": [0.7071,-0.7071,0,0,0.7071,0.7071,0,0,0,0,1,0,0,0,0.1034,1], "NE_T_EE": [1,0,0,0,0,1,0,0,0,0,1,0,0,0,0,1], "F_T_EE": [0.7071,-0.7071,0,0,0.7071,0.7071,0,0,0,0,1,0,0,0,0.1034,1], "EE_T_K": [1,0,0,0,0,1,0,0,0,0,1,0,0,0,0,1], "m_ee": 0.73, "F_x_Cee": [-0.01,0,0.03], "I_ee": [0.001,0,0,0,0.0025,0,0,0,0.0017], "m_load": 0, "F_x_Cload": [0,0,0], "I_load": [0,0,0,0,0,0,0,0,0], "m_total": 0.73, "F_x_Ctotal": [-0.01,0,0.03], "I_total": [0.001,0,0,0,0.0025,0,0,0,0.0017], "elbow": [-1.82449,-1], "elbow_d": [-1.82439,-1], "elbow_c": [-1.82439,-1], "delbow_c": [0,0], "ddelbow_c": [0,0], "tau_J": [1.23499,35.7746,20.3327,14.7696,1.53852,-1.03578,0.234578], "tau_J_d": [0,0,0,0,0,0,0], "dtau_J": [-23.2439,-44.4767,-87.0123,-95.4327,-1.97907,10.9472,78.193], "q": [0.258725,-0.801711,-1.82449,-1.29954,-2.36576,2.64129,-0.777438], "dq": [0.000222497,-6.50258e-05,0.000980457,0.00485528,0.000545746,9.70375e-05,-0.00223997], "q_d": [0.258797,-0.801624,-1.82439,-1.29956,-2.36575,2.64112,-0.777396], "dq_d": [0,0,0,0,0,0,0], "ddq_d": [0,0,0,0,0,0,0], "joint_contact": [0,0,0,0,0,0,0], "cartesian_contact": [0,0,0,0,0,0], "joint_collision": [0,0,0,0,0,0,0], "cartesian_collision": [0,0,0,0,0,0], "tau_ext_hat_filtered": [1.31613,0.838717,1.08146,-1.11415,0.266861,-0.953504,0.205734], "O_F_ext_hat_K": [6.40783,3.37059,-1.29492,-1.29051,3.09588,1.37359], "K_F_ext_hat_K": [1.1157,3.32718,-6.464,2.13697,0.0332089,0.326121], "O_dP_EE_d": [0,0,0,0,0,0], "O_ddP_O": [0,0,-9.81], "O_T_EE_c": [-0.0204287,-0.0143617,-0.999679,0,0.819148,-0.573503,-0.00850041,0,-0.573207,-0.819074,0.0234807,0,-0.360663,-0.736386,0.605547,1], "O_dP_EE_c": [0,0,0,0,0,0], "O_ddP_EE_c": [0,0,0,0,0,0], "theta": [0.258811,-0.799201,-1.82307,-1.29851,-2.36559,2.64118,-0.777412], "dtheta": [0,0,0,0.0258844,0,0,0], "current_errors": [], "last_motion_errors": [], "control_command_success_rate": 0, "robot_mode": "User stopped", "time": 23472167}