{"O_T_EE": [0.0260145,0.034758,-0.999047,0,0.658945,-0.752124,-0.00900878,0,-0.751735,-0.658096,-0.0424706,0,-0.531798,-0.634741,0.594254,1], "O_T_EE_d": [0.0257482,0.0345051,-0.999063,0,0.658875,-0.752186,-0.00899789,0,-0.751806,-0.658039,-0.0421028,0,-0.53171,-0.634713,0.594531,1], "F_T_NE": [0.7071,-0.7071,0,0,0.7071,0.7071,0,0,0,0,1,0,0,0,0.1034,1], "NE_T_EE": [1,0,0,0,0,1,0,0,0,0,1,0,0,0,0,1], "F_T_EE": [0.7071,-0.7071,0,0,0.7071,0.7071,0,0,0,0,1,0,0,0,0.1034,1], "EE_T_K": [1,0,0,0,0,1,0,0,0,0,1,0,0,0,0,1], "m_ee": 0.73, "F_x_Cee": [-0.01,0,0.03], "I_ee": [0.001,0,0,0,0.0025,0,0,0,0.0017], "m_load": 0, "F_x_Cload": [0,0,0], "I_load": [0,0,0,0,0,0,0,0,0], "m_total": 0.73, "F_x_Ctotal": [-0.01,0,0.03], "I_total": [0.001,0,0,0,0.0025,0,0,0,0.0017], "elbow": [0.281758,-1], "elbow_d": [0.281781,-1], "elbow_c": [0.281781,-1], "delbow_c": [0,0], "ddelbow_c": [0,0], "tau_J": [0.973153,-44.2257,4.99514,21.2839,2.09607,-1.25642,0.163167], "tau_J_d": [0,0,0,0,0,0,0], "dtau_J": [51.8171,16.6365,-8.64253,-102.646,-5.50056,39.6084,-31.128], "q": [-2.53846,0.499798,0.281758,-1.16563,-1.93836,2.99445,-0.552323], "dq": [-0.000257597,0.000721214,0.00552976,0.00144656,-0.000111638,-0.00068049,0.000796027], "q_d": [-2.5384,0.49945,0.281781,-1.16565,-1.93835,2.99428,-0.552282], "dq_d": [0,0,0,0,0,0,0], "ddq_d": [0,0,0,0,0,0,0], "joint_contact": [0,0,0,0,0,0,0], "cartesian_contact": [0,0,0,0,0,0], "joint_collision": [0,0,0,0,0,0,0], "cartesian_collision": [0,0,0,0,0,0], "tau_ext_hat_filtered": [0.967221,-1.53441,0.712463,-0.398032,0.244455,-0.969679,0.206966], "O_F_ext_hat_K": [0,0,0,0,0,0], "K_F_ext_hat_K": [0,0,0,0,0,0], "O_dP_EE_d": [0,0,0,0,0,0], "O_ddP_O": [0,0,-9.81], "O_T_EE_c": [0.0257482,0.0345051,-0.999063,0,0.658875,-0.752186,-0.00899789,0,-0.751806,-0.658039,-0.0421028,0,-0.53171,-0.634713,0.594531,1], "O_dP_EE_c": [0,0,0,0,0,0], "O_ddP_EE_c": [0,0,0,0,0,0], "theta": [-2.53839,0.496693,0.282109,-1.16414,-1.93812,2.99431,-0.552305], "dtheta": [0,0,0,0,0,0,0], "current_errors": [], "last_motion_errors": [], "control_command_success_rate": 0, "robot_mode": "User stopped", "time": 23794250}