{"O_T_EE": [0.00305449,-0.014404,-0.999882,0,-0.881523,-0.472102,0.00410804,0,-0.472115,0.881424,-0.0141398,0,-0.501192,0.609248,0.705874,1], "O_T_EE_d": [0.00301134,-0.0143384,-0.999883,0,-0.881793,-0.471598,0.00410704,0,-0.471611,0.881695,-0.0140639,0,-0.500964,0.609414,0.705969,1], "F_T_NE": [0.7071,-0.7071,0,0,0.7071,0.7071,0,0,0,0,1,0,0,0,0.1034,1], "NE_T_EE": [1,0,0,0,0,1,0,0,0,0,1,0,0,0,0,1], "F_T_EE": [0.7071,-0.7071,0,0,0.7071,0.7071,0,0,0,0,1,0,0,0,0.1034,1], "EE_T_K": [1,0,0,0,0,1,0,0,0,0,1,0,0,0,0,1], "m_ee": 0.73, "F_x_Cee": [-0.01,0,0.03], "I_ee": [0.001,0,0,0,0.0025,0,0,0,0.0017], "m_load": 0, "F_x_Cload": [0,0,0], "I_load": [0,0,0,0,0,0,0,0,0], "m_total": 0.73, "F_x_Ctotal": [-0.01,0,0.03], "I_total": [0.001,0,0,0,0.0025,0,0,0,0.0017], "elbow": [-1.54983,-1], "elbow_d": [-1.54979,-1], "elbow_c": [-1.54979,-1], "delbow_c": [0,0], "ddelbow_c": [0,0], "tau_J": [-1.30407,32.3826,20.5945,13.3493,1.06336,-0.956131,0.071614], "tau_J_d": [0,0,0,0,0,0,0], "dtau_J": [84.322,11.5446,86.7902,-28.994,12.0277,-13.4633,110.746], "q": [-1.79396,-0.849669,-1.54983,-1.26355,-2.14296,2.47053,-1.15289], "dq": [2.15081e-05,-0.000673212,-0.000983815,-0.0039084,-0.000232959,0.000213155,-0.0033684], "q_d": [-1.79422,-0.849567,-1.54979,-1.26341,-2.14299,2.47029,-1.15289], "dq_d": [0,0,0,0,0,0,0], "ddq_d": [0,0,0,0,0,0,0], "joint_contact": [0,0,0,0,0,0,0], "cartesian_contact": [0,0,0,0,0,0], "joint_collision": [0,0,0,0,0,0,0], "cartesian_collision": [0,0,0,0,0,0], "tau_ext_hat_filtered": [-1.31896,0.368275,0.0780731,0.325148,0.0537474,-1.5839,0.00333307], "O_F_ext_hat_K": [3.8792,-5.21041,-0.671798,2.50135,2.09048,-1.31605], "K_F_ext_hat_K": [0.758633,-0.962536,-6.41451,1.56603,0.8167,0.110184], "O_dP_EE_d": [0,0,0,0,0,0], "O_ddP_O": [0,0,-9.81], "O_T_EE_c": [0.00301134,-0.0143384,-0.999883,0,-0.881793,-0.471598,0.00410704,0,-0.471611,0.881695,-0.0140639,0,-0.500964,0.609414,0.705969,1], "O_dP_EE_c": [0,0,0,0,0,0], "O_ddP_EE_c": [0,0,0,0,0,0], "theta": [-1.79405,-0.847397,-1.54838,-1.26261,-2.14284,2.47043,-1.15288], "dtheta": [0,0,0,0,0,0,0], "current_errors": [], "last_motion_errors": [], "control_command_success_rate": 0, "robot_mode": "User stopped", "time": 26392005}