{"O_T_EE": [0.00794665,0.0134041,-0.999869,0,-0.850825,-0.52525,-0.0138035,0,-0.525376,0.850839,0.00723073,0,-0.540141,0.576172,0.706502,1], "O_T_EE_d": [0.00789991,0.0135217,-0.999868,0,-0.851068,-0.524856,-0.0138221,0,-0.524983,0.851081,0.00736168,0,-0.539992,0.57628,0.706622,1], "F_T_NE": [0.7071,-0.7071,0,0,0.7071,0.7071,0,0,0,0,1,0,0,0,0.1034,1], "NE_T_EE": [1,0,0,0,0,1,0,0,0,0,1,0,0,0,0,1], "F_T_EE": [0.7071,-0.7071,0,0,0.7071,0.7071,0,0,0,0,1,0,0,0,0.1034,1], "EE_T_K": [1,0,0,0,0,1,0,0,0,0,1,0,0,0,0,1], "m_ee": 0.73, "F_x_Cee": [-0.01,0,0.03], "I_ee": [0.001,0,0,0,0.0025,0,0,0,0.0017], "m_load": 0, "F_x_Cload": [0,0,0], "I_load": [0,0,0,0,0,0,0,0,0], "m_total": 0.73, "F_x_Ctotal": [-0.01,0,0.03], "I_total": [0.001,0,0,0,0.0025,0,0,0,0.0017], "elbow": [-1.67874,-1], "elbow_d": [-1.67871,-1], "elbow_c": [-1.67871,-1], "delbow_c": [0,0], "ddelbow_c": [0,0], "tau_J": [-1.23266,32.1564,18.4958,15.6503,1.26477,-1.09621,0.0514724], "tau_J_d": [0,0,0,0,0,0,0], "dtau_J": [88.6995,75.6622,0.738785,218.034,25.6421,30.9936,42.0924], "q": [-1.71478,-0.750833,-1.67874,-1.24554,-2.09218,2.55056,-1.08666], "dq": [-0.000674065,-0.000644933,-0.000162778,-0.00156165,0.000176269,-0.000283149,-0.00146565], "q_d": [-1.71491,-0.750717,-1.67871,-1.24539,-2.09222,2.55031,-1.08667], "dq_d": [0,0,0,0,0,0,0], "ddq_d": [0,0,0,0,0,0,0], "joint_contact": [0,0,0,0,0,0,0], "cartesian_contact": [0,0,0,0,0,0], "joint_collision": [0,0,0,0,0,0,0], "cartesian_collision": [0,0,0,0,0,0], "tau_ext_hat_filtered": [-1.18169,0.642814,0.103585,0.280582,0.0816107,-1.54729,0.0403627], "O_F_ext_hat_K": [4.10376,-5.43192,-0.682406,2.76453,2.2795,-1.14603], "K_F_ext_hat_K": [0.64213,-0.629058,-6.78265,1.70658,0.734079,0.13108], "O_dP_EE_d": [0,0,0,0,0,0], "O_ddP_O": [0,0,-9.81], "O_T_EE_c": [0.00789991,0.0135217,-0.999868,0,-0.851068,-0.524856,-0.0138221,0,-0.524983,0.851081,0.00736168,0,-0.539992,0.57628,0.706622,1], "O_dP_EE_c": [0,0,0,0,0,0], "O_ddP_EE_c": [0,0,0,0,0,0], "theta": [-1.71486,-0.748576,-1.67744,-1.24444,-2.09204,2.55044,-1.08666], "dtheta": [0,0,0,0,0,0,0], "current_errors": [], "last_motion_errors": [], "control_command_success_rate": 0, "robot_mode": "User stopped", "time": 26450042}