{"O_T_EE": [-0.0210268,-0.0318438,-0.999262,0,-0.931418,-0.36259,0.031154,0,-0.363321,0.931403,-0.0220362,0,-0.419788,0.66967,0.697725,1], "O_T_EE_d": [-0.020995,-0.0319437,-0.99926,0,-0.931413,-0.362601,0.0311609,0,-0.363335,0.931396,-0.0221404,0,-0.419854,0.669639,0.697672,1], "F_T_NE": [0.7071,-0.7071,0,0,0.7071,0.7071,0,0,0,0,1,0,0,0,0.1034,1], "NE_T_EE": [1,0,0,0,0,1,0,0,0,0,1,0,0,0,0,1], "F_T_EE": [0.7071,-0.7071,0,0,0.7071,0.7071,0,0,0,0,1,0,0,0,0.1034,1], "EE_T_K": [1,0,0,0,0,1,0,0,0,0,1,0,0,0,0,1], "m_ee": 0.73, "F_x_Cee": [-0.01,0,0.03], "I_ee": [0.001,0,0,0,0.0025,0,0,0,0.0017], "m_load": 0, "F_x_Cload": [0,0,0], "I_load": [0,0,0,0,0,0,0,0,0], "m_total": 0.73, "F_x_Ctotal": [-0.01,0,0.03], "I_total": [0.001,0,0,0,0.0025,0,0,0,0.0017], "elbow": [0.684499,-1], "elbow_d": [0.684551,-1], "elbow_c": [0.684551,-1], "delbow_c": [0,0], "ddelbow_c": [0,0], "tau_J": [0.78669,-35.8547,7.9944,20.2484,2.10523,-0.654922,0.204366], "tau_J_d": [0,0,0,0,0,0,0], "dtau_J": [-79.9858,91.342,71.3294,8.37218,1.70117,-12.0809,35.0669], "q": [1.5725,0.413425,0.684499,-1.21588,-1.64811,2.87256,-0.934423], "dq": [0.0015898,-0.000378429,-0.00104368,0.00420531,0.000332561,3.58111e-05,0.000330455], "q_d": [1.57257,0.413421,0.684551,-1.21598,-1.64811,2.87244,-0.934402], "dq_d": [0,0,0,0,0,0,0], "ddq_d": [0,0,0,0,0,0,0], "joint_contact": [0,0,0,0,0,0,0], "cartesian_contact": [0,0,0,0,0,0], "joint_collision": [0,0,0,0,0,0,0], "cartesian_collision": [0,0,0,0,0,0], "tau_ext_hat_filtered": [0.821697,-0.657915,0.692991,-0.628637,0.185264,-1.00211,0.202974], "O_F_ext_hat_K": [-1.20276,-4.44149,-0.474298,2.16644,-1.0959,0.910308], "K_F_ext_hat_K": [0.640685,2.71599,-3.68938,1.77312,0.538731,0.20853], "O_dP_EE_d": [0,0,0,0,0,0], "O_ddP_O": [0,0,-9.81], "O_T_EE_c": [-0.020995,-0.0319437,-0.99926,0,-0.931413,-0.362601,0.0311609,0,-0.363335,0.931396,-0.0221404,0,-0.419854,0.669639,0.697672,1], "O_dP_EE_c": [0,0,0,0,0,0], "O_ddP_EE_c": [0,0,0,0,0,0], "theta": [1.57256,0.410909,0.68506,-1.21446,-1.64787,2.87249,-0.9344], "dtheta": [0,0,0,0,0,0,0], "current_errors": [], "last_motion_errors": [], "control_command_success_rate": 0, "robot_mode": "User stopped", "time": 5059057}