{"O_T_EE": [-0.0372905,-0.040351,-0.99848,0,-0.953822,-0.296544,0.0476067,0,-0.29802,0.954165,-0.0274299,0,-0.375547,0.69414,0.697157,1], "O_T_EE_d": [-0.037258,-0.0402597,-0.998485,0,-0.953831,-0.296524,0.0475479,0,-0.297994,0.954176,-0.0273536,0,-0.375595,0.694059,0.697234,1], "F_T_NE": [0.7071,-0.7071,0,0,0.7071,0.7071,0,0,0,0,1,0,0,0,0.1034,1], "NE_T_EE": [1,0,0,0,0,1,0,0,0,0,1,0,0,0,0,1], "F_T_EE": [0.7071,-0.7071,0,0,0.7071,0.7071,0,0,0,0,1,0,0,0,0.1034,1], "EE_T_K": [1,0,0,0,0,1,0,0,0,0,1,0,0,0,0,1], "m_ee": 0.73, "F_x_Cee": [-0.01,0,0.03], "I_ee": [0.001,0,0,0,0.0025,0,0,0,0.0017], "m_load": 0, "F_x_Cload": [0,0,0], "I_load": [0,0,0,0,0,0,0,0,0], "m_total": 0.73, "F_x_Ctotal": [-0.01,0,0.03], "I_total": [0.001,0,0,0,0.0025,0,0,0,0.0017], "elbow": [0.691164,-1], "elbow_d": [0.691221,-1], "elbow_c": [0.691221,-1], "delbow_c": [0,0], "ddelbow_c": [0,0], "tau_J": [0.78669,-35.6286,7.73256,20.173,1.86811,-0.705276,0.163167], "tau_J_d": [0,0,0,0,0,0,0], "dtau_J": [-51.4577,37.4099,-53.7845,136.365,15.7044,-31.3586,-93.8486], "q": [1.50242,0.407756,0.691164,-1.22496,-1.64149,2.86464,-0.92218], "dq": [0.000583867,0.000530596,-0.00150379,-0.00183698,0.00700087,3.01345e-05,0.00252553], "q_d": [1.50245,0.407571,0.691221,-1.22505,-1.64149,2.8645,-0.922165], "dq_d": [0,0,0,0,0,0,0], "ddq_d": [0,0,0,0,0,0,0], "joint_contact": [0,0,0,0,0,0,0], "cartesian_contact": [0,0,0,0,0,0], "joint_collision": [0,0,0,0,0,0,0], "cartesian_collision": [0,0,0,0,0,0], "tau_ext_hat_filtered": [0.763309,-0.665878,0.504627,-0.871118,-0.0501167,-1.06158,0.22467], "O_F_ext_hat_K": [-0.908199,-5.90905,-2.34686,2.5904,-1.30138,0.836744], "K_F_ext_hat_K": [2.61565,2.50688,-5.30317,1.99743,-0.254405,0.228803], "O_dP_EE_d": [0,0,0,0,0,0], "O_ddP_O": [0,0,-9.81], "O_T_EE_c": [-0.037258,-0.0402597,-0.998485,0,-0.953831,-0.296524,0.0475479,0,-0.297994,0.954176,-0.0273536,0,-0.375595,0.694059,0.697234,1], "O_dP_EE_c": [0,0,0,0,0,0], "O_ddP_EE_c": [0,0,0,0,0,0], "theta": [1.50247,0.405255,0.691707,-1.22354,-1.64128,2.86456,-0.922162], "dtheta": [0,0,0,0,0,0,0], "current_errors": [], "last_motion_errors": [], "control_command_success_rate": 0, "robot_mode": "User stopped", "time": 5020284}