{"O_T_EE": [-0.0219715,-0.023073,-0.999483,0,-0.984561,-0.173097,0.0256394,0,-0.173603,0.984634,-0.018914,0,-0.284128,0.733418,0.697235,1], "O_T_EE_d": [-0.0219528,-0.0231677,-0.999481,0,-0.984542,-0.173207,0.0256396,0,-0.173715,0.984613,-0.0190076,0,-0.284269,0.733361,0.697195,1], "F_T_NE": [0.7071,-0.7071,0,0,0.7071,0.7071,0,0,0,0,1,0,0,0,0.1034,1], "NE_T_EE": [1,0,0,0,0,1,0,0,0,0,1,0,0,0,0,1], "F_T_EE": [0.7071,-0.7071,0,0,0.7071,0.7071,0,0,0,0,1,0,0,0,0.1034,1], "EE_T_K": [1,0,0,0,0,1,0,0,0,0,1,0,0,0,0,1], "m_ee": 0.73, "F_x_Cee": [-0.01,0,0.03], "I_ee": [0.001,0,0,0,0.0025,0,0,0,0.0017], "m_load": 0, "F_x_Cload": [0,0,0], "I_load": [0,0,0,0,0,0,0,0,0], "m_total": 0.73, "F_x_Ctotal": [-0.01,0,0.03], "I_total": [0.001,0,0,0,0.0025,0,0,0,0.0017], "elbow": [0.629355,-1], "elbow_d": [0.629446,-1], "elbow_c": [0.629446,-1], "delbow_c": [0,0], "ddelbow_c": [0,0], "tau_J": [1.56825,-35.1009,7.5461,19.6374,2.04114,-0.715347,0.184224], "tau_J_d": [0,0,0,0,0,0,0], "dtau_J": [-111.826,105.051,89.9187,49.3427,26.3708,27.6721,36.9106], "q": [1.41066,0.384613,0.629355,-1.2355,-1.64818,2.88403,-0.90505], "dq": [0.000488448,-0.000574701,-0.000473582,-0.00124994,-0.000185163,-0.000321194,-0.00152324], "q_d": [1.41078,0.384573,0.629446,-1.23563,-1.64818,2.8839,-0.905038], "dq_d": [0,0,0,0,0,0,0], "ddq_d": [0,0,0,0,0,0,0], "joint_contact": [0,0,0,0,0,0,0], "cartesian_contact": [0,0,0,0,0,0], "joint_collision": [0,0,0,0,0,0,0], "cartesian_collision": [0,0,0,0,0,0], "tau_ext_hat_filtered": [1.59516,0.135469,1.07816,-1.55919,0.0961054,-0.996944,0.178171], "O_F_ext_hat_K": [-3.44738,-4.16045,-1.85757,0.997824,-2.87798,1.70385], "K_F_ext_hat_K": [2.02838,4.06677,-3.46292,2.01626,0.471536,0.184424], "O_dP_EE_d": [0,0,0,0,0,0], "O_ddP_O": [0,0,-9.81], "O_T_EE_c": [-0.0219528,-0.0231677,-0.999481,0,-0.984542,-0.173207,0.0256396,0,-0.173715,0.984613,-0.0190076,0,-0.284269,0.733361,0.697195,1], "O_dP_EE_c": [0,0,0,0,0,0], "O_ddP_EE_c": [0,0,0,0,0,0], "theta": [1.41077,0.38215,0.629884,-1.23412,-1.64796,2.88395,-0.905029], "dtheta": [0,0,0,0,0,0,0], "current_errors": [], "last_motion_errors": [], "control_command_success_rate": 0, "robot_mode": "User stopped", "time": 5079629}