{"O_T_EE": [-0.0280086,-0.0156618,-0.999475,0,-0.993488,-0.109946,0.0295637,0,-0.110353,0.993814,-0.0124806,0,-0.236768,0.748474,0.697271,1], "O_T_EE_d": [-0.0279716,-0.015677,-0.999476,0,-0.993494,-0.109905,0.029528,0,-0.110312,0.993818,-0.012501,0,-0.236822,0.748441,0.697275,1], "F_T_NE": [0.7071,-0.7071,0,0,0.7071,0.7071,0,0,0,0,1,0,0,0,0.1034,1], "NE_T_EE": [1,0,0,0,0,1,0,0,0,0,1,0,0,0,0,1], "F_T_EE": [0.7071,-0.7071,0,0,0.7071,0.7071,0,0,0,0,1,0,0,0,0.1034,1], "EE_T_K": [1,0,0,0,0,1,0,0,0,0,1,0,0,0,0,1], "m_ee": 0.73, "F_x_Cee": [-0.01,0,0.03], "I_ee": [0.001,0,0,0,0.0025,0,0,0,0.0017], "m_load": 0, "F_x_Cload": [0,0,0], "I_load": [0,0,0,0,0,0,0,0,0], "m_total": 0.73, "F_x_Ctotal": [-0.01,0,0.03], "I_total": [0.001,0,0,0,0.0025,0,0,0,0.0017], "elbow": [0.56499,-1], "elbow_d": [0.565021,-1], "elbow_c": [0.565021,-1], "delbow_c": [0,0], "ddelbow_c": [0,0], "tau_J": [0.78669,-36.307,6.41939,20.5182,2.04114,-0.795913,0.143025], "tau_J_d": [0,0,0,0,0,0,0], "dtau_J": [83.4811,-63.0654,55.8104,-210.594,22.6515,-31.5358,-3.37365], "q": [1.38808,0.368035,0.56499,-1.24018,-1.64837,2.90218,-0.872472], "dq": [0.000295715,0.00117284,0.000189287,0.000200893,-0.000446025,0.000225791,3.86925e-05], "q_d": [1.38814,0.36795,0.565021,-1.24028,-1.64838,2.90203,-0.872469], "dq_d": [0,0,0,0,0,0,0], "ddq_d": [0,0,0,0,0,0,0], "joint_contact": [0,0,0,0,0,0,0], "cartesian_contact": [0,0,0,0,0,0], "joint_collision": [0,0,0,0,0,0,0], "cartesian_collision": [0,0,0,0,0,0], "tau_ext_hat_filtered": [0.753459,-0.713213,0.691222,-0.772243,0.0526932,-1.00875,0.144572], "O_F_ext_hat_K": [-2.03323,-5.237,-1.31131,2.31904,-1.63866,0.875091], "K_F_ext_hat_K": [1.44962,2.55705,-4.96386,1.89414,0.283113,0.151262], "O_dP_EE_d": [0,0,0,0,0,0], "O_ddP_O": [0,0,-9.81], "O_T_EE_c": [-0.0279716,-0.015677,-0.999476,0,-0.993494,-0.109905,0.029528,0,-0.110312,0.993818,-0.012501,0,-0.236822,0.748441,0.697275,1], "O_dP_EE_c": [0,0,0,0,0,0], "O_ddP_EE_c": [0,0,0,0,0,0], "theta": [1.38813,0.365487,0.565441,-1.23874,-1.64815,2.90209,-0.872456], "dtheta": [0,0,0,0,0,0,0], "current_errors": [], "last_motion_errors": [], "control_command_success_rate": 0, "robot_mode": "User stopped", "time": 5096424}