{"O_T_EE": [-0.035222,-0.0384069,-0.998632,0,-0.970932,-0.235365,0.0432971,0,-0.236711,0.971147,-0.029001,0,-0.330107,0.715568,0.697195,1], "O_T_EE_d": [-0.0351634,-0.0383909,-0.998634,0,-0.970977,-0.235191,0.0432311,0,-0.236534,0.97119,-0.0290072,0,-0.330136,0.71553,0.697225,1], "F_T_NE": [0.7071,-0.7071,0,0,0.7071,0.7071,0,0,0,0,1,0,0,0,0.1034,1], "NE_T_EE": [1,0,0,0,0,1,0,0,0,0,1,0,0,0,0,1], "F_T_EE": [0.7071,-0.7071,0,0,0.7071,0.7071,0,0,0,0,1,0,0,0,0.1034,1], "EE_T_K": [1,0,0,0,0,1,0,0,0,0,1,0,0,0,0,1], "m_ee": 0.73, "F_x_Cee": [-0.01,0,0.03], "I_ee": [0.001,0,0,0,0.0025,0,0,0,0.0017], "m_load": 0, "F_x_Cload": [0,0,0], "I_load": [0,0,0,0,0,0,0,0,0], "m_total": 0.73, "F_x_Ctotal": [-0.01,0,0.03], "I_total": [0.001,0,0,0,0.0025,0,0,0,0.0017], "elbow": [0.697655,-1], "elbow_d": [0.697684,-1], "elbow_c": [0.697684,-1], "delbow_c": [0,0], "ddelbow_c": [0,0], "tau_J": [0.112252,-35.4421,7.31996,20.2127,1.75824,-0.985427,0.071614], "tau_J_d": [0,0,0,0,0,0,0], "dtau_J": [46.1339,-66.9466,24.4729,-123.615,-28.8062,1.33434,-81.7864], "q": [1.43164,0.403831,0.697655,-1.23119,-1.64044,2.86419,-0.926782], "dq": [0.000865852,-0.000129362,0.000135933,0.0039297,0.00811543,0.00017365,0.00553905], "q_d": [1.4317,0.403696,0.697684,-1.23128,-1.64044,2.86389,-0.926773], "dq_d": [0,0,0,0,0,0,0], "ddq_d": [0,0,0,0,0,0,0], "joint_contact": [0,0,0,0,0,0,0], "cartesian_contact": [0,0,0,0,0,0], "joint_collision": [0,0,0,0,0,0,0], "cartesian_collision": [0,0,0,0,0,0], "tau_ext_hat_filtered": [0.215664,-0.661713,0.0478378,-0.689953,-0.153977,-1.36012,0.126352], "O_F_ext_hat_K": [-1.02796,-5.35796,-2.15274,2.34158,-1.32283,0.296646], "K_F_ext_hat_K": [2.39183,2.16599,-4.89761,2.19547,-0.262458,0.130831], "O_dP_EE_d": [0,0,0,0,0,0], "O_ddP_O": [0,0,-9.81], "O_T_EE_c": [-0.0351634,-0.0383909,-0.998634,0,-0.970977,-0.235191,0.0432311,0,-0.236534,0.97119,-0.0290072,0,-0.330136,0.71553,0.697225,1], "O_dP_EE_c": [0,0,0,0,0,0], "O_ddP_EE_c": [0,0,0,0,0,0], "theta": [1.43165,0.401344,0.698169,-1.22977,-1.64024,2.86408,-0.926774], "dtheta": [0,0,0,0,0.0376649,0,0], "current_errors": [], "last_motion_errors": [], "control_command_success_rate": 0, "robot_mode": "User stopped", "time": 5006736}