{"O_T_EE": [-0.0159318,-0.00149507,-0.999862,0,-0.999808,0.010592,0.0159151,0,0.0105669,0.999943,-0.00166356,0,-0.139817,0.769775,0.697201,1], "O_T_EE_d": [-0.0160431,-0.00149187,-0.999861,0,-0.999806,0.010529,0.0160265,0,0.0105039,0.999943,-0.00166053,0,-0.139938,0.76974,0.697224,1], "F_T_NE": [0.7071,-0.7071,0,0,0.7071,0.7071,0,0,0,0,1,0,0,0,0.1034,1], "NE_T_EE": [1,0,0,0,0,1,0,0,0,0,1,0,0,0,0,1], "F_T_EE": [0.7071,-0.7071,0,0,0.7071,0.7071,0,0,0,0,1,0,0,0,0.1034,1], "EE_T_K": [1,0,0,0,0,1,0,0,0,0,1,0,0,0,0,1], "m_ee": 0.73, "F_x_Cee": [-0.01,0,0.03], "I_ee": [0.001,0,0,0,0.0025,0,0,0,0.0017], "m_load": 0, "F_x_Cload": [0,0,0], "I_load": [0,0,0,0,0,0,0,0,0], "m_total": 0.73, "F_x_Ctotal": [-0.01,0,0.03], "I_total": [0.001,0,0,0,0.0025,0,0,0,0.0017], "elbow": [0.435644,-1], "elbow_d": [0.435782,-1], "elbow_c": [0.435782,-1], "delbow_c": [0,0], "ddelbow_c": [0,0], "tau_J": [1.11994,-36.7236,5.1816,20.3635,2.25171,-0.966201,0.214436], "tau_J_d": [0,0,0,0,0,0,0], "dtau_J": [-52.3719,38.8098,-115.201,204.542,-28.1813,39.6218,-48.1751], "q": [1.3461,0.342578,0.435644,-1.24636,-1.64667,2.94376,-0.836839], "dq": [0.00096927,-0.000325354,0.000800992,-0.00208521,-0.000314173,-0.000405586,0.00127343], "q_d": [1.34618,0.342526,0.435782,-1.24641,-1.64665,2.9436,-0.836767], "dq_d": [0,0,0,0,0,0,0], "ddq_d": [0,0,0,0,0,0,0], "joint_contact": [0,0,0,0,0,0,0], "cartesian_contact": [0,0,0,0,0,0], "joint_collision": [0,0,0,0,0,0,0], "cartesian_collision": [0,0,0,0,0,0], "tau_ext_hat_filtered": [1.16572,-0.342598,0.836961,-1.11278,0.231841,-1.1002,0.247564], "O_F_ext_hat_K": [-3.55385,-4.9061,-1.44702,1.71026,-2.42678,1.22567], "K_F_ext_hat_K": [1.5108,3.47824,-4.94096,2.2048,0.563965,0.250622], "O_dP_EE_d": [0,0,0,0,0,0], "O_ddP_O": [0,0,-9.81], "O_T_EE_c": [-0.0160431,-0.00149187,-0.999861,0,-0.999806,0.010529,0.0160265,0,0.0105039,0.999943,-0.00166053,0,-0.139938,0.76974,0.697224,1], "O_dP_EE_c": [0,0,0,0,0,0], "O_ddP_EE_c": [0,0,0,0,0,0], "theta": [1.34618,0.34,0.436009,-1.24493,-1.64642,2.94365,-0.836815], "dtheta": [0,0,0,0,0,0,0], "current_errors": [], "last_motion_errors": [], "control_command_success_rate": 0, "robot_mode": "User stopped", "time": 5136996}