{"O_T_EE": [-0.0260861,-0.0111228,-0.999588,0,-0.996835,0.075281,0.0251766,0,0.0749714,0.9971,-0.0130516,0,-0.0853427,0.776088,0.697991,1], "O_T_EE_d": [-0.0260692,-0.0111554,-0.999588,0,-0.996843,0.0751805,0.0251586,0,0.0748704,0.997107,-0.0130803,0,-0.0854863,0.776061,0.697987,1], "F_T_NE": [0.7071,-0.7071,0,0,0.7071,0.7071,0,0,0,0,1,0,0,0,0.1034,1], "NE_T_EE": [1,0,0,0,0,1,0,0,0,0,1,0,0,0,0,1], "F_T_EE": [0.7071,-0.7071,0,0,0.7071,0.7071,0,0,0,0,1,0,0,0,0.1034,1], "EE_T_K": [1,0,0,0,0,1,0,0,0,0,1,0,0,0,0,1], "m_ee": 0.73, "F_x_Cee": [-0.01,0,0.03], "I_ee": [0.001,0,0,0,0.0025,0,0,0,0.0017], "m_load": 0, "F_x_Cload": [0,0,0], "I_load": [0,0,0,0,0,0,0,0,0], "m_total": 0.73, "F_x_Ctotal": [-0.01,0,0.03], "I_total": [0.001,0,0,0,0.0025,0,0,0,0.0017], "elbow": [1.49378,-1], "elbow_d": [1.49382,-1], "elbow_c": [1.49382,-1], "delbow_c": [0,0], "ddelbow_c": [0,0], "tau_J": [0.298714,-30.2013,18.9441,14.9997,1.55683,-0.615554,0.143025], "tau_J_d": [0,0,0,0,0,0,0], "dtau_J": [29.1738,-202.462,-105.084,-11.0944,7.80292,13.2567,-49.5238], "q": [0.722139,0.7379,1.49378,-1.31039,-2.07393,2.55806,-1.03856], "dq": [-0.000242325,0.00183377,0.00268666,0.00140594,-0.00012575,-0.000440778,0.000820572], "q_d": [0.722277,0.737852,1.49382,-1.31047,-2.07393,2.55794,-1.03853], "dq_d": [0,0,0,0,0,0,0], "ddq_d": [0,0,0,0,0,0,0], "joint_contact": [0,0,0,0,0,0,0], "cartesian_contact": [0,0,0,0,0,0], "joint_collision": [0,0,0,0,0,0,0], "cartesian_collision": [0,0,0,0,0,0], "tau_ext_hat_filtered": [0.268754,-0.609664,0.402487,-0.545745,0.348043,-1.10373,0.179548], "O_F_ext_hat_K": [-1.88489,-4.51188,-0.374818,2.05384,-1.07906,0.283935], "K_F_ext_hat_K": [0.474027,1.52985,-4.63522,1.58133,0.782771,0.22788], "O_dP_EE_d": [0,0,0,0,0,0], "O_ddP_O": [0,0,-9.81], "O_T_EE_c": [-0.0260692,-0.0111554,-0.999588,0,-0.996843,0.0751805,0.0251586,0,0.0748704,0.997107,-0.0130803,0,-0.0854863,0.776061,0.697987,1], "O_dP_EE_c": [0,0,0,0,0,0], "O_ddP_EE_c": [0,0,0,0,0,0], "theta": [0.72216,0.73578,1.49511,-1.30934,-2.07376,2.55799,-1.03854], "dtheta": [0,0,0,0,0,0,0], "current_errors": [], "last_motion_errors": [], "control_command_success_rate": 0, "robot_mode": "User stopped", "time": 1065017}