{"O_T_EE": [-0.0329665,-0.0251021,-0.999132,0,-0.977366,0.209784,0.0269777,0,0.208929,0.977425,-0.0314504,0,0.0156579,0.778047,0.69734,1], "O_T_EE_d": [-0.0329863,-0.0250699,-0.999132,0,-0.977359,0.209813,0.0270029,0,0.208958,0.97742,-0.0314238,0,0.0156435,0.778023,0.697374,1], "F_T_NE": [0.7071,-0.7071,0,0,0.7071,0.7071,0,0,0,0,1,0,0,0,0.1034,1], "NE_T_EE": [1,0,0,0,0,1,0,0,0,0,1,0,0,0,0,1], "F_T_EE": [0.7071,-0.7071,0,0,0.7071,0.7071,0,0,0,0,1,0,0,0,0.1034,1], "EE_T_K": [1,0,0,0,0,1,0,0,0,0,1,0,0,0,0,1], "m_ee": 0.73, "F_x_Cee": [-0.01,0,0.03], "I_ee": [0.001,0,0,0,0.0025,0,0,0,0.0017], "m_load": 0, "F_x_Cload": [0,0,0], "I_load": [0,0,0,0,0,0,0,0,0], "m_total": 0.73, "F_x_Ctotal": [-0.01,0,0.03], "I_total": [0.001,0,0,0,0.0025,0,0,0,0.0017], "elbow": [1.73464,-1], "elbow_d": [1.7347,-1], "elbow_c": [1.7347,-1], "delbow_c": [0,0], "ddelbow_c": [0,0], "tau_J": [0.18763,-31.5939,23.1058,10.3223,1.01758,-0.274978,0.265706], "tau_J_d": [0,0,0,0,0,0,0], "dtau_J": [55.4392,-80.7141,123.985,-76.196,-22.9394,16.4218,70.1011], "q": [0.585939,0.952998,1.73464,-1.35571,-2.22436,2.38038,-1.17073], "dq": [6.92973e-05,0.000526136,-0.00143868,-0.00124227,0.000240454,-0.000315439,-0.000512385], "q_d": [0.585906,0.952954,1.7347,-1.35575,-2.22436,2.3803,-1.17069], "dq_d": [0,0,0,0,0,0,0], "ddq_d": [0,0,0,0,0,0,0], "joint_contact": [0,0,0,0,0,0,0], "cartesian_contact": [0,0,0,0,0,0], "joint_collision": [0,0,0,0,0,0,0], "cartesian_collision": [0,0,0,0,0,0], "tau_ext_hat_filtered": [0.194105,-0.362665,0.425994,-0.575902,0.256138,-1.01063,0.220481], "O_F_ext_hat_K": [-1.97625,-4.68496,-0.847944,2.03308,-0.967742,0.168301], "K_F_ext_hat_K": [1.02998,0.925828,-4.96542,1.3038,0.609474,0.308927], "O_dP_EE_d": [0,0,0,0,0,0], "O_ddP_O": [0,0,-9.81], "O_T_EE_c": [-0.0329863,-0.0250699,-0.999132,0,-0.977359,0.209813,0.0270029,0,0.208958,0.97742,-0.0314238,0,0.0156435,0.778023,0.697374,1], "O_dP_EE_c": [0,0,0,0,0,0], "O_ddP_EE_c": [0,0,0,0,0,0], "theta": [0.585952,0.950781,1.73626,-1.35498,-2.22424,2.38035,-1.1707], "dtheta": [0,0,0,0,0,0,0], "current_errors": [], "last_motion_errors": [], "control_command_success_rate": 0, "robot_mode": "User stopped", "time": 961742}