{"O_T_EE": [-0.0332397,0.00415949,-0.999429,0,-0.94222,0.333364,0.0327244,0,0.333317,0.942788,-0.0071619,0,0.113456,0.766148,0.699521,1], "O_T_EE_d": [-0.0331764,0.00418167,-0.999431,0,-0.942181,0.333479,0.0326712,0,0.333433,0.942747,-0.00712388,0,0.113438,0.766144,0.699552,1], "F_T_NE": [0.7071,-0.7071,0,0,0.7071,0.7071,0,0,0,0,1,0,0,0,0.1034,1], "NE_T_EE": [1,0,0,0,0,1,0,0,0,0,1,0,0,0,0,1], "F_T_EE": [0.7071,-0.7071,0,0,0.7071,0.7071,0,0,0,0,1,0,0,0,0.1034,1], "EE_T_K": [1,0,0,0,0,1,0,0,0,0,1,0,0,0,0,1], "m_ee": 0.73, "F_x_Cee": [-0.01,0,0.03], "I_ee": [0.001,0,0,0,0.0025,0,0,0,0.0017], "m_load": 0, "F_x_Cload": [0,0,0], "I_load": [0,0,0,0,0,0,0,0,0], "m_total": 0.73, "F_x_Ctotal": [-0.01,0,0.03], "I_total": [0.001,0,0,0,0.0025,0,0,0,0.0017], "elbow": [1.29767,-1], "elbow_d": [1.29764,-1], "elbow_c": [1.29764,-1], "delbow_c": [0,0], "ddelbow_c": [0,0], "tau_J": [-0.0345378,-28.1661,14.3698,18.0664,1.66669,-0.976272,0.071614], "tau_J_d": [0,0,0,0,0,0,0], "dtau_J": [-55.0675,-47.4566,-90.8616,-14.956,29.8889,-1.20218,-71.1119], "q": [0.487956,0.566672,1.29767,-1.31638,-1.95656,2.67171,-0.927112], "dq": [-5.60227e-05,0.000468185,0.000169701,-0.000858984,-0.000473622,1.8589e-05,0.00655918], "q_d": [0.488021,0.566586,1.29764,-1.31636,-1.95656,2.67156,-0.927097], "dq_d": [0,0,0,0,0,0,0], "ddq_d": [0,0,0,0,0,0,0], "joint_contact": [0,0,0,0,0,0,0], "cartesian_contact": [0,0,0,0,0,0], "joint_collision": [0,0,0,0,0,0,0], "cartesian_collision": [0,0,0,0,0,0], "tau_ext_hat_filtered": [-0.0543616,-0.137772,-0.0814626,-0.442596,0.206508,-1.27603,0.128572], "O_F_ext_hat_K": [-2.37381,-1.45125,-0.492928,0.14749,-1.2512,0.0109801], "K_F_ext_hat_K": [0.565526,1.73676,-2.15593,1.6599,0.525749,0.181619], "O_dP_EE_d": [0,0,0,0,0,0], "O_ddP_O": [0,0,-9.81], "O_T_EE_c": [-0.0331764,0.00418167,-0.999431,0,-0.942181,0.333479,0.0326712,0,0.333433,0.942747,-0.00712388,0,0.113438,0.766144,0.699552,1], "O_dP_EE_c": [0,0,0,0,0,0], "O_ddP_EE_c": [0,0,0,0,0,0], "theta": [0.487953,0.564697,1.29868,-1.31511,-1.95638,2.6716,-0.927104], "dtheta": [0,0,0,0,0,0,0], "current_errors": [], "last_motion_errors": [], "control_command_success_rate": 0, "robot_mode": "User stopped", "time": 1153365}