{"O_T_EE": [-0.00527256,0.0391661,-0.999209,0,-0.656774,0.753352,0.0329948,0,0.754063,0.656441,0.0217516,0,0.473522,0.597881,0.70051,1], "O_T_EE_d": [-0.00503926,0.0390678,-0.999214,0,-0.65676,0.753375,0.032768,0,0.754077,0.656421,0.0218621,0,0.473346,0.597943,0.700591,1], "F_T_NE": [0.7071,-0.7071,0,0,0.7071,0.7071,0,0,0,0,1,0,0,0,0.1034,1], "NE_T_EE": [1,0,0,0,0,1,0,0,0,0,1,0,0,0,0,1], "F_T_EE": [0.7071,-0.7071,0,0,0.7071,0.7071,0,0,0,0,1,0,0,0,0.1034,1], "EE_T_K": [1,0,0,0,0,1,0,0,0,0,1,0,0,0,0,1], "m_ee": 0.73, "F_x_Cee": [-0.01,0,0.03], "I_ee": [0.001,0,0,0,0.0025,0,0,0,0.0017], "m_load": 0, "F_x_Cload": [0,0,0], "I_load": [0,0,0,0,0,0,0,0,0], "m_total": 0.73, "F_x_Ctotal": [-0.01,0,0.03], "I_total": [0.001,0,0,0,0.0025,0,0,0,0.0017], "elbow": [1.50316,-1], "elbow_d": [1.50331,-1], "elbow_c": [1.50331,-1], "delbow_c": [0,0], "ddelbow_c": [0,0], "tau_J": [0.151925,-26.4681,17.5556,16.1502,1.30964,-1.196,0.071614], "tau_J_d": [0,0,0,0,0,0,0], "dtau_J": [-149.329,-87.4783,43.5264,230.971,-20.2451,-49.9202,-38.9931], "q": [-0.145748,0.663345,1.50316,-1.3894,-2.11143,2.59328,-0.911667], "dq": [0.00141863,0.000635801,-0.000256661,-1.42078e-05,-0.00199752,0.0010236,0.00190542], "q_d": [-0.145714,0.663091,1.50331,-1.38954,-2.11145,2.59302,-0.911679], "dq_d": [0,0,0,0,0,0,0], "ddq_d": [0,0,0,0,0,0,0], "joint_contact": [0,0,0,0,0,0,0], "cartesian_contact": [0,0,0,0,0,0], "joint_collision": [0,0,0,0,0,0,0], "cartesian_collision": [0,0,0,0,0,0], "tau_ext_hat_filtered": [0.218688,-0.515585,0.0589996,-0.877104,0.0876519,-1.38228,0.131413], "O_F_ext_hat_K": [-5.0173,-1.43524,-1.9811,-0.105902,-2.25861,0.243571], "K_F_ext_hat_K": [1.94981,2.14866,-4.76861,2.08701,0.122915,0.218724], "O_dP_EE_d": [0,0,0,0,0,0], "O_ddP_O": [0,0,-9.81], "O_T_EE_c": [-0.00503926,0.0390678,-0.999214,0,-0.65676,0.753375,0.032768,0,0.754077,0.656421,0.0218621,0,0.473346,0.597943,0.700591,1], "O_dP_EE_c": [0,0,0,0,0,0], "O_ddP_EE_c": [0,0,0,0,0,0], "theta": [-0.145738,0.661488,1.50439,-1.38827,-2.11128,2.59315,-0.911659], "dtheta": [0,0,0,0,0,0,0], "current_errors": [], "last_motion_errors": [], "control_command_success_rate": 0, "robot_mode": "User stopped", "time": 1659847}