{"O_T_EE": [-0.019333,0.0121737,-0.999729,0,-0.781134,0.623936,0.0227034,0,0.624055,0.781376,-0.00255328,0,0.349508,0.682505,0.700659,1], "O_T_EE_d": [-0.0192261,0.0120294,-0.999733,0,-0.781211,0.623845,0.0225301,0,0.623962,0.78145,-0.00259665,0,0.349294,0.682558,0.700644,1], "F_T_NE": [0.7071,-0.7071,0,0,0.7071,0.7071,0,0,0,0,1,0,0,0,0.1034,1], "NE_T_EE": [1,0,0,0,0,1,0,0,0,0,1,0,0,0,0,1], "F_T_EE": [0.7071,-0.7071,0,0,0.7071,0.7071,0,0,0,0,1,0,0,0,0.1034,1], "EE_T_K": [1,0,0,0,0,1,0,0,0,0,1,0,0,0,0,1], "m_ee": 0.73, "F_x_Cee": [-0.01,0,0.03], "I_ee": [0.001,0,0,0,0.0025,0,0,0,0.0017], "m_load": 0, "F_x_Cload": [0,0,0], "I_load": [0,0,0,0,0,0,0,0,0], "m_total": 0.73, "F_x_Ctotal": [-0.01,0,0.03], "I_total": [0.001,0,0,0,0.0025,0,0,0,0.0017], "elbow": [1.50033,-1], "elbow_d": [1.50047,-1], "elbow_c": [1.50047,-1], "delbow_c": [0,0], "ddelbow_c": [0,0], "tau_J": [0.0368734,-27.1108,17.742,16.3803,1.15491,-0.885635,0.174153], "tau_J_d": [0,0,0,0,0,0,0], "dtau_J": [-74.4719,-53.218,45.591,45.9391,36.1331,-13.6746,9.11995], "q": [0.0757001,0.674582,1.50033,-1.37126,-2.07128,2.56153,-0.971906], "dq": [3.01118e-05,0.000409451,-0.000207966,0.000828546,-0.000174385,0.000152098,0.00106224], "q_d": [0.0757213,0.674409,1.50047,-1.37155,-2.07127,2.56133,-0.971882], "dq_d": [0,0,0,0,0,0,0], "ddq_d": [0,0,0,0,0,0,0], "joint_contact": [0,0,0,0,0,0,0], "cartesian_contact": [0,0,0,0,0,0], "joint_collision": [0,0,0,0,0,0,0], "cartesian_collision": [0,0,0,0,0,0], "tau_ext_hat_filtered": [0.0734174,-0.461509,0.0679068,-0.367077,-0.0381961,-1.23221,0.195942], "O_F_ext_hat_K": [-3.44781,-1.36856,-1.3594,0.234605,-1.76641,0.096099], "K_F_ext_hat_K": [1.40905,1.80848,-3.21751,1.77645,-0.090699,0.267663], "O_dP_EE_d": [0,0,0,0,0,0], "O_ddP_O": [0,0,-9.81], "O_T_EE_c": [-0.0192261,0.0120294,-0.999733,0,-0.781211,0.623845,0.0225301,0,0.623962,0.78145,-0.00259665,0,0.349294,0.682558,0.700644,1], "O_dP_EE_c": [0,0,0,0,0,0], "O_ddP_EE_c": [0,0,0,0,0,0], "theta": [0.075702,0.672679,1.50158,-1.37011,-2.07115,2.56143,-0.971887], "dtheta": [0,0,0,0,0,0,0], "current_errors": [], "last_motion_errors": [], "control_command_success_rate": 0, "robot_mode": "User stopped", "time": 5225372}