{"O_T_EE": [-0.03829,0.0493267,-0.998039,0,-0.744034,0.665297,0.0614265,0,0.667035,0.744942,0.0112268,0,0.393338,0.656186,0.700469,1], "O_T_EE_d": [-0.0381329,0.0491668,-0.998053,0,-0.744176,0.665159,0.0612005,0,0.666886,0.745075,0.0112245,0,0.39308,0.656285,0.700463,1], "F_T_NE": [0.7071,-0.7071,0,0,0.7071,0.7071,0,0,0,0,1,0,0,0,0.1034,1], "NE_T_EE": [1,0,0,0,0,1,0,0,0,0,1,0,0,0,0,1], "F_T_EE": [0.7071,-0.7071,0,0,0.7071,0.7071,0,0,0,0,1,0,0,0,0.1034,1], "EE_T_K": [1,0,0,0,0,1,0,0,0,0,1,0,0,0,0,1], "m_ee": 0.73, "F_x_Cee": [-0.01,0,0.03], "I_ee": [0.001,0,0,0,0.0025,0,0,0,0.0017], "m_load": 0, "F_x_Cload": [0,0,0], "I_load": [0,0,0,0,0,0,0,0,0], "m_total": 0.73, "F_x_Ctotal": [-0.01,0,0.03], "I_total": [0.001,0,0,0,0.0025,0,0,0,0.0017], "elbow": [1.53288,-1], "elbow_d": [1.53296,-1], "elbow_c": [1.53296,-1], "delbow_c": [0,0], "ddelbow_c": [0,0], "tau_J": [0.112252,-27.1108,18.4561,15.9558,1.39203,-0.915847,0.132954], "tau_J_d": [0,0,0,0,0,0,0], "dtau_J": [48.2377,23.1239,67.0523,99.3962,12.4381,10.6123,-79.8923], "q": [-0.00656884,0.699362,1.53288,-1.3837,-2.11435,2.55927,-0.923443], "dq": [-0.000707109,-0.000868143,0.000864251,-0.000657116,-0.00375125,-0.000455536,0.00115833], "q_d": [-0.0064448,0.699159,1.53296,-1.38395,-2.11436,2.55911,-0.923423], "dq_d": [0,0,0,0,0,0,0], "ddq_d": [0,0,0,0,0,0,0], "joint_contact": [0,0,0,0,0,0,0], "cartesian_contact": [0,0,0,0,0,0], "joint_collision": [0,0,0,0,0,0,0], "cartesian_collision": [0,0,0,0,0,0], "tau_ext_hat_filtered": [0.0705664,-0.607755,0.209917,-0.397174,0.226651,-1.22115,0.17323], "O_F_ext_hat_K": [-4.03831,-2.01538,-0.728804,0.74315,-2.04402,0.0803964], "K_F_ext_hat_K": [0.782604,1.61907,-4.20322,1.80514,0.36376,0.224092], "O_dP_EE_d": [0,0,0,0,0,0], "O_ddP_O": [0,0,-9.81], "O_T_EE_c": [-0.0381329,0.0491668,-0.998053,0,-0.744176,0.665159,0.0612005,0,0.666886,0.745075,0.0112245,0,0.39308,0.656285,0.700463,1], "O_dP_EE_c": [0,0,0,0,0,0], "O_ddP_EE_c": [0,0,0,0,0,0], "theta": [-0.00656096,0.69746,1.53418,-1.38258,-2.11419,2.55916,-0.923428], "dtheta": [0,0,0,0,0,0,0], "current_errors": [], "last_motion_errors": [], "control_command_success_rate": 0, "robot_mode": "User stopped", "time": 1642427}