{"O_T_EE": [-0.0365005,-0.0072878,-0.999297,0,-0.372864,0.92785,0.00685254,0,0.927166,0.372859,-0.036585,0,0.643926,0.401716,0.699193,1], "O_T_EE_d": [-0.0363905,-0.00700671,-0.999303,0,-0.37313,0.927742,0.00708288,0,0.927064,0.373135,-0.0363761,0,0.643669,0.401795,0.699435,1], "F_T_NE": [0.7071,-0.7071,0,0,0.7071,0.7071,0,0,0,0,1,0,0,0,0.1034,1], "NE_T_EE": [1,0,0,0,0,1,0,0,0,0,1,0,0,0,0,1], "F_T_EE": [0.7071,-0.7071,0,0,0.7071,0.7071,0,0,0,0,1,0,0,0,0.1034,1], "EE_T_K": [1,0,0,0,0,1,0,0,0,0,1,0,0,0,0,1], "m_ee": 0.73, "F_x_Cee": [-0.01,0,0.03], "I_ee": [0.001,0,0,0,0.0025,0,0,0,0.0017], "m_load": 0, "F_x_Cload": [0,0,0], "I_load": [0,0,0,0,0,0,0,0,0], "m_total": 0.73, "F_x_Ctotal": [-0.01,0,0.03], "I_total": [0.001,0,0,0,0.0025,0,0,0,0.0017], "elbow": [-0.412395,-1], "elbow_d": [-0.412242,-1], "elbow_c": [-0.412242,-1], "delbow_c": [0,0], "ddelbow_c": [0,0], "tau_J": [0.675606,-36.7989,-1.67784,19.6771,2.48059,-0.494705,0.0111892], "tau_J_d": [0,0,0,0,0,0,0], "dtau_J": [98.6744,-40.0633,-54.7072,28.8871,4.4312,-43.0037,-1.07604], "q": [0.80458,0.244169,-0.412395,-1.37984,-1.2872,3.12377,-0.96442], "dq": [0.00427695,2.50821e-05,0.000253602,-0.000410288,-0.00051104,0.000795351,-0.000186316], "q_d": [0.804838,0.24359,-0.412242,-1.38013,-1.28722,3.12367,-0.964433], "dq_d": [0,0,0,0,0,0,0], "ddq_d": [0,0,0,0,0,0,0], "joint_contact": [0,0,0,0,0,0,0], "cartesian_contact": [0,0,0,0,0,0], "joint_collision": [0,0,0,0,0,0,0], "cartesian_collision": [0,0,0,0,0,0], "tau_ext_hat_filtered": [0.598653,-1.5329,0.358569,-1.67765,0.0670408,-0.860994,0.0172411], "O_F_ext_hat_K": [0,0,0,0,0,0], "K_F_ext_hat_K": [0,0,0,0,0,0], "O_dP_EE_d": [0,0,0,0,0,0], "O_ddP_O": [0,0,-9.81], "O_T_EE_c": [-0.0363905,-0.00700671,-0.999303,0,-0.37313,0.927742,0.00708288,0,0.927064,0.373135,-0.0363761,0,0.643669,0.401795,0.699435,1], "O_dP_EE_c": [0,0,0,0,0,0], "O_ddP_EE_c": [0,0,0,0,0,0], "theta": [0.804627,0.241586,-0.412513,-1.37846,-1.28693,3.12371,-0.964419], "dtheta": [0,0,0,0,0,0,0], "current_errors": [], "last_motion_errors": [], "control_command_success_rate": 0, "robot_mode": "User stopped", "time": 5375367}