{"O_T_EE": [0.0258062,0.0786442,-0.996559,0,-0.424416,0.903446,0.0603057,0,0.905098,0.421407,0.0566935,0,0.619908,0.43616,0.70089,1], "O_T_EE_d": [0.0261261,0.0784115,-0.996569,0,-0.424547,0.903408,0.0599515,0,0.905027,0.421532,0.0568929,0,0.61969,0.436305,0.70101,1], "F_T_NE": [0.7071,-0.7071,0,0,0.7071,0.7071,0,0,0,0,1,0,0,0,0.1034,1], "NE_T_EE": [1,0,0,0,0,1,0,0,0,0,1,0,0,0,0,1], "F_T_EE": [0.7071,-0.7071,0,0,0.7071,0.7071,0,0,0,0,1,0,0,0,0.1034,1], "EE_T_K": [1,0,0,0,0,1,0,0,0,0,1,0,0,0,0,1], "m_ee": 0.73, "F_x_Cee": [-0.01,0,0.03], "I_ee": [0.001,0,0,0,0.0025,0,0,0,0.0017], "m_load": 0, "F_x_Cload": [0,0,0], "I_load": [0,0,0,0,0,0,0,0,0], "m_total": 0.73, "F_x_Ctotal": [-0.01,0,0.03], "I_total": [0.001,0,0,0,0.0025,0,0,0,0.0017], "elbow": [1.46849,-1], "elbow_d": [1.46864,-1], "elbow_c": [1.46864,-1], "delbow_c": [0,0], "ddelbow_c": [0,0], "tau_J": [0.151925,-25.75,16.8454,16.1502,1.44696,-0.985427,0.0514724], "tau_J_d": [0,0,0,0,0,0,0], "dtau_J": [-43.7179,-39.761,135.711,-63.3558,22.0671,10.3157,-68.9676], "q": [-0.452664,0.612913,1.46849,-1.40417,-2.15833,2.63922,-0.783333], "dq": [0.000823499,-0.000184431,-0.00120541,0.00027643,0.000344655,3.91636e-05,0.00321847], "q_d": [-0.452687,0.612497,1.46864,-1.40435,-2.15833,2.63914,-0.78334], "dq_d": [0,0,0,0,0,0,0], "ddq_d": [0,0,0,0,0,0,0], "joint_contact": [0,0,0,0,0,0,0], "cartesian_contact": [0,0,0,0,0,0], "joint_collision": [0,0,0,0,0,0,0], "cartesian_collision": [0,0,0,0,0,0], "tau_ext_hat_filtered": [0.143853,-0.872981,0.389934,-1.53938,0.165902,-0.963908,0.0996246], "O_F_ext_hat_K": [-9.3391,-3.16653,-3.60122,0.847045,-4.08792,0.167108], "K_F_ext_hat_K": [3.09886,0.885717,-9.99136,1.95944,0.00207821,0.164331], "O_dP_EE_d": [0,0,0,0,0,0], "O_ddP_O": [0,0,-9.81], "O_T_EE_c": [0.0261261,0.0784115,-0.996569,0,-0.424547,0.903408,0.0599515,0,0.905027,0.421532,0.0568929,0,0.61969,0.436305,0.70101,1], "O_dP_EE_c": [0,0,0,0,0,0], "O_ddP_EE_c": [0,0,0,0,0,0], "theta": [-0.452652,0.611106,1.46968,-1.40303,-2.15817,2.63911,-0.783327], "dtheta": [0,0,0,0,0,0,0], "current_errors": [], "last_motion_errors": [], "control_command_success_rate": 0, "robot_mode": "User stopped", "time": 1865377}