{"O_T_EE": [-0.00564091,0.0443078,-0.998992,0,-0.48329,0.874465,0.0415137,0,0.87544,0.483046,0.0164811,0,0.591093,0.477012,0.700696,1], "O_T_EE_d": [-0.00554551,0.0442833,-0.998994,0,-0.483404,0.874405,0.041444,0,0.875377,0.483156,0.016558,0,0.590935,0.477134,0.700764,1], "F_T_NE": [0.7071,-0.7071,0,0,0.7071,0.7071,0,0,0,0,1,0,0,0,0.1034,1], "NE_T_EE": [1,0,0,0,0,1,0,0,0,0,1,0,0,0,0,1], "F_T_EE": [0.7071,-0.7071,0,0,0.7071,0.7071,0,0,0,0,1,0,0,0,0.1034,1], "EE_T_K": [1,0,0,0,0,1,0,0,0,0,1,0,0,0,0,1], "m_ee": 0.73, "F_x_Cee": [-0.01,0,0.03], "I_ee": [0.001,0,0,0,0.0025,0,0,0,0.0017], "m_load": 0, "F_x_Cload": [0,0,0], "I_load": [0,0,0,0,0,0,0,0,0], "m_total": 0.73, "F_x_Ctotal": [-0.01,0,0.03], "I_total": [0.001,0,0,0,0.0025,0,0,0,0.0017], "elbow": [1.58155,-1], "elbow_d": [1.58167,-1], "elbow_c": [1.58167,-1], "delbow_c": [0,0], "ddelbow_c": [0,0], "tau_J": [0.0011678,-26.1269,18.6426,15.1504,1.20069,-0.976272,0.255635], "tau_J_d": [0,0,0,0,0,0,0], "dtau_J": [-88.2088,5.48173,-183.01,22.4585,3.40317,26.8963,142.012], "q": [-0.390935,0.725298,1.58155,-1.41099,-2.14088,2.55589,-0.948633], "dq": [-0.00032416,-0.000324697,0.00173058,0.00149604,-6.70458e-05,-0.000302462,-0.00265344], "q_d": [-0.39082,0.725147,1.58167,-1.41106,-2.14087,2.55576,-0.948612], "dq_d": [0,0,0,0,0,0,0], "ddq_d": [0,0,0,0,0,0,0], "joint_contact": [0,0,0,0,0,0,0], "cartesian_contact": [0,0,0,0,0,0], "joint_collision": [0,0,0,0,0,0,0], "cartesian_collision": [0,0,0,0,0,0], "tau_ext_hat_filtered": [0.0353161,-0.164912,-0.285053,-0.700862,0.0541485,-1.28111,0.205242], "O_F_ext_hat_K": [-3.91693,-0.0212475,-2.12702,-0.731636,-1.32395,0.0398048], "K_F_ext_hat_K": [2.14607,1.78617,-3.47436,1.81998,-0.062145,0.283678], "O_dP_EE_d": [0,0,0,0,0,0], "O_ddP_O": [0,0,-9.81], "O_T_EE_c": [-0.00554551,0.0442833,-0.998994,0,-0.483404,0.874405,0.041444,0,0.875377,0.483156,0.016558,0,0.590935,0.477134,0.700764,1], "O_dP_EE_c": [0,0,0,0,0,0], "O_ddP_EE_c": [0,0,0,0,0,0], "theta": [-0.390935,0.723464,1.58286,-1.40992,-2.14075,2.55578,-0.948604], "dtheta": [0,0,0,0,0,0,0], "current_errors": [], "last_motion_errors": [], "control_command_success_rate": 0, "robot_mode": "User stopped", "time": 1783140}