{"O_T_EE": [0.0314868,0.0481981,-0.998332,0,-0.0546184,0.997418,0.0464313,0,0.998011,0.0530663,0.0340386,0,0.739387,0.160257,0.697016,1], "O_T_EE_d": [0.0316259,0.0482599,-0.998324,0,-0.0547521,0.997408,0.0464811,0,0.997999,0.0531913,0.0341869,0,0.739277,0.160321,0.697135,1], "F_T_NE": [0.7071,-0.7071,0,0,0.7071,0.7071,0,0,0,0,1,0,0,0,0.1034,1], "NE_T_EE": [1,0,0,0,0,1,0,0,0,0,1,0,0,0,0,1], "F_T_EE": [0.7071,-0.7071,0,0,0.7071,0.7071,0,0,0,0,1,0,0,0,0.1034,1], "EE_T_K": [1,0,0,0,0,1,0,0,0,0,1,0,0,0,0,1], "m_ee": 0.73, "F_x_Cee": [-0.01,0,0.03], "I_ee": [0.001,0,0,0,0.0025,0,0,0,0.0017], "m_load": 0, "F_x_Cload": [0,0,0], "I_load": [0,0,0,0,0,0,0,0,0], "m_total": 0.73, "F_x_Ctotal": [-0.01,0,0.03], "I_total": [0.001,0,0,0,0.0025,0,0,0,0.0017], "elbow": [1.97847,-1], "elbow_d": [1.9787,-1], "elbow_c": [1.9787,-1], "delbow_c": [0,0], "ddelbow_c": [0,0], "tau_J": [0.112252,-33.1808,26.2201,4.18884,0.779545,-0.234695,0.122884], "tau_J_d": [0,0,0,0,0,0,0], "dtau_J": [58.7873,30.7868,59.9375,-38.1048,1.38585,15.5637,-19.2585], "q": [-0.766372,1.22567,1.97847,-1.5089,-2.48743,2.25364,-1.2391], "dq": [-0.00086377,-0.00014265,0.000904981,-0.00239492,0.000138251,-0.000159455,-5.90014e-06], "q_d": [-0.766404,1.22563,1.9787,-1.50907,-2.48743,2.25356,-1.23908], "dq_d": [0,0,0,0,0,0,0], "ddq_d": [0,0,0,0,0,0,0], "joint_contact": [0,0,0,0,0,0,0], "cartesian_contact": [0,0,0,0,0,0], "joint_collision": [0,0,0,0,0,0,0], "cartesian_collision": [0,0,0,0,0,0], "tau_ext_hat_filtered": [0.0326899,-0.52232,0.787077,-0.965197,0.365112,-0.9542,0.123558], "O_F_ext_hat_K": [-7.35831,-0.028569,-0.927767,0.0838917,-3.43806,-0.0260818], "K_F_ext_hat_K": [0.693166,0.330333,-7.37677,1.23733,0.935556,0.225251], "O_dP_EE_d": [0,0,0,0,0,0], "O_ddP_O": [0,0,-9.81], "O_T_EE_c": [0.0316259,0.0482599,-0.998324,0,-0.0547521,0.997408,0.0464811,0,0.997999,0.0531913,0.0341869,0,0.739277,0.160321,0.697135,1], "O_dP_EE_c": [0,0,0,0,0,0], "O_ddP_EE_c": [0,0,0,0,0,0], "theta": [-0.766364,1.22334,1.98031,-1.5086,-2.48735,2.25361,-1.23909], "dtheta": [0,0,0,0,0,0,0], "current_errors": [], "last_motion_errors": [], "control_command_success_rate": 0, "robot_mode": "User stopped", "time": 2077044}