{"O_T_EE": [0.0187054,0.0588332,-0.998083,0,-0.224003,0.973127,0.0531641,0,0.974408,0.222584,0.0313822,0,0.69338,0.303525,0.69887,1], "O_T_EE_d": [0.0189286,0.0586867,-0.998087,0,-0.224122,0.973111,0.0529677,0,0.974377,0.222695,0.0315732,0,0.69321,0.303663,0.699004,1], "F_T_NE": [0.7071,-0.7071,0,0,0.7071,0.7071,0,0,0,0,1,0,0,0,0.1034,1], "NE_T_EE": [1,0,0,0,0,1,0,0,0,0,1,0,0,0,0,1], "F_T_EE": [0.7071,-0.7071,0,0,0.7071,0.7071,0,0,0,0,1,0,0,0,0.1034,1], "EE_T_K": [1,0,0,0,0,1,0,0,0,0,1,0,0,0,0,1], "m_ee": 0.73, "F_x_Cee": [-0.01,0,0.03], "I_ee": [0.001,0,0,0,0.0025,0,0,0,0.0017], "m_load": 0, "F_x_Cload": [0,0,0], "I_load": [0,0,0,0,0,0,0,0,0], "m_total": 0.73, "F_x_Ctotal": [-0.01,0,0.03], "I_total": [0.001,0,0,0,0.0025,0,0,0,0.0017], "elbow": [1.80981,-1], "elbow_d": [1.80997,-1], "elbow_c": [1.80997,-1], "delbow_c": [0,0], "ddelbow_c": [0,0], "tau_J": [0.112252,-29.3722,23.8953,9.70733,0.935185,-0.765701,0.153096], "tau_J_d": [0,0,0,0,0,0,0], "dtau_J": [13.1137,16.8833,42.2836,20.1623,9.29463,-45.5485,-36.1776], "q": [-0.638326,0.985084,1.80981,-1.47345,-2.34497,2.36046,-1.06181], "dq": [0.000124995,0.000713161,-0.00110135,-0.000827188,-0.000639468,0.00028503,0.00210784], "q_d": [-0.638328,0.984807,1.80997,-1.47362,-2.34496,2.36033,-1.0618], "dq_d": [0,0,0,0,0,0,0], "ddq_d": [0,0,0,0,0,0,0], "joint_contact": [0,0,0,0,0,0,0], "cartesian_contact": [0,0,0,0,0,0], "joint_collision": [0,0,0,0,0,0,0], "cartesian_collision": [0,0,0,0,0,0], "tau_ext_hat_filtered": [0.124188,-0.426351,0.272586,-1.00318,0.253862,-1.2178,0.197844], "O_F_ext_hat_K": [-7.07993,-0.453116,-2.07865,-0.088541,-2.90281,0.0845654], "K_F_ext_hat_K": [1.91561,1.0345,-7.06483,1.78659,0.443932,0.299418], "O_dP_EE_d": [0,0,0,0,0,0], "O_ddP_O": [0,0,-9.81], "O_T_EE_c": [0.0189286,0.0586867,-0.998087,0,-0.224122,0.973111,0.0529677,0,0.974377,0.222695,0.0315732,0,0.69321,0.303663,0.699004,1], "O_dP_EE_c": [0,0,0,0,0,0], "O_ddP_EE_c": [0,0,0,0,0,0], "theta": [-0.638318,0.983023,1.81149,-1.47277,-2.34487,2.36037,-1.06179], "dtheta": [0,0,0,0,0,0,0], "current_errors": [], "last_motion_errors": [], "control_command_success_rate": 0, "robot_mode": "User stopped", "time": 2149487}