{"O_T_EE": [0.0323595,0.0462961,-0.998394,0,-0.162789,0.985822,0.0404369,0,0.98613,0.161222,0.039438,0,0.711811,0.25722,0.698115,1], "O_T_EE_d": [0.032498,0.0462927,-0.99839,0,-0.162903,0.985805,0.0404066,0,0.986106,0.16133,0.0395787,0,0.711686,0.257333,0.698223,1], "F_T_NE": [0.7071,-0.7071,0,0,0.7071,0.7071,0,0,0,0,1,0,0,0,0.1034,1], "NE_T_EE": [1,0,0,0,0,1,0,0,0,0,1,0,0,0,0,1], "F_T_EE": [0.7071,-0.7071,0,0,0.7071,0.7071,0,0,0,0,1,0,0,0,0.1034,1], "EE_T_K": [1,0,0,0,0,1,0,0,0,0,1,0,0,0,0,1], "m_ee": 0.73, "F_x_Cee": [-0.01,0,0.03], "I_ee": [0.001,0,0,0,0.0025,0,0,0,0.0017], "m_load": 0, "F_x_Cload": [0,0,0], "I_load": [0,0,0,0,0,0,0,0,0], "m_total": 0.73, "F_x_Ctotal": [-0.01,0,0.03], "I_total": [0.001,0,0,0,0.0025,0,0,0,0.0017], "elbow": [1.8867,-1], "elbow_d": [1.88686,-1], "elbow_c": [1.88686,-1], "delbow_c": [0,0], "ddelbow_c": [0,0], "tau_J": [0.413765,-31.0662,25.018,7.48565,0.605595,-0.654922,0.234578], "tau_J_d": [0,0,0,0,0,0,0], "dtau_J": [39.4964,-9.59411,-15.9661,82.7151,-18.3535,-15.2246,106.782], "q": [-0.675297,1.09436,1.8867,-1.49215,-2.42548,2.30144,-1.13784], "dq": [-0.00107228,0.000250705,3.28245e-05,-0.000422454,-0.00496599,-4.20725e-06,-0.00175199], "q_d": [-0.675258,1.09423,1.88686,-1.49229,-2.4255,2.30131,-1.1378], "dq_d": [0,0,0,0,0,0,0], "ddq_d": [0,0,0,0,0,0,0], "joint_contact": [0,0,0,0,0,0,0], "cartesian_contact": [0,0,0,0,0,0], "joint_collision": [0,0,0,0,0,0,0], "cartesian_collision": [0,0,0,0,0,0], "tau_ext_hat_filtered": [0.405143,-0.510072,0.251024,-0.786196,0.0915775,-1.18801,0.202148], "O_F_ext_hat_K": [-5.36698,1.05979,-1.31552,-0.781947,-2.28787,0.355415], "K_F_ext_hat_K": [1.18882,1.86529,-5.17356,1.81039,0.394841,0.306234], "O_dP_EE_d": [0,0,0,0,0,0], "O_ddP_O": [0,0,-9.81], "O_T_EE_c": [0.032498,0.0462927,-0.99839,0,-0.162903,0.985805,0.0404066,0,0.986106,0.16133,0.0395787,0,0.711686,0.257333,0.698223,1], "O_dP_EE_c": [0,0,0,0,0,0], "O_ddP_EE_c": [0,0,0,0,0,0], "theta": [-0.675268,1.09218,1.88846,-1.49163,-2.42542,2.30136,-1.13782], "dtheta": [0,0,0,0,0,0,0], "current_errors": [], "last_motion_errors": [], "control_command_success_rate": 0, "robot_mode": "User stopped", "time": 2125136}