{"O_T_EE": [0.0405382,0.0351899,-0.998548,0,0.209307,0.976897,0.0429242,0,0.977009,-0.210748,0.0322368,0,0.755243,-0.0394119,0.696814,1], "O_T_EE_d": [0.0404699,0.0352183,-0.99855,0,0.20948,0.97686,0.0429432,0,0.976975,-0.210918,0.0321565,0,0.755254,-0.0394723,0.696792,1], "F_T_NE": [0.7071,-0.7071,0,0,0.7071,0.7071,0,0,0,0,1,0,0,0,0.1034,1], "NE_T_EE": [1,0,0,0,0,1,0,0,0,0,1,0,0,0,0,1], "F_T_EE": [0.7071,-0.7071,0,0,0.7071,0.7071,0,0,0,0,1,0,0,0,0.1034,1], "EE_T_K": [1,0,0,0,0,1,0,0,0,0,1,0,0,0,0,1], "m_ee": 0.73, "F_x_Cee": [-0.01,0,0.03], "I_ee": [0.001,0,0,0,0.0025,0,0,0,0.0017], "m_load": 0, "F_x_Cload": [0,0,0], "I_load": [0,0,0,0,0,0,0,0,0], "m_total": 0.73, "F_x_Ctotal": [-0.01,0,0.03], "I_total": [0.001,0,0,0,0.0025,0,0,0,0.0017], "elbow": [1.97602,-1], "elbow_d": [1.97601,-1], "elbow_c": [1.97601,-1], "delbow_c": [0,0], "ddelbow_c": [0,0], "tau_J": [-0.109916,-32.423,25.2045,4.87914,0.697147,-0.625625,0.122884], "tau_J_d": [0,0,0,0,0,0,0], "dtau_J": [-2.50367,-40.3027,-22.7318,-93.0651,16.4646,16.6934,-72.7332], "q": [-1.03464,1.22151,1.97602,-1.50982,-2.48247,2.25446,-1.24058], "dq": [-0.000231962,0.00113311,0.000947547,0.000428633,-0.000334627,-0.00030863,0.00191568], "q_d": [-1.03468,1.22151,1.97601,-1.50982,-2.48248,2.25431,-1.24056], "dq_d": [0,0,0,0,0,0,0], "ddq_d": [0,0,0,0,0,0,0], "joint_contact": [0,0,0,0,0,0,0], "cartesian_contact": [0,0,0,0,0,0], "joint_collision": [0,0,0,0,0,0,0], "cartesian_collision": [0,0,0,0,0,0], "tau_ext_hat_filtered": [-0.160691,0.163827,-0.246365,-0.328524,0.269031,-1.34977,0.166249], "O_F_ext_hat_K": [-4.09719,1.877,-1.29809,-0.760846,-1.10198,-0.222921], "K_F_ext_hat_K": [1.19618,0.920366,-4.44041,1.5242,0.79505,0.274005], "O_dP_EE_d": [0,0,0,0,0,0], "O_ddP_O": [0,0,-9.81], "O_T_EE_c": [0.0404699,0.0352183,-0.99855,0,0.20948,0.97686,0.0429432,0,0.976975,-0.210918,0.0321565,0,0.755254,-0.0394723,0.696792,1], "O_dP_EE_c": [0,0,0,0,0,0], "O_ddP_EE_c": [0,0,0,0,0,0], "theta": [-1.03465,1.21924,1.97779,-1.50948,-2.4824,2.25439,-1.24057], "dtheta": [0,0,0,0,0,0,0], "current_errors": [], "last_motion_errors": [], "control_command_success_rate": 0, "robot_mode": "User stopped", "time": 2336540}