{"O_T_EE": [0.0442963,0.024455,-0.998709,0,0.00460766,0.999675,0.024683,0,0.999008,-0.00569519,0.0441701,0,0.746922,0.112109,0.699262,1], "O_T_EE_d": [0.0444928,0.0242979,-0.998705,0,0.00453445,0.999679,0.0245236,0,0.998999,-0.00561981,0.0443692,0,0.74679,0.112225,0.699406,1], "F_T_NE": [0.7071,-0.7071,0,0,0.7071,0.7071,0,0,0,0,1,0,0,0,0.1034,1], "NE_T_EE": [1,0,0,0,0,1,0,0,0,0,1,0,0,0,0,1], "F_T_EE": [0.7071,-0.7071,0,0,0.7071,0.7071,0,0,0,0,1,0,0,0,0.1034,1], "EE_T_K": [1,0,0,0,0,1,0,0,0,0,1,0,0,0,0,1], "m_ee": 0.73, "F_x_Cee": [-0.01,0,0.03], "I_ee": [0.001,0,0,0,0.0025,0,0,0,0.0017], "m_load": 0, "F_x_Cload": [0,0,0], "I_load": [0,0,0,0,0,0,0,0,0], "m_total": 0.73, "F_x_Ctotal": [-0.01,0,0.03], "I_total": [0.001,0,0,0,0.0025,0,0,0,0.0017], "elbow": [1.72672,-1], "elbow_d": [1.72698,-1], "elbow_c": [1.72698,-1], "delbow_c": [0,0], "ddelbow_c": [0,0], "tau_J": [-0.336051,-27.94,22.5067,12.1988,1.26477,-0.775772,0.112813], "tau_J_d": [0,0,0,0,0,0,0], "dtau_J": [-54.9999,15.5306,183.573,-3.75246,-6.48628,-22.2313,72.8453], "q": [-0.935999,0.882693,1.72672,-1.45818,-2.2849,2.47839,-1.01672], "dq": [1.2376e-05,0.00130161,-0.00152439,-0.000201544,-0.00017715,0.000383869,-0.002202], "q_d": [-0.936156,0.882451,1.72698,-1.45839,-2.28491,2.47828,-1.0167], "dq_d": [0,0,0,0,0,0,0], "ddq_d": [0,0,0,0,0,0,0], "joint_contact": [0,0,0,0,0,0,0], "cartesian_contact": [0,0,0,0,0,0], "joint_collision": [0,0,0,0,0,0,0], "cartesian_collision": [0,0,0,0,0,0], "tau_ext_hat_filtered": [-0.307481,-0.573469,0.368226,-0.786748,0.296676,-1.08761,0.074231], "O_F_ext_hat_K": [-7.60807,0.570394,-1.57699,-0.35724,-3.44781,-0.324555], "K_F_ext_hat_K": [1.25192,0.496238,-7.67343,1.62812,0.655459,0.143411], "O_dP_EE_d": [0,0,0,0,0,0], "O_ddP_O": [0,0,-9.81], "O_T_EE_c": [0.0444928,0.0242979,-0.998705,0,0.00453445,0.999679,0.0245236,0,0.998999,-0.00561981,0.0443692,0,0.74679,0.112225,0.699406,1], "O_dP_EE_c": [0,0,0,0,0,0], "O_ddP_EE_c": [0,0,0,0,0,0], "theta": [-0.936022,0.880732,1.72829,-1.45732,-2.28476,2.4783,-1.01671], "dtheta": [0,0,0,0,0,0,0], "current_errors": [], "last_motion_errors": [], "control_command_success_rate": 0, "robot_mode": "User stopped", "time": 2439164}