{"O_T_EE": [0.0655601,0.0529073,-0.996435,0,0.1428,0.987808,0.0618447,0,0.987578,-0.146349,0.0572067,0,0.755297,0.0104606,0.697579,1], "O_T_EE_d": [0.0658164,0.0528884,-0.996419,0,0.142539,0.987845,0.0618484,0,0.987598,-0.146102,0.0574788,0,0.755131,0.0106273,0.697782,1], "F_T_NE": [0.7071,-0.7071,0,0,0.7071,0.7071,0,0,0,0,1,0,0,0,0.1034,1], "NE_T_EE": [1,0,0,0,0,1,0,0,0,0,1,0,0,0,0,1], "F_T_EE": [0.7071,-0.7071,0,0,0.7071,0.7071,0,0,0,0,1,0,0,0,0.1034,1], "EE_T_K": [1,0,0,0,0,1,0,0,0,0,1,0,0,0,0,1], "m_ee": 0.73, "F_x_Cee": [-0.01,0,0.03], "I_ee": [0.001,0,0,0,0.0025,0,0,0,0.0017], "m_load": 0, "F_x_Cload": [0,0,0], "I_load": [0,0,0,0,0,0,0,0,0], "m_total": 0.73, "F_x_Ctotal": [-0.01,0,0.03], "I_total": [0.001,0,0,0,0.0025,0,0,0,0.0017], "elbow": [1.89978,-1], "elbow_d": [1.90018,-1], "elbow_c": [1.90018,-1], "delbow_c": [0,0], "ddelbow_c": [0,0], "tau_J": [-0.221,-31.7089,26.2915,6.37481,0.742924,-0.484634,0.071614], "tau_J_d": [0,0,0,0,0,0,0], "dtau_J": [-19.3613,-97.7117,83.8597,22.0323,12.9765,3.32277,-14.4729], "q": [-1.01288,1.12084,1.89978,-1.50164,-2.45177,2.3264,-1.12054], "dq": [0.000418274,0.000924649,-0.0017499,-7.41481e-05,-0.00039175,-1.34469e-05,0.00267616], "q_d": [-1.01299,1.12075,1.90018,-1.50195,-2.45178,2.32631,-1.12054], "dq_d": [0,0,0,0,0,0,0], "ddq_d": [0,0,0,0,0,0,0], "joint_contact": [0,0,0,0,0,0,0], "cartesian_contact": [0,0,0,0,0,0], "joint_collision": [0,0,0,0,0,0,0], "cartesian_collision": [0,0,0,0,0,0], "tau_ext_hat_filtered": [-0.0638758,-0.793282,1.03054,-1.3311,0.152702,-0.9997,0.104657], "O_F_ext_hat_K": [-9.85925,1.80899,-2.15402,-0.868868,-4.70045,-0.12717], "K_F_ext_hat_K": [1.59571,0.245823,-10.1247,1.6473,0.504014,0.238553], "O_dP_EE_d": [0,0,0,0,0,0], "O_ddP_O": [0,0,-9.81], "O_T_EE_c": [0.0658164,0.0528884,-0.996419,0,0.142539,0.987845,0.0618484,0,0.987598,-0.146102,0.0574788,0,0.755131,0.0106273,0.697782,1], "O_dP_EE_c": [0,0,0,0,0,0], "O_ddP_EE_c": [0,0,0,0,0,0], "theta": [-1.0129,1.11862,1.90163,-1.50119,-2.45169,2.32635,-1.12053], "dtheta": [0,0,0,0,0,0,0], "current_errors": [], "last_motion_errors": [], "control_command_success_rate": 0, "robot_mode": "User stopped", "time": 2365809}