{"O_T_EE": [0.0575696,-0.0118851,-0.998261,0,0.509152,0.860453,0.0191184,0,0.858746,-0.509377,0.0555883,0,0.700988,-0.277711,0.704205,1], "O_T_EE_d": [0.0577472,-0.0121662,-0.998247,0,0.509233,0.860408,0.0189721,0,0.858686,-0.509446,0.0558827,0,0.700872,-0.277639,0.70442,1], "F_T_NE": [0.7071,-0.7071,0,0,0.7071,0.7071,0,0,0,0,1,0,0,0,0.1034,1], "NE_T_EE": [1,0,0,0,0,1,0,0,0,0,1,0,0,0,0,1], "F_T_EE": [0.7071,-0.7071,0,0,0.7071,0.7071,0,0,0,0,1,0,0,0,0.1034,1], "EE_T_K": [1,0,0,0,0,1,0,0,0,0,1,0,0,0,0,1], "m_ee": 0.73, "F_x_Cee": [-0.01,0,0.03], "I_ee": [0.001,0,0,0,0.0025,0,0,0,0.0017], "m_load": 0, "F_x_Cload": [0,0,0], "I_load": [0,0,0,0,0,0,0,0,0], "m_total": 0.73, "F_x_Ctotal": [-0.01,0,0.03], "I_total": [0.001,0,0,0,0.0025,0,0,0,0.0017], "elbow": [-1.12345,-1], "elbow_d": [-1.12325,-1], "elbow_c": [-1.12325,-1], "delbow_c": [0,0], "ddelbow_c": [0,0], "tau_J": [0.18763,33.8148,26.0297,3.15338,0.478336,-0.445266,0.0926712], "tau_J_d": [0,0,0,0,0,0,0], "dtau_J": [-13.914,-41.6387,-24.8762,47.2045,-31.0008,-8.07294,-33.1924], "q": [1.80419,-1.26974,-1.12345,-1.51272,-2.53404,2.2388,-1.29468], "dq": [-8.77099e-05,0.00112616,-0.000122228,-0.000269619,0.000397158,0.000349581,0.000761277], "q_d": [1.80403,-1.26946,-1.12325,-1.51286,-2.53406,2.23866,-1.29469], "dq_d": [0,0,0,0,0,0,0], "ddq_d": [0,0,0,0,0,0,0], "joint_contact": [0,0,0,0,0,0,0], "cartesian_contact": [0,0,0,0,0,0], "joint_collision": [0,0,0,0,0,0,0], "cartesian_collision": [0,0,0,0,0,0], "tau_ext_hat_filtered": [0.177684,0.512119,0.657383,-0.86867,0.119249,-1.14028,0.124745], "O_F_ext_hat_K": [-5.09445,4.29633,-1.00382,-2.00793,-2.35415,0.0828428], "K_F_ext_hat_K": [0.657738,1.08377,-6.61909,1.54767,0.802944,0.280445], "O_dP_EE_d": [0,0,0,0,0,0], "O_ddP_O": [0,0,-9.81], "O_T_EE_c": [0.0577472,-0.0121662,-0.998247,0,0.509233,0.860408,0.0189721,0,0.858686,-0.509446,0.0558827,0,0.700872,-0.277639,0.70442,1], "O_dP_EE_c": [0,0,0,0,0,0], "O_ddP_EE_c": [0,0,0,0,0,0], "theta": [1.8042,-1.26737,-1.12162,-1.5125,-2.53398,2.23874,-1.29467], "dtheta": [0,0,0,0,0,0,0], "current_errors": [], "last_motion_errors": [], "control_command_success_rate": 0, "robot_mode": "User stopped", "time": 2720154}