{"O_T_EE": [0.0568328,0.0115149,-0.998308,0,0.449361,0.892619,0.0358776,0,0.891538,-0.450648,0.0455565,0,0.717166,-0.230688,0.704919,1], "O_T_EE_d": [0.0568862,0.0115504,-0.998304,0,0.449648,0.892471,0.0359482,0,0.89139,-0.450939,0.0455766,0,0.717094,-0.230821,0.705,1], "F_T_NE": [0.7071,-0.7071,0,0,0.7071,0.7071,0,0,0,0,1,0,0,0,0.1034,1], "NE_T_EE": [1,0,0,0,0,1,0,0,0,0,1,0,0,0,0,1], "F_T_EE": [0.7071,-0.7071,0,0,0.7071,0.7071,0,0,0,0,1,0,0,0,0.1034,1], "EE_T_K": [1,0,0,0,0,1,0,0,0,0,1,0,0,0,0,1], "m_ee": 0.73, "F_x_Cee": [-0.01,0,0.03], "I_ee": [0.001,0,0,0,0.0025,0,0,0,0.0017], "m_load": 0, "F_x_Cload": [0,0,0], "I_load": [0,0,0,0,0,0,0,0,0], "m_total": 0.73, "F_x_Ctotal": [-0.01,0,0.03], "I_total": [0.001,0,0,0,0.0025,0,0,0,0.0017], "elbow": [-1.15088,-1], "elbow_d": [-1.15074,-1], "elbow_c": [-1.15074,-1], "delbow_c": [0,0], "ddelbow_c": [0,0], "tau_J": [0.0368734,32.8349,25.5814,4.30389,0.697147,-0.625625,0.0615432], "tau_J_d": [0,0,0,0,0,0,0], "dtau_J": [47.3473,53.6839,81.5165,-45.6359,-50.9284,-23.9669,-60.3328], "q": [1.85127,-1.22618,-1.15088,-1.50621,-2.49062,2.25657,-1.25718], "dq": [-0.000555157,-0.00102271,-0.00111903,-0.000112183,0.000680702,0.000763878,0.00200577], "q_d": [1.85113,-1.22615,-1.15074,-1.50617,-2.49064,2.25634,-1.25719], "dq_d": [0,0,0,0,0,0,0], "ddq_d": [0,0,0,0,0,0,0], "joint_contact": [0,0,0,0,0,0,0], "cartesian_contact": [0,0,0,0,0,0], "joint_collision": [0,0,0,0,0,0,0], "cartesian_collision": [0,0,0,0,0,0], "tau_ext_hat_filtered": [-0.0144033,0.140992,0.171839,-0.726504,0.294142,-1.30563,0.110068], "O_F_ext_hat_K": [-5.13592,3.60578,-1.39073,-1.48963,-1.87162,-0.0945497], "K_F_ext_hat_K": [1.13803,0.860827,-6.26717,1.5434,0.94562,0.245254], "O_dP_EE_d": [0,0,0,0,0,0], "O_ddP_O": [0,0,-9.81], "O_T_EE_c": [0.0568862,0.0115504,-0.998304,0,0.449648,0.892471,0.0359482,0,0.89139,-0.450939,0.0455766,0,0.717094,-0.230821,0.705,1], "O_dP_EE_c": [0,0,0,0,0,0], "O_ddP_EE_c": [0,0,0,0,0,0], "theta": [1.85127,-1.22388,-1.14908,-1.50591,-2.49054,2.2565,-1.25717], "dtheta": [0,0,0,0,0,0,0], "current_errors": [], "last_motion_errors": [], "control_command_success_rate": 0, "robot_mode": "User stopped", "time": 2742731}