{"O_T_EE": [0.0770891,0.0254315,-0.99669,0,0.565913,0.821907,0.0647424,0,0.820849,-0.569042,0.048969,0,0.681774,-0.329287,0.69836,1], "O_T_EE_d": [0.0770563,0.0251849,-0.996699,0,0.566291,0.821662,0.0645428,0,0.820591,-0.569406,0.0490532,0,0.6817,-0.329367,0.698431,1], "F_T_NE": [0.7071,-0.7071,0,0,0.7071,0.7071,0,0,0,0,1,0,0,0,0.1034,1], "NE_T_EE": [1,0,0,0,0,1,0,0,0,0,1,0,0,0,0,1], "F_T_EE": [0.7071,-0.7071,0,0,0.7071,0.7071,0,0,0,0,1,0,0,0,0.1034,1], "EE_T_K": [1,0,0,0,0,1,0,0,0,0,1,0,0,0,0,1], "m_ee": 0.73, "F_x_Cee": [-0.01,0,0.03], "I_ee": [0.001,0,0,0,0.0025,0,0,0,0.0017], "m_load": 0, "F_x_Cload": [0,0,0], "I_load": [0,0,0,0,0,0,0,0,0], "m_total": 0.73, "F_x_Ctotal": [-0.01,0,0.03], "I_total": [0.001,0,0,0,0.0025,0,0,0,0.0017], "elbow": [1.71578,-1], "elbow_d": [1.71578,-1], "elbow_c": [1.71578,-1], "delbow_c": [0,0], "ddelbow_c": [0,0], "tau_J": [-0.0742106,-27.4877,21.868,12.4686,1.36457,-1.196,0.194295], "tau_J_d": [0,0,0,0,0,0,0], "dtau_J": [-26.0964,114.424,1.24295,-23.6933,-30.0741,9.23012,85.3874], "q": [-1.52925,0.877669,1.71578,-1.45181,-2.29247,2.48403,-0.964469], "dq": [-0.000382001,-0.00034013,-3.40509e-05,0.000733173,0.000361723,-0.000159984,-0.000842547], "q_d": [-1.52944,0.877391,1.71578,-1.45185,-2.29248,2.48373,-0.964432], "dq_d": [0,0,0,0,0,0,0], "ddq_d": [0,0,0,0,0,0,0], "joint_contact": [0,0,0,0,0,0,0], "cartesian_contact": [0,0,0,0,0,0], "joint_collision": [0,0,0,0,0,0,0], "cartesian_collision": [0,0,0,0,0,0], "tau_ext_hat_filtered": [-0.0507356,-0.0513546,-0.128916,-0.558977,0.419622,-1.48797,0.168594], "O_F_ext_hat_K": [-2.56868,3.90127,-1.12118,-1.55495,-0.562599,-0.0790232], "K_F_ext_hat_K": [1.01868,1.68028,-4.38338,1.96031,0.714064,0.298602], "O_dP_EE_d": [0,0,0,0,0,0], "O_ddP_O": [0,0,-9.81], "O_T_EE_c": [0.0770563,0.0251849,-0.996699,0,0.566291,0.821662,0.0645428,0,0.820591,-0.569406,0.0490532,0,0.6817,-0.329367,0.698431,1], "O_dP_EE_c": [0,0,0,0,0,0], "O_ddP_EE_c": [0,0,0,0,0,0], "theta": [-1.52925,0.87574,1.71732,-1.45094,-2.29232,2.48389,-0.964447], "dtheta": [0,0,0,0,0,0,0], "current_errors": [], "last_motion_errors": [], "control_command_success_rate": 0, "robot_mode": "User stopped", "time": 2998094}