{"O_T_EE": [0.0725391,0.00803774,-0.997324,0,0.381275,0.923782,0.0351766,0,0.92161,-0.382813,0.063947,0,0.730045,-0.182104,0.70532,1], "O_T_EE_d": [0.0728361,0.00767428,-0.997305,0,0.38125,0.923801,0.0349525,0,0.921597,-0.382775,0.0643615,0,0.72984,-0.181973,0.705608,1], "F_T_NE": [0.7071,-0.7071,0,0,0.7071,0.7071,0,0,0,0,1,0,0,0,0.1034,1], "NE_T_EE": [1,0,0,0,0,1,0,0,0,0,1,0,0,0,0,1], "F_T_EE": [0.7071,-0.7071,0,0,0.7071,0.7071,0,0,0,0,1,0,0,0,0.1034,1], "EE_T_K": [1,0,0,0,0,1,0,0,0,0,1,0,0,0,0,1], "m_ee": 0.73, "F_x_Cee": [-0.01,0,0.03], "I_ee": [0.001,0,0,0,0.0025,0,0,0,0.0017], "m_load": 0, "F_x_Cload": [0,0,0], "I_load": [0,0,0,0,0,0,0,0,0], "m_total": 0.73, "F_x_Ctotal": [-0.01,0,0.03], "I_total": [0.001,0,0,0,0.0025,0,0,0,0.0017], "elbow": [-1.25852,-1], "elbow_d": [-1.25806,-1], "elbow_c": [-1.25806,-1], "delbow_c": [0,0], "ddelbow_c": [0,0], "tau_J": [-0.82006,30.76,25.5417,7.44598,0.926029,-0.615554,-0.00986788], "tau_J_d": [0,0,0,0,0,0,0], "dtau_J": [38.5824,86.2185,24.9397,-99.4076,36.0385,12.0507,-25.777], "q": [1.85591,-1.08227,-1.25852,-1.48947,-2.41912,2.36222,-1.13455], "dq": [0.000416539,-0.000658453,-0.000661339,0.000737439,-0.000598563,5.43666e-05,-0.00055229], "q_d": [1.85549,-1.08195,-1.25806,-1.48988,-2.41914,2.36209,-1.13456], "dq_d": [0,0,0,0,0,0,0], "ddq_d": [0,0,0,0,0,0,0], "joint_contact": [0,0,0,0,0,0,0], "cartesian_contact": [0,0,0,0,0,0], "joint_collision": [0,0,0,0,0,0,0], "cartesian_collision": [0,0,0,0,0,0], "tau_ext_hat_filtered": [-0.834462,0.500267,0.9439,-1.10607,0.247662,-1.09466,-0.0131051], "O_F_ext_hat_K": [-10.9577,3.45482,-2.57147,-1.43982,-5.17298,-0.902754], "K_F_ext_hat_K": [1.79753,-1.07687,-11.5857,1.46946,0.777858,0.136097], "O_dP_EE_d": [0,0,0,0,0,0], "O_ddP_O": [0,0,-9.81], "O_T_EE_c": [0.0728361,0.00767428,-0.997305,0,0.38125,0.923801,0.0349525,0,0.921597,-0.382775,0.0643615,0,0.72984,-0.181973,0.705608,1], "O_dP_EE_c": [0,0,0,0,0,0], "O_ddP_EE_c": [0,0,0,0,0,0], "theta": [1.85585,-1.08011,-1.25672,-1.48895,-2.41902,2.36215,-1.13455], "dtheta": [0,0,0,0,0,0,0], "current_errors": [], "last_motion_errors": [], "control_command_success_rate": 0, "robot_mode": "User stopped", "time": 2787619}