{"O_T_EE": [0.072638,0.0285786,-0.996939,0,0.337515,0.939898,0.0515352,0,0.938512,-0.340232,0.0586277,0,0.742032,-0.136993,0.699881,1], "O_T_EE_d": [0.0728577,0.0282359,-0.996933,0,0.337797,0.939809,0.0513048,0,0.938394,-0.340505,0.0589355,0,0.741917,-0.137049,0.700089,1], "F_T_NE": [0.7071,-0.7071,0,0,0.7071,0.7071,0,0,0,0,1,0,0,0,0.1034,1], "NE_T_EE": [1,0,0,0,0,1,0,0,0,0,1,0,0,0,0,1], "F_T_EE": [0.7071,-0.7071,0,0,0.7071,0.7071,0,0,0,0,1,0,0,0,0.1034,1], "EE_T_K": [1,0,0,0,0,1,0,0,0,0,1,0,0,0,0,1], "m_ee": 0.73, "F_x_Cee": [-0.01,0,0.03], "I_ee": [0.001,0,0,0,0.0025,0,0,0,0.0017], "m_load": 0, "F_x_Cload": [0,0,0], "I_load": [0,0,0,0,0,0,0,0,0], "m_total": 0.73, "F_x_Ctotal": [-0.01,0,0.03], "I_total": [0.001,0,0,0,0.0025,0,0,0,0.0017], "elbow": [1.52608,-1], "elbow_d": [1.52631,-1], "elbow_c": [1.52631,-1], "delbow_c": [0,0], "ddelbow_c": [0,0], "tau_J": [-0.633598,-25.4882,17.7817,16.5311,1.53852,-1.196,0.132954], "tau_J_d": [0,0,0,0,0,0,0], "dtau_J": [95.5601,41.8058,76.2596,48.5315,39.9219,5.26137,-34.612], "q": [-1.27718,0.651621,1.52608,-1.42606,-2.18863,2.62423,-0.808543], "dq": [-0.000824318,-0.000770018,-0.000724374,-0.00150896,-0.000571617,-0.000372201,-4.60534e-05], "q_d": [-1.27758,0.651241,1.52631,-1.4261,-2.18863,2.62411,-0.808544], "dq_d": [0,0,0,0,0,0,0], "ddq_d": [0,0,0,0,0,0,0], "joint_contact": [0,0,0,0,0,0,0], "cartesian_contact": [0,0,0,0,0,0], "joint_collision": [0,0,0,0,0,0,0], "cartesian_collision": [0,0,0,0,0,0], "tau_ext_hat_filtered": [-0.652853,-0.983725,0.38297,-0.675938,0.271312,-1.19047,0.160242], "O_F_ext_hat_K": [-9.75173,3.6788,-2.40247,-1.8335,-4.85746,-0.645215], "K_F_ext_hat_K": [1.79194,0.0425298,-10.5446,2.06807,0.207655,0.204317], "O_dP_EE_d": [0,0,0,0,0,0], "O_ddP_O": [0,0,-9.81], "O_T_EE_c": [0.0728577,0.0282359,-0.996933,0,0.337797,0.939809,0.0513048,0,0.938394,-0.340505,0.0589355,0,0.741917,-0.137049,0.700089,1], "O_dP_EE_c": [0,0,0,0,0,0], "O_ddP_EE_c": [0,0,0,0,0,0], "theta": [-1.27722,0.649833,1.52733,-1.42491,-2.18846,2.62409,-0.808528], "dtheta": [0,0,0,0,0,0,0], "current_errors": [], "last_motion_errors": [], "control_command_success_rate": 0, "robot_mode": "User stopped", "time": 2546880}