{"O_T_EE": [0.0754464,0.0059288,-0.997123,0,0.711171,0.700611,0.0579759,0,0.698952,-0.713513,0.0486431,0,0.605527,-0.457998,0.698222,1], "O_T_EE_d": [0.0755122,0.00590072,-0.997118,0,0.711516,0.700256,0.0580274,0,0.698594,-0.713861,0.0486804,0,0.605385,-0.458196,0.698271,1], "F_T_NE": [0.7071,-0.7071,0,0,0.7071,0.7071,0,0,0,0,1,0,0,0,0.1034,1], "NE_T_EE": [1,0,0,0,0,1,0,0,0,0,1,0,0,0,0,1], "F_T_EE": [0.7071,-0.7071,0,0,0.7071,0.7071,0,0,0,0,1,0,0,0,0.1034,1], "EE_T_K": [1,0,0,0,0,1,0,0,0,0,1,0,0,0,0,1], "m_ee": 0.73, "F_x_Cee": [-0.01,0,0.03], "I_ee": [0.001,0,0,0,0.0025,0,0,0,0.0017], "m_load": 0, "F_x_Cload": [0,0,0], "I_load": [0,0,0,0,0,0,0,0,0], "m_total": 0.73, "F_x_Ctotal": [-0.01,0,0.03], "I_total": [0.001,0,0,0,0.0025,0,0,0,0.0017], "elbow": [1.64768,-1], "elbow_d": [1.6477,-1], "elbow_c": [1.6477,-1], "delbow_c": [0,0], "ddelbow_c": [0,0], "tau_J": [-0.597892,-27.4123,20.5945,14.23,1.42865,-1.18593,0.0816849], "tau_J_d": [0,0,0,0,0,0,0], "dtau_J": [-112.287,-80.0166,51.9311,-78.2067,-10.6543,-9.7116,-66.6861], "q": [-1.72543,0.808625,1.64768,-1.42826,-2.24771,2.54546,-0.929913], "dq": [0.00143373,0.00119796,-0.000557621,8.56859e-05,0.000443184,0.000233299,0.00144995], "q_d": [-1.72566,0.808586,1.6477,-1.42817,-2.24772,2.54524,-0.929883], "dq_d": [0,0,0,0,0,0,0], "ddq_d": [0,0,0,0,0,0,0], "joint_contact": [0,0,0,0,0,0,0], "cartesian_contact": [0,0,0,0,0,0], "joint_collision": [0,0,0,0,0,0,0], "cartesian_collision": [0,0,0,0,0,0], "tau_ext_hat_filtered": [-0.578797,-0.413866,-0.113417,-0.115753,0.32192,-1.39574,0.146866], "O_F_ext_hat_K": [-2.67759,4.13762,-0.690911,-1.88626,-1.15672,-0.582043], "K_F_ext_hat_K": [0.511449,0.954599,-4.85736,1.90934,0.586417,0.179038], "O_dP_EE_d": [0,0,0,0,0,0], "O_ddP_O": [0,0,-9.81], "O_T_EE_c": [0.0755122,0.00590072,-0.997118,0,0.711516,0.700256,0.0580274,0,0.698594,-0.713861,0.0486804,0,0.605385,-0.458196,0.698271,1], "O_dP_EE_c": [0,0,0,0,0,0], "O_ddP_EE_c": [0,0,0,0,0,0], "theta": [-1.72547,0.806701,1.64913,-1.42726,-2.24755,2.54533,-0.929904], "dtheta": [0,0,0,0,0,0,0], "current_errors": [], "last_motion_errors": [], "control_command_success_rate": 0, "robot_mode": "User stopped", "time": 3040954}