{"O_T_EE": [0.0590183,0.0250248,-0.997934,0,0.614216,0.787132,0.0560636,0,0.786924,-0.616267,0.0310852,0,0.659338,-0.374391,0.697747,1], "O_T_EE_d": [0.0590542,0.0251149,-0.997929,0,0.614619,0.78681,0.0561728,0,0.786606,-0.616675,0.031029,0,0.659237,-0.374627,0.697761,1], "F_T_NE": [0.7071,-0.7071,0,0,0.7071,0.7071,0,0,0,0,1,0,0,0,0.1034,1], "NE_T_EE": [1,0,0,0,0,1,0,0,0,0,1,0,0,0,0,1], "F_T_EE": [0.7071,-0.7071,0,0,0.7071,0.7071,0,0,0,0,1,0,0,0,0.1034,1], "EE_T_K": [1,0,0,0,0,1,0,0,0,0,1,0,0,0,0,1], "m_ee": 0.73, "F_x_Cee": [-0.01,0,0.03], "I_ee": [0.001,0,0,0,0.0025,0,0,0,0.0017], "m_load": 0, "F_x_Cload": [0,0,0], "I_load": [0,0,0,0,0,0,0,0,0], "m_total": 0.73, "F_x_Ctotal": [-0.01,0,0.03], "I_total": [0.001,0,0,0,0.0025,0,0,0,0.0017], "elbow": [1.77935,-1], "elbow_d": [1.77935,-1], "elbow_c": [1.77935,-1], "delbow_c": [0,0], "ddelbow_c": [0,0], "tau_J": [-0.109916,-28.9953,23.0304,10.7428,1.11829,-0.976272,0.163167], "tau_J_d": [0,0,0,0,0,0,0], "dtau_J": [83.8504,-0.375636,-133.28,21.1285,-10.6365,0.818575,18.9936], "q": [-1.57615,0.962061,1.77935,-1.45692,-2.30744,2.43474,-1.05886], "dq": [-0.000811884,0.000221121,0.00170044,0.000338127,-0.000140646,0.000192681,-0.000598597], "q_d": [-1.57632,0.962081,1.77935,-1.4568,-2.30744,2.43448,-1.05884], "dq_d": [0,0,0,0,0,0,0], "ddq_d": [0,0,0,0,0,0,0], "joint_contact": [0,0,0,0,0,0,0], "cartesian_contact": [0,0,0,0,0,0], "joint_collision": [0,0,0,0,0,0,0], "cartesian_collision": [0,0,0,0,0,0], "tau_ext_hat_filtered": [-0.186153,-0.129384,-0.183023,-0.507785,0.255353,-1.43757,0.175842], "O_F_ext_hat_K": [-2.89419,4.09812,-1.45043,-1.64496,-0.747942,-0.219552], "K_F_ext_hat_K": [1.37921,1.36682,-4.84813,1.88178,0.557382,0.277042], "O_dP_EE_d": [0,0,0,0,0,0], "O_ddP_O": [0,0,-9.81], "O_T_EE_c": [0.0590542,0.0251149,-0.997929,0,0.614619,0.78681,0.0561728,0,0.786606,-0.616675,0.031029,0,0.659237,-0.374627,0.697761,1], "O_dP_EE_c": [0,0,0,0,0,0], "O_ddP_EE_c": [0,0,0,0,0,0], "theta": [-1.57616,0.960026,1.78096,-1.45617,-2.30732,2.43463,-1.05884], "dtheta": [0,0,0,0,0,0,0], "current_errors": [], "last_motion_errors": [], "control_command_success_rate": 0, "robot_mode": "User stopped", "time": 2971158}