{"O_T_EE": [0.0473847,0.028761,-0.998453,0,0.656935,0.752081,0.052841,0,0.752451,-0.658435,0.0167433,0,0.634304,-0.417896,0.697333,1], "O_T_EE_d": [0.047423,0.0288523,-0.998448,0,0.65726,0.751789,0.0529422,0,0.752165,-0.658764,0.0166889,0,0.634197,-0.418102,0.697343,1], "F_T_NE": [0.7071,-0.7071,0,0,0.7071,0.7071,0,0,0,0,1,0,0,0,0.1034,1], "NE_T_EE": [1,0,0,0,0,1,0,0,0,0,1,0,0,0,0,1], "F_T_EE": [0.7071,-0.7071,0,0,0.7071,0.7071,0,0,0,0,1,0,0,0,0.1034,1], "EE_T_K": [1,0,0,0,0,1,0,0,0,0,1,0,0,0,0,1], "m_ee": 0.73, "F_x_Cee": [-0.01,0,0.03], "I_ee": [0.001,0,0,0,0.0025,0,0,0,0.0017], "m_load": 0, "F_x_Cload": [0,0,0], "I_load": [0,0,0,0,0,0,0,0,0], "m_total": 0.73, "F_x_Ctotal": [-0.01,0,0.03], "I_total": [0.001,0,0,0,0.0025,0,0,0,0.0017], "elbow": [1.81675,-1], "elbow_d": [1.81678,-1], "elbow_c": [1.81678,-1], "delbow_c": [0,0], "ddelbow_c": [0,0], "tau_J": [-0.0345378,-29.9355,24.0421,9.44152,0.980961,-0.695205,0.132954], "tau_J_d": [0,0,0,0,0,0,0], "dtau_J": [-87.215,209.23,61.0924,-21.8541,-6.137,-26.0361,-10.7788], "q": [-1.62505,1.01529,1.81675,-1.45475,-2.30989,2.41088,-1.12313], "dq": [0.00198567,-0.00269066,-0.00162996,0.000336156,-0.000133204,0.00297233,0.000155497], "q_d": [-1.62521,1.01533,1.81678,-1.45465,-2.3099,2.41067,-1.12312], "dq_d": [0,0,0,0,0,0,0], "ddq_d": [0,0,0,0,0,0,0], "joint_contact": [0,0,0,0,0,0,0], "cartesian_contact": [0,0,0,0,0,0], "joint_collision": [0,0,0,0,0,0,0], "cartesian_collision": [0,0,0,0,0,0], "tau_ext_hat_filtered": [-0.106483,-0.202272,0.166432,-0.479903,0.164205,-1.28134,0.143835], "O_F_ext_hat_K": [-2.89049,4.19831,-1.10022,-1.81597,-1.04306,-0.160721], "K_F_ext_hat_K": [1.08232,1.20049,-4.95769,1.65211,0.549399,0.282572], "O_dP_EE_d": [0,0,0,0,0,0], "O_ddP_O": [0,0,-9.81], "O_T_EE_c": [0.047423,0.0288523,-0.998448,0,0.65726,0.751789,0.0529422,0,0.752165,-0.658764,0.0166889,0,0.634197,-0.418102,0.697343,1], "O_dP_EE_c": [0,0,0,0,0,0], "O_ddP_EE_c": [0,0,0,0,0,0], "theta": [-1.62505,1.01319,1.81844,-1.45409,-2.30978,2.4108,-1.12311], "dtheta": [0,0,0,0,0,0,0], "current_errors": [], "last_motion_errors": [], "control_command_success_rate": 0, "robot_mode": "User stopped", "time": 2950263}