{"O_T_EE": [0.0306812,-0.0206933,-0.999305,0,0.930459,0.365767,0.0209932,0,0.365086,-0.930475,0.030477,0,0.374106,-0.663826,0.704884,1], "O_T_EE_d": [0.0306686,-0.0207204,-0.999305,0,0.930662,0.365252,0.0209885,0,0.364571,-0.930677,0.030486,0,0.37383,-0.663967,0.704923,1], "F_T_NE": [0.7071,-0.7071,0,0,0.7071,0.7071,0,0,0,0,1,0,0,0,0.1034,1], "NE_T_EE": [1,0,0,0,0,1,0,0,0,0,1,0,0,0,0,1], "F_T_EE": [0.7071,-0.7071,0,0,0.7071,0.7071,0,0,0,0,1,0,0,0,0.1034,1], "EE_T_K": [1,0,0,0,0,1,0,0,0,0,1,0,0,0,0,1], "m_ee": 0.73, "F_x_Cee": [-0.01,0,0.03], "I_ee": [0.001,0,0,0,0.0025,0,0,0,0.0017], "m_load": 0, "F_x_Cload": [0,0,0], "I_load": [0,0,0,0,0,0,0,0,0], "m_total": 0.73, "F_x_Ctotal": [-0.01,0,0.03], "I_total": [0.001,0,0,0,0.0025,0,0,0,0.0017], "elbow": [-1.42911,-1], "elbow_d": [-1.42905,-1], "elbow_c": [-1.42905,-1], "delbow_c": [0,0], "ddelbow_c": [0,0], "tau_J": [-0.931144,29.177,22.3203,11.8179,1.25562,-0.815139,0.132954], "tau_J_d": [0,0,0,0,0,0,0], "dtau_J": [-5.74255,53.2813,-85.6831,176.556,18.5152,-53.0059,3.03948], "q": [1.03601,-0.890909,-1.42911,-1.40794,-2.24026,2.49837,-1.07969], "dq": [-0.000304555,-0.000393648,0.00138406,-0.00250818,-0.000132389,0.000947184,-0.00012408], "q_d": [1.03561,-0.890856,-1.42905,-1.40794,-2.24027,2.49816,-1.07969], "dq_d": [0,0,0,0,0,0,0], "ddq_d": [0,0,0,0,0,0,0], "joint_contact": [0,0,0,0,0,0,0], "cartesian_contact": [0,0,0,0,0,0], "joint_collision": [0,0,0,0,0,0,0], "cartesian_collision": [0,0,0,0,0,0], "tau_ext_hat_filtered": [-0.885869,0.479171,0.393369,-0.854326,0.211747,-1.22819,0.128947], "O_F_ext_hat_K": [-4.30544,9.77999,-2.88803,-4.34915,-2.01562,-0.909562], "K_F_ext_hat_K": [2.55159,-0.489473,-10.7599,1.72959,0.525402,0.233914], "O_dP_EE_d": [0,0,0,0,0,0], "O_ddP_O": [0,0,-9.81], "O_T_EE_c": [0.0306686,-0.0207204,-0.999305,0,0.930662,0.365252,0.0209885,0,0.364571,-0.930677,0.030486,0,0.37383,-0.663967,0.704923,1], "O_dP_EE_c": [0,0,0,0,0,0], "O_ddP_EE_c": [0,0,0,0,0,0], "theta": [1.03595,-0.888862,-1.42755,-1.40711,-2.24012,2.49827,-1.07968], "dtheta": [0,0,0,0,0,0,0], "current_errors": [], "last_motion_errors": [], "control_command_success_rate": 0, "robot_mode": "User stopped", "time": 3556456}