{"O_T_EE": [0.0310564,-0.0248162,-0.9992,0,0.908483,0.417516,0.0178674,0,0.416746,-0.908329,0.0355123,0,0.416086,-0.637252,0.705119,1], "O_T_EE_d": [0.0310956,-0.0248218,-0.999199,0,0.908648,0.417156,0.0179148,0,0.416385,-0.908494,0.0355267,0,0.415931,-0.637357,0.705161,1], "F_T_NE": [0.7071,-0.7071,0,0,0.7071,0.7071,0,0,0,0,1,0,0,0,0.1034,1], "NE_T_EE": [1,0,0,0,0,1,0,0,0,0,1,0,0,0,0,1], "F_T_EE": [0.7071,-0.7071,0,0,0.7071,0.7071,0,0,0,0,1,0,0,0,0.1034,1], "EE_T_K": [1,0,0,0,0,1,0,0,0,0,1,0,0,0,0,1], "m_ee": 0.73, "F_x_Cee": [-0.01,0,0.03], "I_ee": [0.001,0,0,0,0.0025,0,0,0,0.0017], "m_load": 0, "F_x_Cload": [0,0,0], "I_load": [0,0,0,0,0,0,0,0,0], "m_total": 0.73, "F_x_Ctotal": [-0.01,0,0.03], "I_total": [0.001,0,0,0,0.0025,0,0,0,0.0017], "elbow": [-1.46673,-1], "elbow_d": [-1.4667,-1], "elbow_c": [-1.4667,-1], "delbow_c": [0,0], "ddelbow_c": [0,0], "tau_J": [0.0368734,28.5383,21.6815,12.8891,1.20069,-0.895706,0.0816849], "tau_J_d": [0,0,0,0,0,0,0], "dtau_J": [-27.5341,-18.9524,-107.036,38.6951,-4.48467,-30.8389,-88.9654], "q": [1.09231,-0.842055,-1.46673,-1.40698,-2.22439,2.51975,-1.03915], "dq": [-4.41816e-05,-0.000151555,-0.000136369,-0.000181168,0.000646636,-5.2295e-05,0.00212695], "q_d": [1.09215,-0.842039,-1.4667,-1.4069,-2.22439,2.51954,-1.03914], "dq_d": [0,0,0,0,0,0,0], "ddq_d": [0,0,0,0,0,0,0], "joint_contact": [0,0,0,0,0,0,0], "cartesian_contact": [0,0,0,0,0,0], "joint_collision": [0,0,0,0,0,0,0], "cartesian_collision": [0,0,0,0,0,0], "tau_ext_hat_filtered": [0.0322158,0.634724,0.511326,-0.682801,0.135653,-1.25412,0.130083], "O_F_ext_hat_K": [-1.32179,6.51543,-1.4404,-3.11242,-0.433637,0.0126894], "K_F_ext_hat_K": [1.23653,1.49376,-6.52015,1.87453,0.436851,0.260761], "O_dP_EE_d": [0,0,0,0,0,0], "O_ddP_O": [0,0,-9.81], "O_T_EE_c": [0.0310956,-0.0248218,-0.999199,0,0.908648,0.417156,0.0179148,0,0.416385,-0.908494,0.0355267,0,0.415931,-0.637357,0.705161,1], "O_dP_EE_c": [0,0,0,0,0,0], "O_ddP_EE_c": [0,0,0,0,0,0], "theta": [1.09231,-0.840053,-1.46521,-1.40607,-2.22425,2.51965,-1.03914], "dtheta": [0,0,0,0,0,0,0], "current_errors": [], "last_motion_errors": [], "control_command_success_rate": 0, "robot_mode": "User stopped", "time": 3584756}