{"O_T_EE": [0.0246807,0.0113351,-0.999621,0,0.798724,0.601097,0.0265366,0,0.601181,-0.799092,0.00578197,0,0.531215,-0.539822,0.7067,1], "O_T_EE_d": [0.0245995,0.0111856,-0.999625,0,0.799094,0.60061,0.0263854,0,0.600692,-0.799459,0.00583649,0,0.531004,-0.540017,0.706744,1], "F_T_NE": [0.7071,-0.7071,0,0,0.7071,0.7071,0,0,0,0,1,0,0,0,0.1034,1], "NE_T_EE": [1,0,0,0,0,1,0,0,0,0,1,0,0,0,0,1], "F_T_EE": [0.7071,-0.7071,0,0,0.7071,0.7071,0,0,0,0,1,0,0,0,0.1034,1], "EE_T_K": [1,0,0,0,0,1,0,0,0,0,1,0,0,0,0,1], "m_ee": 0.73, "F_x_Cee": [-0.01,0,0.03], "I_ee": [0.001,0,0,0,0.0025,0,0,0,0.0017], "m_load": 0, "F_x_Cload": [0,0,0], "I_load": [0,0,0,0,0,0,0,0,0], "m_total": 0.73, "F_x_Ctotal": [-0.01,0,0.03], "I_total": [0.001,0,0,0,0.0025,0,0,0,0.0017], "elbow": [-1.82285,-1], "elbow_d": [-1.8229,-1], "elbow_c": [-1.8229,-1], "delbow_c": [0,0], "ddelbow_c": [0,0], "tau_J": [-0.669303,25.3724,13.0924,18.1815,1.77655,-1.14564,0.0615432], "tau_J_d": [0,0,0,0,0,0,0], "dtau_J": [32.917,20.3813,-93.8428,63.6768,-31.6706,38.7008,-79.393], "q": [1.32855,-0.517751,-1.82285,-1.36236,-1.93333,2.77481,-0.909034], "dq": [0.000349555,-0.000677186,0.000587327,-0.000548524,0.000501393,-2.21445e-05,0.000467266], "q_d": [1.32822,-0.517594,-1.8229,-1.36235,-1.93334,2.77458,-0.909046], "dq_d": [0,0,0,0,0,0,0], "ddq_d": [0,0,0,0,0,0,0], "joint_contact": [0,0,0,0,0,0,0], "cartesian_contact": [0,0,0,0,0,0], "joint_collision": [0,0,0,0,0,0,0], "cartesian_collision": [0,0,0,0,0,0], "tau_ext_hat_filtered": [-0.681215,0.0179991,-0.501579,-0.800428,0.100346,-1.38563,0.115168], "O_F_ext_hat_K": [-1.99459,4.22843,-2.02848,-1.46183,-0.250581,-0.602523], "K_F_ext_hat_K": [2.02645,0.894758,-4.58975,1.78293,0.346431,0.184019], "O_dP_EE_d": [0,0,0,0,0,0], "O_ddP_O": [0,0,-9.81], "O_T_EE_c": [0.0245995,0.0111856,-0.999625,0,0.799094,0.60061,0.0263854,0,0.600692,-0.799459,0.00583649,0,0.531004,-0.540017,0.706744,1], "O_dP_EE_c": [0,0,0,0,0,0], "O_ddP_EE_c": [0,0,0,0,0,0], "theta": [1.32851,-0.51597,-1.82193,-1.36109,-1.93313,2.77468,-0.909028], "dtheta": [0,0,0,0,0,0,0], "current_errors": [], "last_motion_errors": [], "control_command_success_rate": 0, "robot_mode": "User stopped", "time": 3376090}