{"O_T_EE": [0.0142258,0.00527994,-0.999875,0,0.837821,0.545727,0.0148019,0,0.545747,-0.837943,0.00333982,0,0.4953,-0.574697,0.706402,1], "O_T_EE_d": [0.0142092,0.00515915,-0.999876,0,0.838069,0.545348,0.0147236,0,0.545367,-0.83819,0.00342529,0,0.495152,-0.574799,0.70648,1], "F_T_NE": [0.7071,-0.7071,0,0,0.7071,0.7071,0,0,0,0,1,0,0,0,0.1034,1], "NE_T_EE": [1,0,0,0,0,1,0,0,0,0,1,0,0,0,0,1], "F_T_EE": [0.7071,-0.7071,0,0,0.7071,0.7071,0,0,0,0,1,0,0,0,0.1034,1], "EE_T_K": [1,0,0,0,0,1,0,0,0,0,1,0,0,0,0,1], "m_ee": 0.73, "F_x_Cee": [-0.01,0,0.03], "I_ee": [0.001,0,0,0,0.0025,0,0,0,0.0017], "m_load": 0, "F_x_Cload": [0,0,0], "I_load": [0,0,0,0,0,0,0,0,0], "m_total": 0.73, "F_x_Ctotal": [-0.01,0,0.03], "I_total": [0.001,0,0,0,0.0025,0,0,0,0.0017], "elbow": [-1.71759,-1], "elbow_d": [-1.71757,-1], "elbow_c": [-1.71757,-1], "delbow_c": [0,0], "ddelbow_c": [0,0], "tau_J": [0.0765462,26.1619,16.2424,17.3364,1.78571,-0.956131,0.122884], "tau_J_d": [0,0,0,0,0,0,0], "dtau_J": [-73.6332,-181.323,158.177,34.4392,22.3036,18.0012,-123.989], "q": [1.23587,-0.59633,-1.71759,-1.36961,-1.98465,2.70953,-0.96726], "dq": [0.000453296,0.000759802,-0.00118162,-0.00381166,-0.000164464,-0.000146164,0.00224213], "q_d": [1.23564,-0.596181,-1.71757,-1.36957,-1.98464,2.70931,-0.967253], "dq_d": [0,0,0,0,0,0,0], "ddq_d": [0,0,0,0,0,0,0], "joint_contact": [0,0,0,0,0,0,0], "cartesian_contact": [0,0,0,0,0,0], "joint_collision": [0,0,0,0,0,0,0], "cartesian_collision": [0,0,0,0,0,0], "tau_ext_hat_filtered": [0.0998524,0.69946,0.470477,-0.539677,0.223554,-1.27839,0.184965], "O_F_ext_hat_K": [-0.983708,5.27022,-0.737984,-2.64542,-0.238519,0.154955], "K_F_ext_hat_K": [0.751739,2.04104,-4.95546,1.89961,0.568942,0.274127], "O_dP_EE_d": [0,0,0,0,0,0], "O_ddP_O": [0,0,-9.81], "O_T_EE_c": [0.0142092,0.00515915,-0.999876,0,0.838069,0.545348,0.0147236,0,0.545367,-0.83819,0.00342529,0,0.495152,-0.574799,0.70648,1], "O_dP_EE_c": [0,0,0,0,0,0], "O_ddP_EE_c": [0,0,0,0,0,0], "theta": [1.23588,-0.594494,-1.71645,-1.36839,-1.98445,2.70942,-0.967247], "dtheta": [0,0,0,0,0,0,0], "current_errors": [], "last_motion_errors": [], "control_command_success_rate": 0, "robot_mode": "User stopped", "time": 3332464}