{"O_T_EE": [0.0302865,0.0349028,-0.998922,0,0.872207,0.487183,0.043467,0,0.488184,-0.8726,-0.0156877,0,0.454491,-0.614099,0.697752,1], "O_T_EE_d": [0.0302234,0.0347577,-0.998929,0,0.872501,0.486667,0.0433317,0,0.487661,-0.872893,-0.0156177,0,0.454313,-0.614211,0.697835,1], "F_T_NE": [0.7071,-0.7071,0,0,0.7071,0.7071,0,0,0,0,1,0,0,0,0.1034,1], "NE_T_EE": [1,0,0,0,0,1,0,0,0,0,1,0,0,0,0,1], "F_T_EE": [0.7071,-0.7071,0,0,0.7071,0.7071,0,0,0,0,1,0,0,0,0.1034,1], "EE_T_K": [1,0,0,0,0,1,0,0,0,0,1,0,0,0,0,1], "m_ee": 0.73, "F_x_Cee": [-0.01,0,0.03], "I_ee": [0.001,0,0,0,0.0025,0,0,0,0.0017], "m_load": 0, "F_x_Cload": [0,0,0], "I_load": [0,0,0,0,0,0,0,0,0], "m_total": 0.73, "F_x_Ctotal": [-0.01,0,0.03], "I_total": [0.001,0,0,0,0.0025,0,0,0,0.0017], "elbow": [1.60771,-1], "elbow_d": [1.6077,-1], "elbow_c": [1.6077,-1], "delbow_c": [0,0], "ddelbow_c": [0,0], "tau_J": [-0.185295,-28.0154,20.293,14.1943,1.20069,-0.785842,0.071614], "tau_J_d": [0,0,0,0,0,0,0], "dtau_J": [128.511,195.722,23.7357,-42.1166,-13.9464,-3.25407,-53.7955], "q": [-1.98708,0.786191,1.60771,-1.39062,-2.09233,2.57595,-1.05598], "dq": [-0.00127225,-0.00188268,2.54992e-05,0.000439136,2.61191e-06,0.000116644,0.000348846], "q_d": [-1.98732,0.785978,1.6077,-1.39055,-2.09235,2.57562,-1.05595], "dq_d": [0,0,0,0,0,0,0], "ddq_d": [0,0,0,0,0,0,0], "joint_contact": [0,0,0,0,0,0,0], "cartesian_contact": [0,0,0,0,0,0], "joint_collision": [0,0,0,0,0,0,0], "cartesian_collision": [0,0,0,0,0,0], "tau_ext_hat_filtered": [-0.286098,-0.547295,0.175779,-0.472495,-0.057359,-1.33,0.104963], "O_F_ext_hat_K": [-1.57881,5.56719,-1.50195,-2.64159,-0.453329,-0.287551], "K_F_ext_hat_K": [1.64685,1.26993,-5.60512,1.85478,0.182482,0.215457], "O_dP_EE_d": [0,0,0,0,0,0], "O_ddP_O": [0,0,-9.81], "O_T_EE_c": [0.0302234,0.0347577,-0.998929,0,0.872501,0.486667,0.0433317,0,0.487661,-0.872893,-0.0156177,0,0.454313,-0.614211,0.697835,1], "O_dP_EE_c": [0,0,0,0,0,0], "O_ddP_EE_c": [0,0,0,0,0,0], "theta": [-1.9871,0.784225,1.60913,-1.38962,-2.0922,2.57587,-1.05597], "dtheta": [0,0,0,0,0,0,0], "current_errors": [], "last_motion_errors": [], "control_command_success_rate": 0, "robot_mode": "User stopped", "time": 1696607}