{"O_T_EE": [0.0167525,-0.0595713,-0.998074,0,0.998561,0.0516763,0.0136763,0,0.050763,-0.996886,0.0603524,0,0.142884,-0.755791,0.704746,1], "O_T_EE_d": [0.0167664,-0.059573,-0.998073,0,0.998577,0.051351,0.0137098,0,0.0504363,-0.996902,0.0603503,0,0.142766,-0.755802,0.704796,1], "F_T_NE": [0.7071,-0.7071,0,0,0.7071,0.7071,0,0,0,0,1,0,0,0,0.1034,1], "NE_T_EE": [1,0,0,0,0,1,0,0,0,0,1,0,0,0,0,1], "F_T_EE": [0.7071,-0.7071,0,0,0.7071,0.7071,0,0,0,0,1,0,0,0,0.1034,1], "EE_T_K": [1,0,0,0,0,1,0,0,0,0,1,0,0,0,0,1], "m_ee": 0.73, "F_x_Cee": [-0.01,0,0.03], "I_ee": [0.001,0,0,0,0.0025,0,0,0,0.0017], "m_load": 0, "F_x_Cload": [0,0,0], "I_load": [0,0,0,0,0,0,0,0,0], "m_total": 0.73, "F_x_Ctotal": [-0.01,0,0.03], "I_total": [0.001,0,0,0,0.0025,0,0,0,0.0017], "elbow": [-1.32221,-1], "elbow_d": [-1.32215,-1], "elbow_c": [-1.32215,-1], "delbow_c": [0,0], "ddelbow_c": [0,0], "tau_J": [-0.109916,32.3072,24.4547,8.29101,1.02674,-0.795913,0.122884], "tau_J_d": [0,0,0,0,0,0,0], "dtau_J": [102.709,159.891,-10.9189,32.6111,-18.0631,6.50816,-86.9087], "q": [0.766328,-1.04948,-1.32221,-1.40052,-2.38439,2.42588,-1.16188], "dq": [-0.00107506,-0.00071177,-0.000590389,-0.00065612,-1.84423e-05,0.000159109,0.000944154], "q_d": [0.766216,-1.04941,-1.32215,-1.40049,-2.38439,2.42564,-1.16185], "dq_d": [0,0,0,0,0,0,0], "ddq_d": [0,0,0,0,0,0,0], "joint_contact": [0,0,0,0,0,0,0], "cartesian_contact": [0,0,0,0,0,0], "joint_collision": [0,0,0,0,0,0,0], "cartesian_collision": [0,0,0,0,0,0], "tau_ext_hat_filtered": [-0.148932,0.455504,0.43438,-0.614948,0.181266,-1.2784,0.180979], "O_F_ext_hat_K": [0.792501,6.96764,-1.51437,-3.07652,0.399754,-0.191454], "K_F_ext_hat_K": [1.10968,1.13073,-6.99711,1.81646,0.644477,0.301174], "O_dP_EE_d": [0,0,0,0,0,0], "O_ddP_O": [0,0,-9.81], "O_T_EE_c": [0.0167664,-0.059573,-0.998073,0,0.998577,0.051351,0.0137098,0,0.0504363,-0.996902,0.0603503,0,0.142766,-0.755802,0.704796,1], "O_dP_EE_c": [0,0,0,0,0,0], "O_ddP_EE_c": [0,0,0,0,0,0], "theta": [0.766319,-1.04721,-1.32049,-1.39994,-2.38427,2.42579,-1.16187], "dtheta": [0,0,0,0,0,0,0], "current_errors": [], "last_motion_errors": [], "control_command_success_rate": 0, "robot_mode": "User stopped", "time": 3909208}