{"O_T_EE": [0.0494428,-0.0510753,-0.997461,0,0.968953,0.244644,0.0355027,0,0.242214,-0.968266,0.0615866,0,0.285338,-0.709269,0.705797,1], "O_T_EE_d": [0.0494617,-0.0510581,-0.99746,0,0.969036,0.244308,0.0355465,0,0.241877,-0.968352,0.0615622,0,0.285215,-0.70933,0.705806,1], "F_T_NE": [0.7071,-0.7071,0,0,0.7071,0.7071,0,0,0,0,1,0,0,0,0.1034,1], "NE_T_EE": [1,0,0,0,0,1,0,0,0,0,1,0,0,0,0,1], "F_T_EE": [0.7071,-0.7071,0,0,0.7071,0.7071,0,0,0,0,1,0,0,0,0.1034,1], "EE_T_K": [1,0,0,0,0,1,0,0,0,0,1,0,0,0,0,1], "m_ee": 0.73, "F_x_Cee": [-0.01,0,0.03], "I_ee": [0.001,0,0,0,0.0025,0,0,0,0.0017], "m_load": 0, "F_x_Cload": [0,0,0], "I_load": [0,0,0,0,0,0,0,0,0], "m_total": 0.73, "F_x_Ctotal": [-0.01,0,0.03], "I_total": [0.001,0,0,0,0.0025,0,0,0,0.0017], "elbow": [-1.56416,-1], "elbow_d": [-1.56414,-1], "elbow_c": [-1.56414,-1], "delbow_c": [0,0], "ddelbow_c": [0,0], "tau_J": [0.0011678,28.1217,19.7693,14.3848,1.62091,-1.08614,0.112813], "tau_J_d": [0,0,0,0,0,0,0], "dtau_J": [64.3293,-1.58863,107.413,37.5605,-25.873,-9.80871,-41.5808], "q": [0.909638,-0.761802,-1.56416,-1.37335,-2.21528,2.60587,-0.934327], "dq": [-0.00103641,0.000228371,-0.00021804,0.00134394,0.000389641,-0.000193073,0.00107132], "q_d": [0.909527,-0.761804,-1.56414,-1.37334,-2.21528,2.60562,-0.934319], "dq_d": [0,0,0,0,0,0,0], "ddq_d": [0,0,0,0,0,0,0], "joint_contact": [0,0,0,0,0,0,0], "cartesian_contact": [0,0,0,0,0,0], "joint_collision": [0,0,0,0,0,0,0], "cartesian_collision": [0,0,0,0,0,0], "tau_ext_hat_filtered": [-0.0122801,0.417013,0.242117,-0.737012,0.366453,-1.25038,0.164138], "O_F_ext_hat_K": [0.105814,6.21083,-1.40993,-2.59823,0.279018,-0.00573225], "K_F_ext_hat_K": [1.09438,1.57195,-6.07494,1.89723,0.646674,0.26779], "O_dP_EE_d": [0,0,0,0,0,0], "O_ddP_O": [0,0,-9.81], "O_T_EE_c": [0.0494617,-0.0510581,-0.99746,0,0.969036,0.244308,0.0355465,0,0.241877,-0.968352,0.0615622,0,0.285215,-0.70933,0.705806,1], "O_dP_EE_c": [0,0,0,0,0,0], "O_ddP_EE_c": [0,0,0,0,0,0], "theta": [0.909638,-0.759829,-1.56278,-1.37234,-2.2151,2.60574,-0.934314], "dtheta": [0,0,0,0,0,0,0], "current_errors": [], "last_motion_errors": [], "control_command_success_rate": 0, "robot_mode": "User stopped", "time": 3624384}