{"O_T_EE": [0.00491403,0.0145851,-0.999872,0,0.963648,-0.267139,0.000839248,0,-0.267097,-0.963547,-0.015368,0,-0.104237,-0.768339,0.706614,1], "O_T_EE_d": [0.00479586,0.0145468,-0.999873,0,0.96354,-0.267528,0.000729406,0,-0.267489,-0.963439,-0.0152997,0,-0.104388,-0.768288,0.706691,1], "F_T_NE": [0.7071,-0.7071,0,0,0.7071,0.7071,0,0,0,0,1,0,0,0,0.1034,1], "NE_T_EE": [1,0,0,0,0,1,0,0,0,0,1,0,0,0,0,1], "F_T_EE": [0.7071,-0.7071,0,0,0.7071,0.7071,0,0,0,0,1,0,0,0,0.1034,1], "EE_T_K": [1,0,0,0,0,1,0,0,0,0,1,0,0,0,0,1], "m_ee": 0.73, "F_x_Cee": [-0.01,0,0.03], "I_ee": [0.001,0,0,0,0.0025,0,0,0,0.0017], "m_load": 0, "F_x_Cload": [0,0,0], "I_load": [0,0,0,0,0,0,0,0,0], "m_total": 0.73, "F_x_Ctotal": [-0.01,0,0.03], "I_total": [0.001,0,0,0,0.0025,0,0,0,0.0017], "elbow": [-1.62445,-1], "elbow_d": [-1.62443,-1], "elbow_c": [-1.62443,-1], "delbow_c": [0,0], "ddelbow_c": [0,0], "tau_J": [0.0765462,29.8554,19.2813,14.5395,1.62091,-0.654922,0.143025], "tau_J_d": [0,0,0,0,0,0,0], "dtau_J": [27.0968,-67.8599,-17.3584,-106.191,1.65282,39.9163,67.268], "q": [0.456045,-0.747747,-1.62445,-1.30752,-2.02684,2.60804,-1.123], "dq": [-0.000610018,0.0014352,8.86939e-05,0.00186812,0.000800276,-0.000569424,-0.000538583], "q_d": [0.45582,-0.747573,-1.62443,-1.3075,-2.02684,2.60784,-1.12299], "dq_d": [0,0,0,0,0,0,0], "ddq_d": [0,0,0,0,0,0,0], "joint_contact": [0,0,0,0,0,0,0], "cartesian_contact": [0,0,0,0,0,0], "joint_collision": [0,0,0,0,0,0,0], "cartesian_collision": [0,0,0,0,0,0], "tau_ext_hat_filtered": [0.0524616,0.608025,0.48354,-0.708214,0.25898,-1.24867,0.124393], "O_F_ext_hat_K": [2.97664,5.56549,-0.761216,-2.46702,1.57909,0.0764052], "K_F_ext_hat_K": [0.856936,1.38107,-6.14597,1.62819,0.96616,0.218493], "O_dP_EE_d": [0,0,0,0,0,0], "O_ddP_O": [0,0,-9.81], "O_T_EE_c": [0.00479586,0.0145468,-0.999873,0,0.96354,-0.267528,0.000729406,0,-0.267489,-0.963439,-0.0152997,0,-0.104388,-0.768288,0.706691,1], "O_dP_EE_c": [0,0,0,0,0,0], "O_ddP_EE_c": [0,0,0,0,0,0], "theta": [0.456049,-0.745652,-1.6231,-1.30649,-2.02666,2.60797,-1.12298], "dtheta": [0,0,0,0,0,0,0], "current_errors": [], "last_motion_errors": [], "control_command_success_rate": 0, "robot_mode": "User stopped", "time": 4239924}