{"O_T_EE": [0.00692434,0.00997596,-0.999917,0,0.97729,-0.211809,0.00465448,0,-0.211749,-0.97726,-0.0112163,0,-0.0546155,-0.772576,0.706799,1], "O_T_EE_d": [0.00689053,0.00996559,-0.999917,0,0.977223,-0.212121,0.00462006,0,-0.212061,-0.977192,-0.0112004,0,-0.0547262,-0.77255,0.706844,1], "F_T_NE": [0.7071,-0.7071,0,0,0.7071,0.7071,0,0,0,0,1,0,0,0,0.1034,1], "NE_T_EE": [1,0,0,0,0,1,0,0,0,0,1,0,0,0,0,1], "F_T_EE": [0.7071,-0.7071,0,0,0.7071,0.7071,0,0,0,0,1,0,0,0,0.1034,1], "EE_T_K": [1,0,0,0,0,1,0,0,0,0,1,0,0,0,0,1], "m_ee": 0.73, "F_x_Cee": [-0.01,0,0.03], "I_ee": [0.001,0,0,0,0.0025,0,0,0,0.0017], "m_load": 0, "F_x_Cload": [0,0,0], "I_load": [0,0,0,0,0,0,0,0,0], "m_total": 0.73, "F_x_Ctotal": [-0.01,0,0.03], "I_total": [0.001,0,0,0,0.0025,0,0,0,0.0017], "elbow": [-1.69173,-1], "elbow_d": [-1.69166,-1], "elbow_c": [-1.69166,-1], "delbow_c": [0,0], "ddelbow_c": [0,0], "tau_J": [0.0368734,29.4428,17.8928,15.7654,1.51105,-0.845352,0.112813], "tau_J_d": [0,0,0,0,0,0,0], "dtau_J": [98.0795,101.555,149.625,-162.471,-36.149,-33.9008,38.9544], "q": [0.526553,-0.688235,-1.69173,-1.3047,-1.99282,2.64465,-1.07672], "dq": [-0.00150577,-0.00110876,-0.00134402,0.00146129,0.000496989,0.000600115,-0.000710817], "q_d": [0.526388,-0.68815,-1.69166,-1.30471,-1.99282,2.64443,-1.07671], "dq_d": [0,0,0,0,0,0,0], "ddq_d": [0,0,0,0,0,0,0], "joint_contact": [0,0,0,0,0,0,0], "cartesian_contact": [0,0,0,0,0,0], "joint_collision": [0,0,0,0,0,0,0], "cartesian_collision": [0,0,0,0,0,0], "tau_ext_hat_filtered": [-0.031129,0.619073,0.373827,-0.550887,0.0904406,-1.33077,0.101049], "O_F_ext_hat_K": [2.68169,4.90339,-0.8793,-2.17191,1.53084,0.0181295], "K_F_ext_hat_K": [0.94673,1.57815,-5.34987,1.78685,0.659202,0.199274], "O_dP_EE_d": [0,0,0,0,0,0], "O_ddP_O": [0,0,-9.81], "O_T_EE_c": [0.00689053,0.00996559,-0.999917,0,0.977223,-0.212121,0.00462006,0,-0.212061,-0.977192,-0.0112004,0,-0.0547262,-0.77255,0.706844,1], "O_dP_EE_c": [0,0,0,0,0,0], "O_ddP_EE_c": [0,0,0,0,0,0], "theta": [0.526555,-0.686169,-1.69047,-1.30359,-1.99266,2.64456,-1.07671], "dtheta": [0,0,0,0,0,0,0], "current_errors": [], "last_motion_errors": [], "control_command_success_rate": 0, "robot_mode": "User stopped", "time": 4269719}