{"O_T_EE": [-0.00582611,-0.0729479,-0.997309,0,0.996656,-0.0815939,0.000145869,0,-0.0813866,-0.993992,0.0731808,0,0.0448781,-0.769986,0.70522,1], "O_T_EE_d": [-0.00580886,-0.0729081,-0.997312,0,0.996599,-0.0822822,0.000210504,0,-0.0820779,-0.993939,0.0731396,0,0.0444714,-0.770026,0.705229,1], "F_T_NE": [0.7071,-0.7071,0,0,0.7071,0.7071,0,0,0,0,1,0,0,0,0.1034,1], "NE_T_EE": [1,0,0,0,0,1,0,0,0,0,1,0,0,0,0,1], "F_T_EE": [0.7071,-0.7071,0,0,0.7071,0.7071,0,0,0,0,1,0,0,0,0.1034,1], "EE_T_K": [1,0,0,0,0,1,0,0,0,0,1,0,0,0,0,1], "m_ee": 0.73, "F_x_Cee": [-0.01,0,0.03], "I_ee": [0.001,0,0,0,0.0025,0,0,0,0.0017], "m_load": 0, "F_x_Cload": [0,0,0], "I_load": [0,0,0,0,0,0,0,0,0], "m_total": 0.73, "F_x_Ctotal": [-0.01,0,0.03], "I_total": [0.001,0,0,0,0.0025,0,0,0,0.0017], "elbow": [-1.41745,-1], "elbow_d": [-1.41743,-1], "elbow_c": [-1.41743,-1], "delbow_c": [0,0], "ddelbow_c": [0,0], "tau_J": [-1.11761,30.875,22.6575,10.7071,1.23731,-1.03578,0.132954], "tau_J_d": [0,0,0,0,0,0,0], "dtau_J": [9.98744,-96.4336,76.8467,16.0924,-5.77594,-3.39571,-32.1734], "q": [0.62559,-0.946159,-1.41745,-1.37398,-2.34315,2.49479,-1.08499], "dq": [-0.000159296,0.00149378,-0.000795231,-0.00433691,0.00567347,-0.00031091,-0.000219387], "q_d": [0.625163,-0.94617,-1.41743,-1.37393,-2.34316,2.49455,-1.08498], "dq_d": [0,0,0,0,0,0,0], "ddq_d": [0,0,0,0,0,0,0], "joint_contact": [0,0,0,0,0,0,0], "cartesian_contact": [0,0,0,0,0,0], "joint_collision": [0,0,0,0,0,0,0], "cartesian_collision": [0,0,0,0,0,0], "tau_ext_hat_filtered": [-1.11615,0.185994,-0.083311,-0.537513,0.240658,-1.35223,0.142342], "O_F_ext_hat_K": [0.314959,9.3663,-2.94902,-3.77746,-0.0311594,-1.13008], "K_F_ext_hat_K": [2.25604,-0.450767,-9.55148,1.81301,0.586367,0.206752], "O_dP_EE_d": [0,0,0,0,0,0], "O_ddP_O": [0,0,-9.81], "O_T_EE_c": [-0.00580886,-0.0729081,-0.997312,0,0.996599,-0.0822822,0.000210504,0,-0.0820779,-0.993939,0.0731396,0,0.0444714,-0.770026,0.705229,1], "O_dP_EE_c": [0,0,0,0,0,0], "O_ddP_EE_c": [0,0,0,0,0,0], "theta": [0.625513,-0.943993,-1.41586,-1.37323,-2.34301,2.49467,-1.08498], "dtheta": [0,0,0,0,0,0,0], "current_errors": [], "last_motion_errors": [], "control_command_success_rate": 0, "robot_mode": "User stopped", "time": 3962599}