{"O_T_EE": [0.0197003,-0.0617962,-0.997885,0,0.991337,-0.128355,0.0275197,0,-0.129786,-0.989801,0.0587333,0,-0.00513625,-0.772751,0.706259,1], "O_T_EE_d": [0.0196047,-0.0618325,-0.997884,0,0.991308,-0.128593,0.0274435,0,-0.13002,-0.989768,0.0587751,0,-0.00519961,-0.772727,0.70631,1], "F_T_NE": [0.7071,-0.7071,0,0,0.7071,0.7071,0,0,0,0,1,0,0,0,0.1034,1], "NE_T_EE": [1,0,0,0,0,1,0,0,0,0,1,0,0,0,0,1], "F_T_EE": [0.7071,-0.7071,0,0,0.7071,0.7071,0,0,0,0,1,0,0,0,0.1034,1], "EE_T_K": [1,0,0,0,0,1,0,0,0,0,1,0,0,0,0,1], "m_ee": 0.73, "F_x_Cee": [-0.01,0,0.03], "I_ee": [0.001,0,0,0,0.0025,0,0,0,0.0017], "m_load": 0, "F_x_Cload": [0,0,0], "I_load": [0,0,0,0,0,0,0,0,0], "m_total": 0.73, "F_x_Ctotal": [-0.01,0,0.03], "I_total": [0.001,0,0,0,0.0025,0,0,0,0.0017], "elbow": [-1.55407,-1], "elbow_d": [-1.55401,-1], "elbow_c": [-1.55401,-1], "delbow_c": [0,0], "ddelbow_c": [0,0], "tau_J": [0.78669,30.3831,21.0071,13.0835,1.45612,-0.845352,0.071614], "tau_J_d": [0,0,0,0,0,0,0], "dtau_J": [-21.6159,-142.406,-17.3953,-34.4285,-3.03437,6.40824,-36.8568], "q": [0.560813,-0.812461,-1.55407,-1.33376,-2.21966,2.60429,-1.00063], "dq": [0.000172445,0.000713447,0.000156037,0.00104119,0.0096843,0.00256105,-0.000357991], "q_d": [0.560686,-0.812352,-1.55401,-1.33379,-2.21967,2.6041,-1.00064], "dq_d": [0,0,0,0,0,0,0], "ddq_d": [0,0,0,0,0,0,0], "joint_contact": [0,0,0,0,0,0,0], "cartesian_contact": [0,0,0,0,0,0], "joint_collision": [0,0,0,0,0,0,0], "cartesian_collision": [0,0,0,0,0,0], "tau_ext_hat_filtered": [0.767562,0.806579,0.740306,-0.93199,0.185448,-1.10058,0.0809686], "O_F_ext_hat_K": [3.41389,4.75667,-0.860036,-2.11293,1.99795,0.773967], "K_F_ext_hat_K": [0.63154,2.75015,-5.20175,1.87254,0.578656,0.220978], "O_dP_EE_d": [0,0,0,0,0,0], "O_ddP_O": [0,0,-9.81], "O_T_EE_c": [0.0196047,-0.0618325,-0.997884,0,0.991308,-0.128593,0.0274435,0,-0.13002,-0.989768,0.0587751,0,-0.00519961,-0.772727,0.70631,1], "O_dP_EE_c": [0,0,0,0,0,0], "O_ddP_EE_c": [0,0,0,0,0,0], "theta": [0.560868,-0.810329,-1.55259,-1.33284,-2.2195,2.6042,-1.00062], "dtheta": [0,0,0,0,0.0375315,0,0], "current_errors": [], "last_motion_errors": [], "control_command_success_rate": 0, "robot_mode": "User stopped", "time": 4003407}