{"O_T_EE": [-0.00685875,-0.025183,-0.99965,0,0.832304,-0.554241,0.00825175,0,-0.554265,-0.831972,0.0247618,0,-0.343746,-0.70253,0.707124,1], "O_T_EE_d": [-0.00690237,-0.0251202,-0.999651,0,0.832309,-0.554234,0.00818039,0,-0.554257,-0.831978,0.0247337,0,-0.34367,-0.702551,0.707122,1], "F_T_NE": [0.7071,-0.7071,0,0,0.7071,0.7071,0,0,0,0,1,0,0,0,0.1034,1], "NE_T_EE": [1,0,0,0,0,1,0,0,0,0,1,0,0,0,0,1], "F_T_EE": [0.7071,-0.7071,0,0,0.7071,0.7071,0,0,0,0,1,0,0,0,0.1034,1], "EE_T_K": [1,0,0,0,0,1,0,0,0,0,1,0,0,0,0,1], "m_ee": 0.73, "F_x_Cee": [-0.01,0,0.03], "I_ee": [0.001,0,0,0,0.0025,0,0,0,0.0017], "m_load": 0, "F_x_Cload": [0,0,0], "I_load": [0,0,0,0,0,0,0,0,0], "m_total": 0.73, "F_x_Ctotal": [-0.01,0,0.03], "I_total": [0.001,0,0,0,0.0025,0,0,0,0.0017], "elbow": [-1.70023,-1], "elbow_d": [-1.70019,-1], "elbow_c": [-1.70019,-1], "delbow_c": [0,0], "ddelbow_c": [0,0], "tau_J": [0.413765,31.2876,18.7576,14.96,1.61176,-0.605484,0.071614], "tau_J_d": [0,0,0,0,0,0,0], "dtau_J": [25.749,51.1815,-16.7134,-128.821,-14.1207,-10.9622,-48.9764], "q": [0.177676,-0.723326,-1.70023,-1.26661,-2.07075,2.66126,-1.0423], "dq": [0.000216609,-0.000965555,0.000522569,0.0006945,7.25512e-05,-5.24861e-05,0.0024226], "q_d": [0.177703,-0.723255,-1.70019,-1.26671,-2.07075,2.66114,-1.0423], "dq_d": [0,0,0,0,0,0,0], "ddq_d": [0,0,0,0,0,0,0], "joint_contact": [0,0,0,0,0,0,0], "cartesian_contact": [0,0,0,0,0,0], "joint_collision": [0,0,0,0,0,0,0], "cartesian_collision": [0,0,0,0,0,0], "tau_ext_hat_filtered": [0.398373,0.819818,0.821434,-0.779149,0.167221,-0.986889,0.108809], "O_F_ext_hat_K": [5.00418,4.30588,-0.997017,-1.93707,2.60927,0.448795], "K_F_ext_hat_K": [0.853927,1.77031,-6.3807,1.5981,0.650933,0.222984], "O_dP_EE_d": [0,0,0,0,0,0], "O_ddP_O": [0,0,-9.81], "O_T_EE_c": [-0.00690237,-0.0251202,-0.999651,0,0.832309,-0.554234,0.00818039,0,-0.554257,-0.831978,0.0247337,0,-0.34367,-0.702551,0.707122,1], "O_dP_EE_c": [0,0,0,0,0,0], "O_ddP_EE_c": [0,0,0,0,0,0], "theta": [0.177705,-0.721131,-1.69891,-1.26556,-2.07057,2.66119,-1.04229], "dtheta": [0,0,0,0,0,0,0], "current_errors": [], "last_motion_errors": [], "control_command_success_rate": 0, "robot_mode": "User stopped", "time": 4603733}