{"O_T_EE": [0.00722773,0.00325614,-0.999959,0,0.861673,-0.507424,0.00457589,0,-0.507398,-0.861687,-0.00647338,0,-0.29902,-0.722049,0.704859,1], "O_T_EE_d": [0.00704607,0.00314488,-0.999961,0,0.86168,-0.507414,0.00447587,0,-0.507389,-0.861694,-0.00628527,0,-0.298901,-0.721995,0.70502,1], "F_T_NE": [0.7071,-0.7071,0,0,0.7071,0.7071,0,0,0,0,1,0,0,0,0.1034,1], "NE_T_EE": [1,0,0,0,0,1,0,0,0,0,1,0,0,0,0,1], "F_T_EE": [0.7071,-0.7071,0,0,0.7071,0.7071,0,0,0,0,1,0,0,0,0.1034,1], "EE_T_K": [1,0,0,0,0,1,0,0,0,0,1,0,0,0,0,1], "m_ee": 0.73, "F_x_Cee": [-0.01,0,0.03], "I_ee": [0.001,0,0,0,0.0025,0,0,0,0.0017], "m_load": 0, "F_x_Cload": [0,0,0], "I_load": [0,0,0,0,0,0,0,0,0], "m_total": 0.73, "F_x_Ctotal": [-0.01,0,0.03], "I_total": [0.001,0,0,0,0.0025,0,0,0,0.0017], "elbow": [-1.32964,-1], "elbow_d": [-1.32947,-1], "elbow_c": [-1.32947,-1], "delbow_c": [0,0], "ddelbow_c": [0,0], "tau_J": [0.635933,34.3067,24.3793,6.64062,0.96265,-0.224624,0.112813], "tau_J_d": [0,0,0,0,0,0,0], "dtau_J": [-40.4037,12.8617,-91.8359,-112.657,-33.0195,-16.9504,-34.1533], "q": [0.246556,-1.05518,-1.32964,-1.3292,-2.28647,2.39637,-1.27975], "dq": [0.000903255,-0.00060257,0.00169411,0.00175102,0.000474598,0.000174833,-0.000712409], "q_d": [0.246497,-1.05497,-1.32947,-1.32931,-2.28648,2.39625,-1.27974], "dq_d": [0,0,0,0,0,0,0], "ddq_d": [0,0,0,0,0,0,0], "joint_contact": [0,0,0,0,0,0,0], "cartesian_contact": [0,0,0,0,0,0], "joint_collision": [0,0,0,0,0,0,0], "cartesian_collision": [0,0,0,0,0,0], "tau_ext_hat_filtered": [0.640112,0.820319,0.796311,-1.48286,0.151978,-1.02493,0.141088], "O_F_ext_hat_K": [5.81298,6.85813,-2.06552,-2.86253,2.87604,0.583701], "K_F_ext_hat_K": [2.12982,1.51949,-8.84569,1.56429,0.712726,0.286697], "O_dP_EE_d": [0,0,0,0,0,0], "O_ddP_O": [0,0,-9.81], "O_T_EE_c": [0.00704607,0.00314488,-0.999961,0,0.86168,-0.507414,0.00447587,0,-0.507389,-0.861694,-0.00628527,0,-0.298901,-0.721995,0.70502,1], "O_dP_EE_c": [0,0,0,0,0,0], "O_ddP_EE_c": [0,0,0,0,0,0], "theta": [0.2466,-1.05277,-1.32793,-1.32873,-2.28637,2.39635,-1.27973], "dtheta": [0,0,0,0,0,0,0], "current_errors": [], "last_motion_errors": [], "control_command_success_rate": 0, "robot_mode": "User stopped", "time": 4805316}