{"O_T_EE": [0.00070142,-0.00763458,-0.999961,0,0.895825,-0.444368,0.00402107,0,-0.44439,-0.89581,0.00652768,0,-0.249478,-0.737541,0.708301,1], "O_T_EE_d": [0.000472368,-0.00771807,-0.99996,0,0.895742,-0.444537,0.00385424,0,-0.444558,-0.895725,0.00670354,0,-0.24941,-0.737498,0.708445,1], "F_T_NE": [0.7071,-0.7071,0,0,0.7071,0.7071,0,0,0,0,1,0,0,0,0.1034,1], "NE_T_EE": [1,0,0,0,0,1,0,0,0,0,1,0,0,0,0,1], "F_T_EE": [0.7071,-0.7071,0,0,0.7071,0.7071,0,0,0,0,1,0,0,0,0.1034,1], "EE_T_K": [1,0,0,0,0,1,0,0,0,0,1,0,0,0,0,1], "m_ee": 0.73, "F_x_Cee": [-0.01,0,0.03], "I_ee": [0.001,0,0,0,0.0025,0,0,0,0.0017], "m_load": 0, "F_x_Cload": [0,0,0], "I_load": [0,0,0,0,0,0,0,0,0], "m_total": 0.73, "F_x_Ctotal": [-0.01,0,0.03], "I_total": [0.001,0,0,0,0.0025,0,0,0,0.0017], "elbow": [-2.12512,-1], "elbow_d": [-2.12509,-1], "elbow_c": [-2.12509,-1], "delbow_c": [0,0], "ddelbow_c": [0,0], "tau_J": [0.151925,31.9303,11.1444,19.2169,2.01368,-0.995498,0.0414016], "tau_J_d": [0,0,0,0,0,0,0], "dtau_J": [12.1888,18.6495,-86.1735,-9.43916,12.4629,-60.6137,-65.1677], "q": [0.452943,-0.476324,-2.12512,-1.24456,-1.80253,2.85623,-0.959673], "dq": [-9.26718e-05,-0.000770063,-1.12865e-05,0.000154711,-0.000280263,0.000870976,0.000658988], "q_d": [0.452949,-0.476044,-2.12509,-1.24458,-1.80253,2.856,-0.959678], "dq_d": [0,0,0,0,0,0,0], "ddq_d": [0,0,0,0,0,0,0], "joint_contact": [0,0,0,0,0,0,0], "cartesian_contact": [0,0,0,0,0,0], "joint_collision": [0,0,0,0,0,0,0], "cartesian_collision": [0,0,0,0,0,0], "tau_ext_hat_filtered": [0.14894,0.724876,0.357637,-0.551261,0.124213,-1.24603,0.074967], "O_F_ext_hat_K": [3.73703,2.57805,-0.25352,-0.953399,2.10386,0.27722], "K_F_ext_hat_K": [0.236453,2.20115,-3.97179,1.83993,0.820027,0.113162], "O_dP_EE_d": [0,0,0,0,0,0], "O_ddP_O": [0,0,-9.81], "O_T_EE_c": [0.000472368,-0.00771807,-0.99996,0,0.895742,-0.444537,0.00385424,0,-0.444558,-0.895725,0.00670354,0,-0.24941,-0.737498,0.708445,1], "O_dP_EE_c": [0,0,0,0,0,0], "O_ddP_EE_c": [0,0,0,0,0,0], "theta": [0.452953,-0.474083,-2.12434,-1.24321,-1.8023,2.85612,-0.959668], "dtheta": [0,0,0,0,0,0,0], "current_errors": [], "last_motion_errors": [], "control_command_success_rate": 0, "robot_mode": "User stopped", "time": 2964108}