{"O_T_EE": [0.000703922,-0.00922943,-0.999948,0,0.702096,-0.712033,0.00706626,0,-0.712075,-0.702078,0.00597885,0,-0.474401,-0.627069,0.704462,1], "O_T_EE_d": [0.000396315,-0.00930145,-0.999947,0,0.702166,-0.711966,0.00690096,0,-0.712006,-0.702145,0.00624912,0,-0.47417,-0.627084,0.704684,1], "F_T_NE": [0.7071,-0.7071,0,0,0.7071,0.7071,0,0,0,0,1,0,0,0,0.1034,1], "NE_T_EE": [1,0,0,0,0,1,0,0,0,0,1,0,0,0,0,1], "F_T_EE": [0.7071,-0.7071,0,0,0.7071,0.7071,0,0,0,0,1,0,0,0,0.1034,1], "EE_T_K": [1,0,0,0,0,1,0,0,0,0,1,0,0,0,0,1], "m_ee": 0.73, "F_x_Cee": [-0.01,0,0.03], "I_ee": [0.001,0,0,0,0.0025,0,0,0,0.0017], "m_load": 0, "F_x_Cload": [0,0,0], "I_load": [0,0,0,0,0,0,0,0,0], "m_total": 0.73, "F_x_Ctotal": [-0.01,0,0.03], "I_total": [0.001,0,0,0,0.0025,0,0,0,0.0017], "elbow": [-1.36292,-1], "elbow_d": [-1.36273,-1], "elbow_c": [-1.36273,-1], "delbow_c": [0,0], "ddelbow_c": [0,0], "tau_J": [0.18763,34.759,24.3793,7.6007,1.04505,-0.304275,0.112813], "tau_J_d": [0,0,0,0,0,0,0], "dtau_J": [60.1757,61.5459,-2.57958,42.4695,-10.2248,-2.39124,-77.4918], "q": [0.00487003,-1.03517,-1.36292,-1.30408,-2.29132,2.4199,-1.25179], "dq": [0.000443681,-0.000912191,-0.000679361,-0.000208332,-0.000215261,3.96462e-05,4.74357e-05], "q_d": [0.00488149,-1.03483,-1.36273,-1.30421,-2.29132,2.41976,-1.25177], "dq_d": [0,0,0,0,0,0,0], "ddq_d": [0,0,0,0,0,0,0], "joint_contact": [0,0,0,0,0,0,0], "cartesian_contact": [0,0,0,0,0,0], "joint_collision": [0,0,0,0,0,0,0], "cartesian_collision": [0,0,0,0,0,0], "tau_ext_hat_filtered": [0.182411,1.0228,1.14055,-1.01111,0.169339,-1.03346,0.178915], "O_F_ext_hat_K": [7.23975,5.99775,-1.44801,-3.00635,3.6393,0.139368], "K_F_ext_hat_K": [1.3977,0.80219,-9.37479,1.5624,0.758171,0.312699], "O_dP_EE_d": [0,0,0,0,0,0], "O_ddP_O": [0,0,-9.81], "O_T_EE_c": [0.000396315,-0.00930145,-0.999947,0,0.702166,-0.711966,0.00690096,0,-0.712006,-0.702145,0.00624912,0,-0.47417,-0.627084,0.704684,1], "O_dP_EE_c": [0,0,0,0,0,0], "O_ddP_EE_c": [0,0,0,0,0,0], "theta": [0.00488317,-1.03273,-1.36121,-1.30355,-2.2912,2.41986,-1.25178], "dtheta": [0,0,0,0,0,0,0], "current_errors": [], "last_motion_errors": [], "control_command_success_rate": 0, "robot_mode": "User stopped", "time": 4944199}