{"O_T_EE": [-0.00051018,-0.0175305,-0.999837,0,0.753057,-0.657847,0.01115,0,-0.657947,-0.752942,0.0135374,0,-0.432098,-0.654662,0.705528,1], "O_T_EE_d": [-0.000595432,-0.0175748,-0.999836,0,0.753078,-0.657823,0.0111146,0,-0.657923,-0.752962,0.0136272,0,-0.431984,-0.654659,0.705629,1], "F_T_NE": [0.7071,-0.7071,0,0,0.7071,0.7071,0,0,0,0,1,0,0,0,0.1034,1], "NE_T_EE": [1,0,0,0,0,1,0,0,0,0,1,0,0,0,0,1], "F_T_EE": [0.7071,-0.7071,0,0,0.7071,0.7071,0,0,0,0,1,0,0,0,0.1034,1], "EE_T_K": [1,0,0,0,0,1,0,0,0,0,1,0,0,0,0,1], "m_ee": 0.73, "F_x_Cee": [-0.01,0,0.03], "I_ee": [0.001,0,0,0,0.0025,0,0,0,0.0017], "m_load": 0, "F_x_Cload": [0,0,0], "I_load": [0,0,0,0,0,0,0,0,0], "m_total": 0.73, "F_x_Ctotal": [-0.01,0,0.03], "I_total": [0.001,0,0,0,0.0025,0,0,0,0.0017], "elbow": [-1.47778,-1], "elbow_d": [-1.47759,-1], "elbow_c": [-1.47759,-1], "delbow_c": [0,0], "ddelbow_c": [0,0], "tau_J": [0.485177,33.3625,22.8043,10.3976,1.30964,-0.384841,0.194295], "tau_J_d": [0,0,0,0,0,0,0], "dtau_J": [-17.6492,26.8596,-175.532,-41.5996,-51.0195,-33.6665,121.771], "q": [0.0444546,-0.919275,-1.47778,-1.29127,-2.20418,2.5137,-1.17166], "dq": [0.000164472,-0.00112509,0.000838643,0.000617785,0.000521207,0.000421535,-0.00660138], "q_d": [0.0444278,-0.919161,-1.47759,-1.29138,-2.20419,2.51355,-1.17166], "dq_d": [0,0,0,0,0,0,0], "ddq_d": [0,0,0,0,0,0,0], "joint_contact": [0,0,0,0,0,0,0], "cartesian_contact": [0,0,0,0,0,0], "joint_collision": [0,0,0,0,0,0,0], "cartesian_collision": [0,0,0,0,0,0], "tau_ext_hat_filtered": [0.398856,1.03552,1.07375,-1.09057,0.212417,-0.980456,0.137193], "O_F_ext_hat_K": [6.86199,5.8421,-1.41529,-2.78252,3.49144,0.383925], "K_F_ext_hat_K": [1.30916,1.3085,-8.93275,1.59648,0.778749,0.262947], "O_dP_EE_d": [0,0,0,0,0,0], "O_ddP_O": [0,0,-9.81], "O_T_EE_c": [-0.000595432,-0.0175748,-0.999836,0,0.753078,-0.657823,0.0111146,0,-0.657923,-0.752962,0.0136272,0,-0.431984,-0.654659,0.705629,1], "O_dP_EE_c": [0,0,0,0,0,0], "O_ddP_EE_c": [0,0,0,0,0,0], "theta": [0.0444886,-0.916934,-1.47618,-1.29054,-2.20404,2.51365,-1.17164], "dtheta": [0,0,0,0,0,0,0], "current_errors": [], "last_motion_errors": [], "control_command_success_rate": 0, "robot_mode": "User stopped", "time": 4979351}