{"O_T_EE": [-0.00855129,-0.0414071,-0.999096,0,0.650425,-0.759116,0.0258942,0,-0.759517,-0.649628,0.0334243,0,-0.512557,-0.595902,0.705416,1], "O_T_EE_d": [-0.00882237,-0.0414194,-0.999093,0,0.65037,-0.759169,0.0257299,0,-0.759561,-0.649566,0.0336363,0,-0.512419,-0.595901,0.705594,1], "F_T_NE": [0.7071,-0.7071,0,0,0.7071,0.7071,0,0,0,0,1,0,0,0,0.1034,1], "NE_T_EE": [1,0,0,0,0,1,0,0,0,0,1,0,0,0,0,1], "F_T_EE": [0.7071,-0.7071,0,0,0.7071,0.7071,0,0,0,0,1,0,0,0,0.1034,1], "EE_T_K": [1,0,0,0,0,1,0,0,0,0,1,0,0,0,0,1], "m_ee": 0.73, "F_x_Cee": [-0.01,0,0.03], "I_ee": [0.001,0,0,0,0.0025,0,0,0,0.0017], "m_load": 0, "F_x_Cload": [0,0,0], "I_load": [0,0,0,0,0,0,0,0,0], "m_total": 0.73, "F_x_Ctotal": [-0.01,0,0.03], "I_total": [0.001,0,0,0,0.0025,0,0,0,0.0017], "elbow": [-1.62184,-1], "elbow_d": [-1.62172,-1], "elbow_c": [-1.62172,-1], "delbow_c": [0,0], "ddelbow_c": [0,0], "tau_J": [0.711312,32.6484,20.7453,13.2739,1.62091,-0.615554,0.153096], "tau_J_d": [0,0,0,0,0,0,0], "dtau_J": [-43.6158,95.0712,-55.4263,10.5038,8.03153,11.2178,-74.7632], "q": [-0.072195,-0.795267,-1.62184,-1.26822,-2.15713,2.58903,-1.04032], "dq": [-0.0011208,-0.000548486,0.00591699,-0.00238174,0.00136427,-0.000158977,-0.000147955], "q_d": [-0.0722423,-0.794929,-1.62172,-1.26828,-2.15711,2.58886,-1.0403], "dq_d": [0,0,0,0,0,0,0], "ddq_d": [0,0,0,0,0,0,0], "joint_contact": [0,0,0,0,0,0,0], "cartesian_contact": [0,0,0,0,0,0], "joint_collision": [0,0,0,0,0,0,0], "cartesian_collision": [0,0,0,0,0,0], "tau_ext_hat_filtered": [0.628477,1.2836,1.26507,-1.04533,0.35167,-1.00711,0.206419], "O_F_ext_hat_K": [8.20704,4.71858,-1.25252,-2.302,4.24564,0.649915], "K_F_ext_hat_K": [0.985841,1.72371,-9.34057,1.85544,0.81948,0.312092], "O_dP_EE_d": [0,0,0,0,0,0], "O_ddP_O": [0,0,-9.81], "O_T_EE_c": [-0.00882237,-0.0414194,-0.999093,0,0.65037,-0.759169,0.0257299,0,-0.759561,-0.649566,0.0336363,0,-0.512419,-0.595901,0.705594,1], "O_dP_EE_c": [0,0,0,0,0,0], "O_ddP_EE_c": [0,0,0,0,0,0], "theta": [-0.072145,-0.792975,-1.62039,-1.26729,-2.15695,2.58896,-1.0403], "dtheta": [0,0,0.0248548,0,0,0,0], "current_errors": [], "last_motion_errors": [], "control_command_success_rate": 0, "robot_mode": "User stopped", "time": 5014921}