{"O_T_EE": [-0.0204818,-0.00745928,-0.999753,0,-0.832067,-0.554254,0.0211818,0,-0.554286,0.832311,0.00514559,0,-0.505095,0.542477,0.796497,1], "O_T_EE_d": [-0.0206294,-0.00723091,-0.999751,0,-0.832286,-0.553925,0.0211802,0,-0.553951,0.832532,0.00540907,0,-0.504843,0.542508,0.796741,1], "F_T_NE": [0.7071,-0.7071,0,0,0.7071,0.7071,0,0,0,0,1,0,0,0,0.1034,1], "NE_T_EE": [1,0,0,0,0,1,0,0,0,0,1,0,0,0,0,1], "F_T_EE": [0.7071,-0.7071,0,0,0.7071,0.7071,0,0,0,0,1,0,0,0,0.1034,1], "EE_T_K": [1,0,0,0,0,1,0,0,0,0,1,0,0,0,0,1], "m_ee": 0.73, "F_x_Cee": [-0.01,0,0.03], "I_ee": [0.001,0,0,0,0.0025,0,0,0,0.0017], "m_load": 0, "F_x_Cload": [0,0,0], "I_load": [0,0,0,0,0,0,0,0,0], "m_total": 0.73, "F_x_Ctotal": [-0.01,0,0.03], "I_total": [0.001,0,0,0,0.0025,0,0,0,0.0017], "elbow": [0.00198929,-1], "elbow_d": [0.00187622,-1], "elbow_c": [0.00187622,-1], "delbow_c": [0,0], "ddelbow_c": [0,0], "tau_J": [-1.15728,-37.2869,-0.328961,21.2085,2.28833,-0.133987,0.0313308], "tau_J_d": [0,0,0,0,0,0,0], "dtau_J": [29.1308,-11.8156,-11.6234,-140.619,-2.17482,-18.3896,51.3839], "q": [2.25585,0.216868,0.00198929,-1.26701,-0.885361,3.01295,-1.45466], "dq": [0.000427453,5.34046e-05,0.000661339,0.000602177,0.000357976,0.000118953,-0.00182302], "q_d": [2.2557,0.216535,0.00187622,-1.26697,-0.885376,3.01277,-1.45466], "dq_d": [0,0,0,0,0,0,0], "ddq_d": [0,0,0,0,0,0,0], "joint_contact": [0,0,0,0,0,0,0], "cartesian_contact": [0,0,0,0,0,0], "joint_collision": [0,0,0,0,0,0,0], "cartesian_collision": [0,0,0,0,0,0], "tau_ext_hat_filtered": [-1.08441,-2.30605,-0.809001,0.41599,0.191672,-1.15903,-0.00488597], "O_F_ext_hat_K": [0,0,0,0,0,0], "K_F_ext_hat_K": [0,0,0,0,0,0], "O_dP_EE_d": [0,0,0,0,0,0], "O_ddP_O": [0,0,-9.81], "O_T_EE_c": [-0.0206294,-0.00723091,-0.999751,0,-0.832286,-0.553925,0.0211802,0,-0.553951,0.832532,0.00540907,0,-0.504843,0.542508,0.796741,1], "O_dP_EE_c": [0,0,0,0,0,0], "O_ddP_EE_c": [0,0,0,0,0,0], "theta": [2.25577,0.214252,0.00196541,-1.26552,-0.885107,3.01293,-1.45466], "dtheta": [0,0,0,0,0,0,0], "current_errors": [], "last_motion_errors": [], "control_command_success_rate": 0, "robot_mode": "User stopped", "time": 5279639}