{"O_T_EE": [-0.0284364,-0.0165518,-0.999449,0,-0.867652,-0.496062,0.0329017,0,-0.496343,0.868126,-0.000254988,0,-0.466544,0.574789,0.796791,1], "O_T_EE_d": [-0.0286073,-0.0162931,-0.999448,0,-0.867848,-0.495718,0.0329218,0,-0.495991,0.868328,4.12334e-05,0,-0.466262,0.574825,0.797036,1], "F_T_NE": [0.7071,-0.7071,0,0,0.7071,0.7071,0,0,0,0,1,0,0,0,0.1034,1], "NE_T_EE": [1,0,0,0,0,1,0,0,0,0,1,0,0,0,0,1], "F_T_EE": [0.7071,-0.7071,0,0,0.7071,0.7071,0,0,0,0,1,0,0,0,0.1034,1], "EE_T_K": [1,0,0,0,0,1,0,0,0,0,1,0,0,0,0,1], "m_ee": 0.73, "F_x_Cee": [-0.01,0,0.03], "I_ee": [0.001,0,0,0,0.0025,0,0,0,0.0017], "m_load": 0, "F_x_Cload": [0,0,0], "I_load": [0,0,0,0,0,0,0,0,0], "m_total": 0.73, "F_x_Ctotal": [-0.01,0,0.03], "I_total": [0.001,0,0,0,0.0025,0,0,0,0.0017], "elbow": [0.00632083,-1], "elbow_d": [0.00619166,-1], "elbow_c": [0.00619166,-1], "delbow_c": [0,0], "ddelbow_c": [0,0], "tau_J": [-1.00652,-37.1005,-0.217877,21.1331,2.32495,-0.0341945,0.071614], "tau_J_d": [0,0,0,0,0,0,0], "dtau_J": [74.8715,64.9028,60.1183,-118.9,44.8184,-20.9027,43.2195], "q": [2.18611,0.212714,0.00632083,-1.27177,-0.870673,3.0079,-1.45835], "dq": [-0.00126908,-0.00102583,-0.000591052,0.0013311,-0.000681314,6.38712e-05,0.00109133], "q_d": [2.18591,0.212387,0.00619166,-1.27174,-0.870663,3.00781,-1.45835], "dq_d": [0,0,0,0,0,0,0], "ddq_d": [0,0,0,0,0,0,0], "joint_contact": [0,0,0,0,0,0,0], "cartesian_contact": [0,0,0,0,0,0], "joint_collision": [0,0,0,0,0,0,0], "cartesian_collision": [0,0,0,0,0,0], "tau_ext_hat_filtered": [-1.05314,-2.22072,-0.787072,0.234985,0.214087,-1.09888,0.0761815], "O_F_ext_hat_K": [0,0,0,0,0,0], "K_F_ext_hat_K": [0,0,0,0,0,0], "O_dP_EE_d": [0,0,0,0,0,0], "O_ddP_O": [0,0,-9.81], "O_T_EE_c": [-0.0286073,-0.0162931,-0.999448,0,-0.867848,-0.495718,0.0329218,0,-0.495991,0.868328,4.12334e-05,0,-0.466262,0.574825,0.797036,1], "O_dP_EE_c": [0,0,0,0,0,0], "O_ddP_EE_c": [0,0,0,0,0,0], "theta": [2.18604,0.210111,0.0063053,-1.27028,-0.870414,3.0079,-1.45834], "dtheta": [0,0,0,0,0,0,0], "current_errors": [], "last_motion_errors": [], "control_command_success_rate": 0, "robot_mode": "User stopped", "time": 5229956}