{"O_T_EE": [-0.0197374,-0.0219243,-0.999555,0,-0.908494,-0.416995,0.0270857,0,-0.417411,0.908642,-0.0116879,0,-0.425963,0.603899,0.797254,1], "O_T_EE_d": [-0.0197635,-0.0218954,-0.999555,0,-0.908597,-0.416772,0.0270945,0,-0.417188,0.908746,-0.0116574,0,-0.425854,0.603913,0.797335,1], "F_T_NE": [0.7071,-0.7071,0,0,0.7071,0.7071,0,0,0,0,1,0,0,0,0.1034,1], "NE_T_EE": [1,0,0,0,0,1,0,0,0,0,1,0,0,0,0,1], "F_T_EE": [0.7071,-0.7071,0,0,0.7071,0.7071,0,0,0,0,1,0,0,0,0.1034,1], "EE_T_K": [1,0,0,0,0,1,0,0,0,0,1,0,0,0,0,1], "m_ee": 0.73, "F_x_Cee": [-0.01,0,0.03], "I_ee": [0.001,0,0,0,0.0025,0,0,0,0.0017], "m_load": 0, "F_x_Cload": [0,0,0], "I_load": [0,0,0,0,0,0,0,0,0], "m_total": 0.73, "F_x_Ctotal": [-0.01,0,0.03], "I_total": [0.001,0,0,0,0.0025,0,0,0,0.0017], "elbow": [-0.00727587,-1], "elbow_d": [-0.00732587,-1], "elbow_c": [-0.00732587,-1], "delbow_c": [0,0], "ddelbow_c": [0,0], "tau_J": [0.0368734,-36.0809,0.456562,20.8237,2.34327,-0.144058,0.0816849], "tau_J_d": [0,0,0,0,0,0,0], "dtau_J": [19.3548,115.77,-4.50874,-25.8854,-19.1772,26.4071,-31.8543], "q": [2.13689,0.20581,-0.00727587,-1.27097,-0.883982,2.97534,-1.44893], "dq": [-0.00011931,-0.000510302,0.00468094,-0.0060115,0.00042409,-6.52094e-05,3.11382e-05], "q_d": [2.13684,0.205685,-0.00732587,-1.27094,-0.883996,2.97515,-1.44892], "dq_d": [0,0,0,0,0,0,0], "ddq_d": [0,0,0,0,0,0,0], "joint_contact": [0,0,0,0,0,0,0], "cartesian_contact": [0,0,0,0,0,0], "joint_collision": [0,0,0,0,0,0,0], "cartesian_collision": [0,0,0,0,0,0], "tau_ext_hat_filtered": [-0.0207398,-1.46888,-0.0227858,-0.112716,0.304715,-1.22574,0.105506], "O_F_ext_hat_K": [1.63662,-4.38193,1.66155,2.71972,1.29998,-0.01841], "K_F_ext_hat_K": [-1.59707,0.385393,-4.68418,0.946903,1.8874,0.104825], "O_dP_EE_d": [0,0,0,0,0,0], "O_ddP_O": [0,0,-9.81], "O_T_EE_c": [-0.0197635,-0.0218954,-0.999555,0,-0.908597,-0.416772,0.0270945,0,-0.417188,0.908746,-0.0116574,0,-0.425854,0.603913,0.797335,1], "O_dP_EE_c": [0,0,0,0,0,0], "O_ddP_EE_c": [0,0,0,0,0,0], "theta": [2.13689,0.203278,-0.00724486,-1.26951,-0.883722,2.97532,-1.44892], "dtheta": [0,0,0,0,0,0,0], "current_errors": [], "last_motion_errors": [], "control_command_success_rate": 0, "robot_mode": "User stopped", "time": 5366126}