{"O_T_EE": [-0.032638,-0.0217802,-0.99922,0,-0.932991,-0.357832,0.0382745,0,-0.358393,0.933531,-0.00864198,0,-0.383133,0.630535,0.79726,1], "O_T_EE_d": [-0.0326817,-0.0216726,-0.999221,0,-0.933105,-0.357534,0.0382739,0,-0.358092,0.933647,-0.00853819,0,-0.382954,0.63056,0.797377,1], "F_T_NE": [0.7071,-0.7071,0,0,0.7071,0.7071,0,0,0,0,1,0,0,0,0.1034,1], "NE_T_EE": [1,0,0,0,0,1,0,0,0,0,1,0,0,0,0,1], "F_T_EE": [0.7071,-0.7071,0,0,0.7071,0.7071,0,0,0,0,1,0,0,0,0.1034,1], "EE_T_K": [1,0,0,0,0,1,0,0,0,0,1,0,0,0,0,1], "m_ee": 0.73, "F_x_Cee": [-0.01,0,0.03], "I_ee": [0.001,0,0,0,0.0025,0,0,0,0.0017], "m_load": 0, "F_x_Cload": [0,0,0], "I_load": [0,0,0,0,0,0,0,0,0], "m_total": 0.73, "F_x_Ctotal": [-0.01,0,0.03], "I_total": [0.001,0,0,0,0.0025,0,0,0,0.0017], "elbow": [-0.011058,-1], "elbow_d": [-0.0112002,-1], "elbow_c": [-0.0112002,-1], "delbow_c": [0,0], "ddelbow_c": [0,0], "tau_J": [-0.633598,-35.9301,0.0082584,20.6729,2.27002,-0.214553,0.0514724], "tau_J_d": [0,0,0,0,0,0,0], "dtau_J": [-65.3724,-40.4259,64.2354,-3.14509,-1.14665,-1.40141,39.4234], "q": [2.06959,0.201626,-0.011058,-1.27814,-0.884803,2.98447,-1.4359], "dq": [-0.000490183,0.000254936,-0.005363,0.000494402,-5.74125e-05,-9.75787e-05,-0.00123189], "q_d": [2.06951,0.201466,-0.0112002,-1.27811,-0.884802,2.98433,-1.4359], "dq_d": [0,0,0,0,0,0,0], "ddq_d": [0,0,0,0,0,0,0], "joint_contact": [0,0,0,0,0,0,0], "cartesian_contact": [0,0,0,0,0,0], "joint_collision": [0,0,0,0,0,0,0], "cartesian_collision": [0,0,0,0,0,0], "tau_ext_hat_filtered": [-0.665525,-1.21615,-0.433745,-0.306356,0.210577,-1.28808,0.0703508], "O_F_ext_hat_K": [0,0,0,0,0,0], "K_F_ext_hat_K": [0,0,0,0,0,0], "O_dP_EE_d": [0,0,0,0,0,0], "O_ddP_O": [0,0,-9.81], "O_T_EE_c": [-0.0326817,-0.0216726,-0.999221,0,-0.933105,-0.357534,0.0382739,0,-0.358092,0.933647,-0.00853819,0,-0.382954,0.63056,0.797377,1], "O_dP_EE_c": [0,0,0,0,0,0], "O_ddP_EE_c": [0,0,0,0,0,0], "theta": [2.06954,0.199104,-0.0110574,-1.27669,-0.884551,2.98445,-1.4359], "dtheta": [0,0,0,0,0,0,0], "current_errors": [], "last_motion_errors": [], "control_command_success_rate": 0, "robot_mode": "User stopped", "time": 5381335}