{"O_T_EE": [-0.00297471,-0.00360854,-0.999979,0,-0.80224,-0.596968,0.00454071,0,-0.596984,0.802252,-0.00111913,0,-0.541763,0.507159,0.796233,1], "O_T_EE_d": [-0.00317566,-0.00341032,-0.99998,0,-0.802362,-0.596804,0.00458341,0,-0.596819,0.802376,-0.000841088,0,-0.541601,0.507131,0.796472,1], "F_T_NE": [0.7071,-0.7071,0,0,0.7071,0.7071,0,0,0,0,1,0,0,0,0.1034,1], "NE_T_EE": [1,0,0,0,0,1,0,0,0,0,1,0,0,0,0,1], "F_T_EE": [0.7071,-0.7071,0,0,0.7071,0.7071,0,0,0,0,1,0,0,0,0.1034,1], "EE_T_K": [1,0,0,0,0,1,0,0,0,0,1,0,0,0,0,1], "m_ee": 0.73, "F_x_Cee": [-0.01,0,0.03], "I_ee": [0.001,0,0,0,0.0025,0,0,0,0.0017], "m_load": 0, "F_x_Cload": [0,0,0], "I_load": [0,0,0,0,0,0,0,0,0], "m_total": 0.73, "F_x_Ctotal": [-0.01,0,0.03], "I_total": [0.001,0,0,0,0.0025,0,0,0,0.0017], "elbow": [-0.00449309,-1], "elbow_d": [-0.00452518,-1], "elbow_c": [-0.00452518,-1], "delbow_c": [0,0], "ddelbow_c": [0,0], "tau_J": [-0.185295,-36.307,0.305805,20.5936,2.14185,-0.114761,0.02126], "tau_J_d": [0,0,0,0,0,0,0], "dtau_J": [24.229,119.973,-62.1712,75.3098,9.47498,-29.3988,-36.762], "q": [2.33475,0.218539,-0.00449309,-1.25849,-0.90347,2.98881,-1.45277], "dq": [0.000162264,-0.00106941,1.11975e-05,-0.0055909,0.000132618,0.000577929,0.00257391], "q_d": [2.33468,0.218253,-0.00452518,-1.25842,-0.903466,2.98868,-1.45277], "dq_d": [0,0,0,0,0,0,0], "ddq_d": [0,0,0,0,0,0,0], "joint_contact": [0,0,0,0,0,0,0], "cartesian_contact": [0,0,0,0,0,0], "joint_collision": [0,0,0,0,0,0,0], "cartesian_collision": [0,0,0,0,0,0], "tau_ext_hat_filtered": [-0.201992,-1.1831,-0.176196,-0.327013,0.0686005,-1.13458,0.0668502], "O_F_ext_hat_K": [0,0,0,0,0,0], "K_F_ext_hat_K": [0,0,0,0,0,0], "O_dP_EE_d": [0,0,0,0,0,0], "O_ddP_O": [0,0,-9.81], "O_T_EE_c": [-0.00317566,-0.00341032,-0.99998,0,-0.802362,-0.596804,0.00458341,0,-0.596819,0.802376,-0.000841088,0,-0.541601,0.507131,0.796472,1], "O_dP_EE_c": [0,0,0,0,0,0], "O_ddP_EE_c": [0,0,0,0,0,0], "theta": [2.33474,0.215991,-0.00447092,-1.25705,-0.903232,2.98879,-1.45277], "dtheta": [0,0,0,0,0,0,0], "current_errors": [], "last_motion_errors": [], "control_command_success_rate": 0, "robot_mode": "User stopped", "time": 5297435}