{"O_T_EE": [-0.0332251,-0.0224632,-0.999186,0,-0.999344,-0.0129562,0.0335216,0,-0.0136989,0.999664,-0.0220184,0,-0.147495,0.717184,0.798077,1], "O_T_EE_d": [-0.0331739,-0.0223241,-0.999191,0,-0.999351,-0.0125676,0.03346,0,-0.0133046,0.999672,-0.0218931,0,-0.14732,0.717127,0.798221,1], "F_T_NE": [0.7071,-0.7071,0,0,0.7071,0.7071,0,0,0,0,1,0,0,0,0.1034,1], "NE_T_EE": [1,0,0,0,0,1,0,0,0,0,1,0,0,0,0,1], "F_T_EE": [0.7071,-0.7071,0,0,0.7071,0.7071,0,0,0,0,1,0,0,0,0.1034,1], "EE_T_K": [1,0,0,0,0,1,0,0,0,0,1,0,0,0,0,1], "m_ee": 0.73, "F_x_Cee": [-0.01,0,0.03], "I_ee": [0.001,0,0,0,0.0025,0,0,0,0.0017], "m_load": 0, "F_x_Cload": [0,0,0], "I_load": [0,0,0,0,0,0,0,0,0], "m_total": 0.73, "F_x_Ctotal": [-0.01,0,0.03], "I_total": [0.001,0,0,0,0.0025,0,0,0,0.0017], "elbow": [0.292651,-1], "elbow_d": [0.292514,-1], "elbow_c": [0.292514,-1], "delbow_c": [0,0], "ddelbow_c": [0,0], "tau_J": [-0.482841,-34.4225,1.32143,20.5182,2.12354,-0.404983,0.0514724], "tau_J_d": [0,0,0,0,0,0,0], "dtau_J": [107.002,-4.71515,-127.525,97.0899,5.44235,-19.4671,42.2165], "q": [1.47242,0.189315,0.292651,-1.28542,-0.992828,2.93034,-1.39142], "dq": [-0.001004,0.000401725,0.00106909,-0.000661279,5.5426e-05,-0.000157105,-0.00208746], "q_d": [1.47233,0.189091,0.292514,-1.28539,-0.992821,2.93013,-1.39144], "dq_d": [0,0,0,0,0,0,0], "ddq_d": [0,0,0,0,0,0,0], "joint_contact": [0,0,0,0,0,0,0], "cartesian_contact": [0,0,0,0,0,0], "joint_collision": [0,0,0,0,0,0,0], "cartesian_collision": [0,0,0,0,0,0], "tau_ext_hat_filtered": [-0.576605,-1.80817,-0.522995,-0.48448,0.118446,-1.44187,0.0371561], "O_F_ext_hat_K": [0.698932,-8.34424,-0.738042,4.61493,0.439005,-0.590575], "K_F_ext_hat_K": [0.901675,-0.615117,-8.33476,1.36954,1.46988,0.0398851], "O_dP_EE_d": [0,0,0,0,0,0], "O_ddP_O": [0,0,-9.81], "O_T_EE_c": [-0.0331739,-0.0223241,-0.999191,0,-0.999351,-0.0125676,0.03346,0,-0.0133046,0.999672,-0.0218931,0,-0.14732,0.717127,0.798221,1], "O_dP_EE_c": [0,0,0,0,0,0], "O_ddP_EE_c": [0,0,0,0,0,0], "theta": [1.47239,0.1869,0.292744,-1.28398,-0.992591,2.9303,-1.39141], "dtheta": [0,0,0,0,0,0,0], "current_errors": [], "last_motion_errors": [], "control_command_success_rate": 0, "robot_mode": "User stopped", "time": 5843626}