{"O_T_EE": [-0.0174157,-0.021937,-0.999598,0,-0.996292,-0.0837565,0.0191962,0,-0.0841455,0.996245,-0.0203973,0,-0.196869,0.706649,0.79818,1], "O_T_EE_d": [-0.0174005,-0.0217727,-0.999602,0,-0.996307,-0.0835807,0.0191637,0,-0.0839663,0.996263,-0.0202383,0,-0.196823,0.70654,0.798347,1], "F_T_NE": [0.7071,-0.7071,0,0,0.7071,0.7071,0,0,0,0,1,0,0,0,0.1034,1], "NE_T_EE": [1,0,0,0,0,1,0,0,0,0,1,0,0,0,0,1], "F_T_EE": [0.7071,-0.7071,0,0,0.7071,0.7071,0,0,0,0,1,0,0,0,0.1034,1], "EE_T_K": [1,0,0,0,0,1,0,0,0,0,1,0,0,0,0,1], "m_ee": 0.73, "F_x_Cee": [-0.01,0,0.03], "I_ee": [0.001,0,0,0,0.0025,0,0,0,0.0017], "m_load": 0, "F_x_Cload": [0,0,0], "I_load": [0,0,0,0,0,0,0,0,0], "m_total": 0.73, "F_x_Ctotal": [-0.01,0,0.03], "I_total": [0.001,0,0,0,0.0025,0,0,0,0.0017], "elbow": [0.294071,-1], "elbow_d": [0.294062,-1], "elbow_c": [0.294062,-1], "delbow_c": [0,0], "ddelbow_c": [0,0], "tau_J": [-0.109916,-34.0456,1.76973,20.5936,1.96881,-0.264907,0.194295], "tau_J_d": [0,0,0,0,0,0,0], "dtau_J": [67.1721,34.7579,19.3145,10.9046,7.48004,1.71197,59.9171], "q": [1.54118,0.195178,0.294071,-1.27861,-0.993476,2.93136,-1.40725], "dq": [-0.000665752,-6.90742e-05,0.000239055,-0.000548084,-0.00213061,0.000159934,-0.00186918], "q_d": [1.54116,0.194881,0.294062,-1.27864,-0.993485,2.93118,-1.40723], "dq_d": [0,0,0,0,0,0,0], "ddq_d": [0,0,0,0,0,0,0], "joint_contact": [0,0,0,0,0,0,0], "cartesian_contact": [0,0,0,0,0,0], "joint_collision": [0,0,0,0,0,0,0], "cartesian_collision": [0,0,0,0,0,0], "tau_ext_hat_filtered": [-0.139027,-1.38221,-0.148238,-0.239148,-0.0272988,-1.29106,0.172195], "O_F_ext_hat_K": [-0.824829,-5.7633,-0.834299,3.29026,-0.75503,-0.105506], "K_F_ext_hat_K": [0.974777,1.28849,-5.65523,1.83334,0.676933,0.165123], "O_dP_EE_d": [0,0,0,0,0,0], "O_ddP_O": [0,0,-9.81], "O_T_EE_c": [-0.0174005,-0.0217727,-0.999602,0,-0.996307,-0.0835807,0.0191637,0,-0.0839663,0.996263,-0.0202383,0,-0.196823,0.70654,0.798347,1], "O_dP_EE_c": [0,0,0,0,0,0], "O_ddP_EE_c": [0,0,0,0,0,0], "theta": [1.54117,0.192789,0.294195,-1.27717,-0.993257,2.93133,-1.40723], "dtheta": [0,0,0,0,0,0,0], "current_errors": [], "last_motion_errors": [], "control_command_success_rate": 0, "robot_mode": "User stopped", "time": 5884450}