{"O_T_EE": [-0.0238547,0.0205976,-0.999494,0,-0.976948,-0.212592,0.0189355,0,-0.212098,0.976923,0.0251945,0,-0.28985,0.671071,0.805365,1], "O_T_EE_d": [-0.0237632,0.0206,-0.999496,0,-0.976942,-0.212628,0.0188446,0,-0.212137,0.976916,0.0251782,0,-0.289932,0.670998,0.805369,1], "F_T_NE": [0.7071,-0.7071,0,0,0.7071,0.7071,0,0,0,0,1,0,0,0,0.1034,1], "NE_T_EE": [1,0,0,0,0,1,0,0,0,0,1,0,0,0,0,1], "F_T_EE": [0.7071,-0.7071,0,0,0.7071,0.7071,0,0,0,0,1,0,0,0,0.1034,1], "EE_T_K": [1,0,0,0,0,1,0,0,0,0,1,0,0,0,0,1], "m_ee": 0.73, "F_x_Cee": [-0.01,0,0.03], "I_ee": [0.001,0,0,0,0.0025,0,0,0,0.0017], "m_load": 0, "F_x_Cload": [0,0,0], "I_load": [0,0,0,0,0,0,0,0,0], "m_total": 0.73, "F_x_Ctotal": [-0.01,0,0.03], "I_total": [0.001,0,0,0,0.0025,0,0,0,0.0017], "elbow": [-1.17297,-1], "elbow_d": [-1.17292,-1], "elbow_c": [-1.17292,-1], "delbow_c": [0,0], "ddelbow_c": [0,0], "tau_J": [0.0011678,31.0615,21.7926,6.79534,0.752079,-0.29512,0.184224], "tau_J_d": [0,0,0,0,0,0,0], "dtau_J": [35.9641,49.9945,10.1066,-79.1385,32.2033,-46.6682,29.3676], "q": [-2.09881,-0.985666,-1.17297,-1.28552,-2.22112,2.25337,-1.38446], "dq": [8.53543e-05,-0.000970066,-3.46029e-05,-5.2149e-05,-0.000632703,0.000418269,-0.00183092], "q_d": [-2.09879,-0.9856,-1.17292,-1.28567,-2.22112,2.25323,-1.38444], "dq_d": [0,0,0,0,0,0,0], "ddq_d": [0,0,0,0,0,0,0], "joint_contact": [0,0,0,0,0,0,0], "cartesian_contact": [0,0,0,0,0,0], "joint_collision": [0,0,0,0,0,0,0], "cartesian_collision": [0,0,0,0,0,0], "tau_ext_hat_filtered": [0.00185243,0.673123,0.637748,-0.842757,0.281346,-1.19183,0.168341], "O_F_ext_hat_K": [1.65513,-7.6761,-2.38386,3.58444,0.704552,-0.0621569], "K_F_ext_hat_K": [2.1851,-0.0302421,-7.91008,1.20086,0.939217,0.243095], "O_dP_EE_d": [0,0,0,0,0,0], "O_ddP_O": [0,0,-9.81], "O_T_EE_c": [-0.0237632,0.0206,-0.999496,0,-0.976942,-0.212628,0.0188446,0,-0.212137,0.976916,0.0251782,0,-0.289932,0.670998,0.805369,1], "O_dP_EE_c": [0,0,0,0,0,0], "O_ddP_EE_c": [0,0,0,0,0,0], "theta": [-2.09881,-0.983486,-1.17144,-1.28504,-2.22103,2.25334,-1.38444], "dtheta": [0,0,0,0,0,0,0], "current_errors": [], "last_motion_errors": [], "control_command_success_rate": 0, "robot_mode": "User stopped", "time": 5584649}