{"O_T_EE": [-0.0319879,0.0104386,-0.999424,0,-0.990977,0.129811,0.0330734,0,0.130084,0.991484,0.00619219,0,-0.0426088,0.728146,0.798616,1], "O_T_EE_d": [-0.0317991,0.0104411,-0.99943,0,-0.990978,0.129855,0.0328868,0,0.130127,0.991478,0.00621777,0,-0.0427125,0.728098,0.798642,1], "F_T_NE": [0.7071,-0.7071,0,0,0.7071,0.7071,0,0,0,0,1,0,0,0,0.1034,1], "NE_T_EE": [1,0,0,0,0,1,0,0,0,0,1,0,0,0,0,1], "F_T_EE": [0.7071,-0.7071,0,0,0.7071,0.7071,0,0,0,0,1,0,0,0,0.1034,1], "EE_T_K": [1,0,0,0,0,1,0,0,0,0,1,0,0,0,0,1], "m_ee": 0.73, "F_x_Cee": [-0.01,0,0.03], "I_ee": [0.001,0,0,0,0.0025,0,0,0,0.0017], "m_load": 0, "F_x_Cload": [0,0,0], "I_load": [0,0,0,0,0,0,0,0,0], "m_total": 0.73, "F_x_Ctotal": [-0.01,0,0.03], "I_total": [0.001,0,0,0,0.0025,0,0,0,0.0017], "elbow": [1.785,-1], "elbow_d": [1.78502,-1], "elbow_c": [1.78502,-1], "delbow_c": [0,0], "ddelbow_c": [0,0], "tau_J": [0.18763,-26.5435,19.206,12.0837,1.10913,-0.415054,0.163167], "tau_J_d": [0,0,0,0,0,0,0], "dtau_J": [56.2138,56.4087,42.7106,76.6357,10.3351,7.61428,-42.0169], "q": [0.600128,0.786718,1.785,-1.28408,-1.99785,2.40047,-1.27926], "dq": [-0.00101552,-0.000638723,-0.000858339,-0.000647125,-0.000183698,0.000102798,0.000865146], "q_d": [0.60012,0.786529,1.78502,-1.28419,-1.99786,2.40032,-1.27924], "dq_d": [0,0,0,0,0,0,0], "ddq_d": [0,0,0,0,0,0,0], "joint_contact": [0,0,0,0,0,0,0], "cartesian_contact": [0,0,0,0,0,0], "joint_collision": [0,0,0,0,0,0,0], "cartesian_collision": [0,0,0,0,0,0], "tau_ext_hat_filtered": [0.176377,-0.474412,0.205314,-0.582455,0.267321,-1.22891,0.212644], "O_F_ext_hat_K": [-1.81595,-4.17676,-1.00548,1.71033,-1.10628,0.143935], "K_F_ext_hat_K": [1.01941,1.22414,-4.38364,1.38815,0.890405,0.258927], "O_dP_EE_d": [0,0,0,0,0,0], "O_ddP_O": [0,0,-9.81], "O_T_EE_c": [-0.0317991,0.0104411,-0.99943,0,-0.990978,0.129855,0.0328868,0,0.130127,0.991478,0.00621777,0,-0.0427125,0.728098,0.798642,1], "O_dP_EE_c": [0,0,0,0,0,0], "O_ddP_EE_c": [0,0,0,0,0,0], "theta": [0.600141,0.784855,1.78634,-1.28323,-1.99773,2.40043,-1.27924], "dtheta": [0,0,0,0,0,0,0], "current_errors": [], "last_motion_errors": [], "control_command_success_rate": 0, "robot_mode": "User stopped", "time": 6033305}