{"O_T_EE": [-0.0105195,0.00963009,-0.999889,0,-0.997935,0.0631129,0.0111068,0,0.063214,0.99796,0.00894646,0,-0.0935101,0.723926,0.799467,1], "O_T_EE_d": [-0.0102747,0.00958152,-0.999892,0,-0.997943,0.0630263,0.0108587,0,0.0631248,0.997966,0.0089144,0,-0.0937071,0.723867,0.799449,1], "F_T_NE": [0.7071,-0.7071,0,0,0.7071,0.7071,0,0,0,0,1,0,0,0,0.1034,1], "NE_T_EE": [1,0,0,0,0,1,0,0,0,0,1,0,0,0,0,1], "F_T_EE": [0.7071,-0.7071,0,0,0.7071,0.7071,0,0,0,0,1,0,0,0,0.1034,1], "EE_T_K": [1,0,0,0,0,1,0,0,0,0,1,0,0,0,0,1], "m_ee": 0.73, "F_x_Cee": [-0.01,0,0.03], "I_ee": [0.001,0,0,0,0.0025,0,0,0,0.0017], "m_load": 0, "F_x_Cload": [0,0,0], "I_load": [0,0,0,0,0,0,0,0,0], "m_total": 0.73, "F_x_Ctotal": [-0.01,0,0.03], "I_total": [0.001,0,0,0,0.0025,0,0,0,0.0017], "elbow": [1.66384,-1], "elbow_d": [1.66386,-1], "elbow_c": [1.66386,-1], "delbow_c": [0,0], "ddelbow_c": [0,0], "tau_J": [0.18763,-24.9606,17.258,14.5395,1.43781,-0.504776,0.163167], "tau_J_d": [0,0,0,0,0,0,0], "dtau_J": [20.6355,-68.8483,-8.67976,0.588941,-7.51368,-27.2838,-40.0667], "q": [0.652776,0.671574,1.66384,-1.26673,-1.88244,2.49142,-1.25972], "dq": [-1.94022e-05,0.00100996,-0.00239584,0.00110464,1.54414e-05,0.00031246,0.000675613], "q_d": [0.652837,0.671367,1.66386,-1.26694,-1.88244,2.49129,-1.2597], "dq_d": [0,0,0,0,0,0,0], "ddq_d": [0,0,0,0,0,0,0], "joint_contact": [0,0,0,0,0,0,0], "cartesian_contact": [0,0,0,0,0,0], "joint_collision": [0,0,0,0,0,0,0], "cartesian_collision": [0,0,0,0,0,0], "tau_ext_hat_filtered": [0.237979,-0.615741,0.481743,-0.436141,0.384203,-1.23961,0.197931], "O_F_ext_hat_K": [-1.61426,-4.05493,0.016946,2.01583,-0.962261,0.223374], "K_F_ext_hat_K": [-0.0390129,1.35522,-4.14855,1.34044,1.24153,0.235912], "O_dP_EE_d": [0,0,0,0,0,0], "O_ddP_O": [0,0,-9.81], "O_T_EE_c": [-0.0102747,0.00958152,-0.999892,0,-0.997943,0.0630263,0.0108587,0,0.0631248,0.997966,0.0089144,0,-0.0937071,0.723867,0.799449,1], "O_dP_EE_c": [0,0,0,0,0,0], "O_ddP_EE_c": [0,0,0,0,0,0], "theta": [0.652789,0.669822,1.66505,-1.26571,-1.88228,2.49137,-1.2597], "dtheta": [0,0,0,0,0,0,0], "current_errors": [], "last_motion_errors": [], "control_command_success_rate": 0, "robot_mode": "User stopped", "time": 6094197}