{"O_T_EE": [-0.0267722,-0.00447168,-0.999622,0,-0.966068,0.257063,0.0247236,0,0.256861,0.966384,-0.0112023,0,0.0573579,0.723558,0.80002,1], "O_T_EE_d": [-0.0266153,-0.00446294,-0.999626,0,-0.966042,0.257177,0.024573,0,0.256976,0.966353,-0.0111564,0,0.0572897,0.723522,0.800075,1], "F_T_NE": [0.7071,-0.7071,0,0,0.7071,0.7071,0,0,0,0,1,0,0,0,0.1034,1], "NE_T_EE": [1,0,0,0,0,1,0,0,0,0,1,0,0,0,0,1], "F_T_EE": [0.7071,-0.7071,0,0,0.7071,0.7071,0,0,0,0,1,0,0,0,0.1034,1], "EE_T_K": [1,0,0,0,0,1,0,0,0,0,1,0,0,0,0,1], "m_ee": 0.73, "F_x_Cee": [-0.01,0,0.03], "I_ee": [0.001,0,0,0,0.0025,0,0,0,0.0017], "m_load": 0, "F_x_Cload": [0,0,0], "I_load": [0,0,0,0,0,0,0,0,0], "m_total": 0.73, "F_x_Ctotal": [-0.01,0,0.03], "I_total": [0.001,0,0,0,0.0025,0,0,0,0.0017], "elbow": [1.63981,-1], "elbow_d": [1.63983,-1], "elbow_c": [1.63983,-1], "delbow_c": [0,0], "ddelbow_c": [0,0], "tau_J": [0.0368734,-23.7902,16.3574,15.3805,1.32795,-0.465408,0.0514724], "tau_J_d": [0,0,0,0,0,0,0], "dtau_J": [81.4947,-87.8696,20.0754,87.5873,18.891,11.7816,-41.1818], "q": [0.420036,0.629981,1.63981,-1.27594,-1.79714,2.52067,-1.26832], "dq": [-0.00113254,0.000946732,-0.000556574,-0.000499893,4.36776e-05,2.70167e-05,0.000920663], "q_d": [0.420031,0.629775,1.63983,-1.27596,-1.79713,2.52051,-1.26831], "dq_d": [0,0,0,0,0,0,0], "ddq_d": [0,0,0,0,0,0,0], "joint_contact": [0,0,0,0,0,0,0], "cartesian_contact": [0,0,0,0,0,0], "joint_collision": [0,0,0,0,0,0,0], "cartesian_collision": [0,0,0,0,0,0], "tau_ext_hat_filtered": [0.0886185,-0.571414,0.327767,-0.426889,0.179274,-1.28768,0.0969724], "O_F_ext_hat_K": [-2.18003,-3.28269,-0.011539,1.53066,-1.33184,0.0742498], "K_F_ext_hat_K": [0.0845798,1.26194,-3.73217,1.34163,1.12357,0.133199], "O_dP_EE_d": [0,0,0,0,0,0], "O_ddP_O": [0,0,-9.81], "O_T_EE_c": [-0.0266153,-0.00446294,-0.999626,0,-0.966042,0.257177,0.024573,0,0.256976,0.966353,-0.0111564,0,0.0572897,0.723522,0.800075,1], "O_dP_EE_c": [0,0,0,0,0,0], "O_ddP_EE_c": [0,0,0,0,0,0], "theta": [0.420039,0.628312,1.64096,-1.27486,-1.79699,2.52062,-1.26831], "dtheta": [0,0,0,0,0,0,0], "current_errors": [], "last_motion_errors": [], "control_command_success_rate": 0, "robot_mode": "User stopped", "time": 6172458}