{"O_T_EE": [-0.0337231,0.0360117,-0.998773,0,-0.980764,0.191005,0.0400019,0,0.192215,0.980928,0.0288783,0,0.00822763,0.729182,0.795744,1], "O_T_EE_d": [-0.0337187,0.0359383,-0.998775,0,-0.980751,0.191072,0.0399854,0,0.192279,0.980917,0.0288043,0,0.00817619,0.729176,0.795737,1], "F_T_NE": [0.7071,-0.7071,0,0,0.7071,0.7071,0,0,0,0,1,0,0,0,0.1034,1], "NE_T_EE": [1,0,0,0,0,1,0,0,0,0,1,0,0,0,0,1], "F_T_EE": [0.7071,-0.7071,0,0,0.7071,0.7071,0,0,0,0,1,0,0,0,0.1034,1], "EE_T_K": [1,0,0,0,0,1,0,0,0,0,1,0,0,0,0,1], "m_ee": 0.73, "F_x_Cee": [-0.01,0,0.03], "I_ee": [0.001,0,0,0,0.0025,0,0,0,0.0017], "m_load": 0, "F_x_Cload": [0,0,0], "I_load": [0,0,0,0,0,0,0,0,0], "m_total": 0.73, "F_x_Ctotal": [-0.01,0,0.03], "I_total": [0.001,0,0,0,0.0025,0,0,0,0.0017], "elbow": [2.0991,-1], "elbow_d": [2.09909,-1], "elbow_c": [2.09909,-1], "delbow_c": [0,0], "ddelbow_c": [0,0], "tau_J": [-0.149589,-32.7999,22.5821,3.72863,0.596439,-0.3647,0.275777], "tau_J_d": [0,0,0,0,0,0,0], "dtau_J": [-139.946,24.7716,-118.18,81.9822,13.8465,4.37025,112.15], "q": [0.668507,1.14136,2.0991,-1.35093,-2.36999,2.16397,-1.42657], "dq": [0.00132522,-0.000534134,0.000265839,-0.000126102,0.000312186,-1.67695e-05,-0.00210997], "q_d": [0.668569,1.14131,2.09909,-1.35097,-2.37001,2.16378,-1.42652], "dq_d": [0,0,0,0,0,0,0], "ddq_d": [0,0,0,0,0,0,0], "joint_contact": [0,0,0,0,0,0,0], "cartesian_contact": [0,0,0,0,0,0], "joint_collision": [0,0,0,0,0,0,0], "cartesian_collision": [0,0,0,0,0,0], "tau_ext_hat_filtered": [-0.095036,-0.197164,0.440747,-0.531299,0.364789,-1.32819,0.210025], "O_F_ext_hat_K": [-1.29664,-6.29565,-1.7504,2.64215,-0.452238,-0.18969], "K_F_ext_hat_K": [1.56529,-0.000821054,-6.47536,1.1392,1.13476,0.313343], "O_dP_EE_d": [0,0,0,0,0,0], "O_ddP_O": [0,0,-9.81], "O_T_EE_c": [-0.0337187,0.0359383,-0.998775,0,-0.980751,0.191072,0.0399854,0,0.192279,0.980917,0.0288043,0,0.00817619,0.729176,0.795737,1], "O_dP_EE_c": [0,0,0,0,0,0], "O_ddP_EE_c": [0,0,0,0,0,0], "theta": [0.668496,1.13906,2.10068,-1.35067,-2.36993,2.16393,-1.42654], "dtheta": [0,0,0,0,0,0,0], "current_errors": [], "last_motion_errors": [], "control_command_success_rate": 0, "robot_mode": "User stopped", "time": 5931728}