{"O_T_EE": [-0.0134523,-0.0479589,-0.998749,0,-0.942946,0.332902,-0.00328492,0,0.33265,0.94174,-0.0497019,0,0.106606,0.718129,0.799257,1], "O_T_EE_d": [-0.013354,-0.0480645,-0.998745,0,-0.943011,0.332715,-0.00340308,0,0.332467,0.941801,-0.0497694,0,0.106396,0.718127,0.799238,1], "F_T_NE": [0.7071,-0.7071,0,0,0.7071,0.7071,0,0,0,0,1,0,0,0,0.1034,1], "NE_T_EE": [1,0,0,0,0,1,0,0,0,0,1,0,0,0,0,1], "F_T_EE": [0.7071,-0.7071,0,0,0.7071,0.7071,0,0,0,0,1,0,0,0,0.1034,1], "EE_T_K": [1,0,0,0,0,1,0,0,0,0,1,0,0,0,0,1], "m_ee": 0.73, "F_x_Cee": [-0.01,0,0.03], "I_ee": [0.001,0,0,0,0.0025,0,0,0,0.0017], "m_load": 0, "F_x_Cload": [0,0,0], "I_load": [0,0,0,0,0,0,0,0,0], "m_total": 0.73, "F_x_Ctotal": [-0.01,0,0.03], "I_total": [0.001,0,0,0,0.0025,0,0,0,0.0017], "elbow": [1.80481,-1], "elbow_d": [1.80492,-1], "elbow_c": [1.80492,-1], "delbow_c": [0,0], "ddelbow_c": [0,0], "tau_J": [0.227303,-26.3174,19.0949,12.048,0.980961,-0.274978,0.02126], "tau_J_d": [0,0,0,0,0,0,0], "dtau_J": [57.5577,38.0606,-43.6481,10.2372,-8.69042,13.1836,-3.79639], "q": [0.395244,0.783602,1.80481,-1.27935,-1.92368,2.3504,-1.3788], "dq": [0.000247868,-0.000283412,-0.000572257,-2.06585e-05,-5.09694e-06,0.000143601,-0.00011073], "q_d": [0.395351,0.783554,1.80492,-1.27955,-1.92368,2.35025,-1.3788], "dq_d": [0,0,0,0,0,0,0], "ddq_d": [0,0,0,0,0,0,0], "joint_contact": [0,0,0,0,0,0,0], "cartesian_contact": [0,0,0,0,0,0], "joint_collision": [0,0,0,0,0,0,0], "cartesian_collision": [0,0,0,0,0,0], "tau_ext_hat_filtered": [0.203241,-0.518765,0.304442,-0.417883,0.237478,-1.30046,0.0404961], "O_F_ext_hat_K": [-2.23766,-2.74068,0.345394,1.22127,-1.35887,0.152318], "K_F_ext_hat_K": [-0.183424,1.1965,-3.34253,1.155,1.30688,0.0920901], "O_dP_EE_d": [0,0,0,0,0,0], "O_ddP_O": [0,0,-9.81], "O_T_EE_c": [-0.013354,-0.0480645,-0.998745,0,-0.943011,0.332715,-0.00340308,0,0.332467,0.941801,-0.0497694,0,0.106396,0.718127,0.799238,1], "O_dP_EE_c": [0,0,0,0,0,0], "O_ddP_EE_c": [0,0,0,0,0,0], "theta": [0.395259,0.781755,1.80615,-1.27851,-1.92357,2.35037,-1.37879], "dtheta": [0,0,0,0,0,0,0], "current_errors": [], "last_motion_errors": [], "control_command_success_rate": 0, "robot_mode": "User stopped", "time": 6448429}