{"O_T_EE": [-0.0438525,-0.00450877,-0.999018,0,-0.819867,0.571561,0.033409,0,0.57086,0.820543,-0.0287615,0,0.29153,0.65866,0.79888,1], "O_T_EE_d": [-0.0438783,-0.00451116,-0.999017,0,-0.819974,0.571406,0.0334342,0,0.570704,0.820651,-0.0287719,0,0.291363,0.658707,0.798912,1], "F_T_NE": [0.7071,-0.7071,0,0,0.7071,0.7071,0,0,0,0,1,0,0,0,0.1034,1], "NE_T_EE": [1,0,0,0,0,1,0,0,0,0,1,0,0,0,0,1], "F_T_EE": [0.7071,-0.7071,0,0,0.7071,0.7071,0,0,0,0,1,0,0,0,0.1034,1], "EE_T_K": [1,0,0,0,0,1,0,0,0,0,1,0,0,0,0,1], "m_ee": 0.73, "F_x_Cee": [-0.01,0,0.03], "I_ee": [0.001,0,0,0,0.0025,0,0,0,0.0017], "m_load": 0, "F_x_Cload": [0,0,0], "I_load": [0,0,0,0,0,0,0,0,0], "m_total": 0.73, "F_x_Ctotal": [-0.01,0,0.03], "I_total": [0.001,0,0,0,0.0025,0,0,0,0.0017], "elbow": [-0.0353681,-1], "elbow_d": [-0.0352429,-1], "elbow_c": [-0.0352429,-1], "delbow_c": [0,0], "ddelbow_c": [0,0], "tau_J": [0.897774,-34.0099,1.01992,20.6332,2.151,0.0454564,0.153096], "tau_J_d": [0,0,0,0,0,0,0], "dtau_J": [55.3985,-69.272,-29.5456,12.587,44.1293,-18.0658,69.8141], "q": [1.13249,0.134567,-0.0353681,-1.35389,-0.879272,2.96689,-1.44236], "dq": [-1.96381e-05,0.000250388,0.000387329,0.000144415,-0.00114316,-4.11081e-05,-0.00282943], "q_d": [1.13264,0.134504,-0.0352429,-1.35389,-0.879272,2.96678,-1.44236], "dq_d": [0,0,0,0,0,0,0], "ddq_d": [0,0,0,0,0,0,0], "joint_contact": [0,0,0,0,0,0,0], "cartesian_contact": [0,0,0,0,0,0], "joint_collision": [0,0,0,0,0,0,0], "cartesian_collision": [0,0,0,0,0,0], "tau_ext_hat_filtered": [0.875927,-1.30268,0.874267,-0.373505,0.0987023,-1.06337,0.108475], "O_F_ext_hat_K": [-4.88182,-3.68879,0.423986,1.98395,-3.08357,0.94272], "K_F_ext_hat_K": [-0.192862,1.90828,-5.82584,1.24641,1.51566,0.096642], "O_dP_EE_d": [0,0,0,0,0,0], "O_ddP_O": [0,0,-9.81], "O_T_EE_c": [-0.0438783,-0.00451116,-0.999017,0,-0.819974,0.571406,0.0334342,0,0.570704,0.820651,-0.0287719,0,0.291363,0.658707,0.798912,1], "O_dP_EE_c": [0,0,0,0,0,0], "O_ddP_EE_c": [0,0,0,0,0,0], "theta": [1.13255,0.132181,-0.0352975,-1.35245,-0.879033,2.9669,-1.44234], "dtheta": [0,0,0,0,0,0,0], "current_errors": [], "last_motion_errors": [], "control_command_success_rate": 0, "robot_mode": "User stopped", "time": 6625863}