{"O_T_EE": [-0.0272833,-0.0155058,-0.999498,0,-0.78328,0.621542,0.0117389,0,0.62106,0.783222,-0.0291037,0,0.335293,0.636038,0.798705,1], "O_T_EE_d": [-0.0271986,-0.0153585,-0.999502,0,-0.783331,0.621478,0.0117663,0,0.621,0.783276,-0.0289347,0,0.335138,0.635986,0.798879,1], "F_T_NE": [0.7071,-0.7071,0,0,0.7071,0.7071,0,0,0,0,1,0,0,0,0.1034,1], "NE_T_EE": [1,0,0,0,0,1,0,0,0,0,1,0,0,0,0,1], "F_T_EE": [0.7071,-0.7071,0,0,0.7071,0.7071,0,0,0,0,1,0,0,0,0.1034,1], "EE_T_K": [1,0,0,0,0,1,0,0,0,0,1,0,0,0,0,1], "m_ee": 0.73, "F_x_Cee": [-0.01,0,0.03], "I_ee": [0.001,0,0,0,0.0025,0,0,0,0.0017], "m_load": 0, "F_x_Cload": [0,0,0], "I_load": [0,0,0,0,0,0,0,0,0], "m_total": 0.73, "F_x_Ctotal": [-0.01,0,0.03], "I_total": [0.001,0,0,0,0.0025,0,0,0,0.0017], "elbow": [-0.0606157,-1], "elbow_d": [-0.0605911,-1], "elbow_c": [-0.0605911,-1], "delbow_c": [0,0], "ddelbow_c": [0,0], "tau_J": [0.600228,-34.3472,0.607318,20.6729,2.01368,-0.0442653,-0.0501511], "tau_J_d": [0,0,0,0,0,0,0], "dtau_J": [43.5372,-38.8005,-6.79886,4.48206,-2.3315,-9.89788,-127.621], "q": [1.08555,0.12968,-0.0606157,-1.36356,-0.860418,2.97667,-1.47924], "dq": [-0.000610183,-0.000195802,-0.000274288,0.00169629,0.00491282,-0.000726333,0.00305418], "q_d": [1.08572,0.12941,-0.0605911,-1.36356,-0.860427,2.97652,-1.47926], "dq_d": [0,0,0,0,0,0,0], "ddq_d": [0,0,0,0,0,0,0], "joint_contact": [0,0,0,0,0,0,0], "cartesian_contact": [0,0,0,0,0,0], "joint_collision": [0,0,0,0,0,0,0], "cartesian_collision": [0,0,0,0,0,0], "tau_ext_hat_filtered": [0.581789,-1.77693,0.564361,-0.347366,-0.0261774,-1.18448,0.0411787], "O_F_ext_hat_K": [-5.88135,-4.97592,-0.157931,2.72308,-3.74651,0.642769], "K_F_ext_hat_K": [0.395479,1.51217,-7.54533,1.44636,1.44265,0.030249], "O_dP_EE_d": [0,0,0,0,0,0], "O_ddP_O": [0,0,-9.81], "O_T_EE_c": [-0.0271986,-0.0153585,-0.999502,0,-0.783331,0.621478,0.0117663,0,0.621,0.783276,-0.0289347,0,0.335138,0.635986,0.798879,1], "O_dP_EE_c": [0,0,0,0,0,0], "O_ddP_EE_c": [0,0,0,0,0,0], "theta": [1.08559,0.127269,-0.0605731,-1.36211,-0.860194,2.97667,-1.47925], "dtheta": [0,0,0,0,0,0,0], "current_errors": [], "last_motion_errors": [], "control_command_success_rate": 0, "robot_mode": "User stopped", "time": 6599290}