{"O_T_EE": [-0.00436032,0.0592392,-0.998225,0,-0.921494,0.387427,0.0270168,0,0.388347,0.919994,0.0529003,0,0.157033,0.708159,0.796227,1], "O_T_EE_d": [-0.00428275,0.0592258,-0.998226,0,-0.921593,0.387199,0.0269269,0,0.388114,0.92009,0.0529248,0,0.15678,0.708167,0.796242,1], "F_T_NE": [0.7071,-0.7071,0,0,0.7071,0.7071,0,0,0,0,1,0,0,0,0.1034,1], "NE_T_EE": [1,0,0,0,0,1,0,0,0,0,1,0,0,0,0,1], "F_T_EE": [0.7071,-0.7071,0,0,0.7071,0.7071,0,0,0,0,1,0,0,0,0.1034,1], "EE_T_K": [1,0,0,0,0,1,0,0,0,0,1,0,0,0,0,1], "m_ee": 0.73, "F_x_Cee": [-0.01,0,0.03], "I_ee": [0.001,0,0,0,0.0025,0,0,0,0.0017], "m_load": 0, "F_x_Cload": [0,0,0], "I_load": [0,0,0,0,0,0,0,0,0], "m_total": 0.73, "F_x_Ctotal": [-0.01,0,0.03], "I_total": [0.001,0,0,0,0.0025,0,0,0,0.0017], "elbow": [2.1095,-1], "elbow_d": [2.10952,-1], "elbow_c": [2.10952,-1], "delbow_c": [0,0], "ddelbow_c": [0,0], "tau_J": [0.449471,-33.03,23.1058,3.45886,0.524113,-0.194412,0.184224], "tau_J_d": [0,0,0,0,0,0,0], "dtau_J": [51.0616,68.465,-18.5608,-14.4099,7.93492,27.9135,-42.8644], "q": [0.449604,1.15625,2.1095,-1.37697,-2.4025,2.17048,-1.42306], "dq": [-0.000243634,-0.000258711,-0.000575189,0.000349278,-0.000197716,-0.000319307,0.00227981], "q_d": [0.449797,1.15618,2.10952,-1.37716,-2.40251,2.17035,-1.42301], "dq_d": [0,0,0,0,0,0,0], "ddq_d": [0,0,0,0,0,0,0], "joint_contact": [0,0,0,0,0,0,0], "cartesian_contact": [0,0,0,0,0,0], "joint_collision": [0,0,0,0,0,0,0], "cartesian_collision": [0,0,0,0,0,0], "tau_ext_hat_filtered": [0.451987,-0.577142,0.654588,-0.720744,0.276192,-1.1013,0.226312], "O_F_ext_hat_K": [-3.08999,-4.55181,-0.839721,2.19984,-1.53554,0.343988], "K_F_ext_hat_K": [0.582069,1.06125,-5.43205,1.17803,1.04127,0.3475], "O_dP_EE_d": [0,0,0,0,0,0], "O_ddP_O": [0,0,-9.81], "O_T_EE_c": [-0.00428275,0.0592258,-0.998226,0,-0.921593,0.387199,0.0269269,0,0.388114,0.92009,0.0529248,0,0.15678,0.708167,0.796242,1], "O_dP_EE_c": [0,0,0,0,0,0], "O_ddP_EE_c": [0,0,0,0,0,0], "theta": [0.449635,1.15393,2.11112,-1.37673,-2.40244,2.17045,-1.42304], "dtheta": [0,0,0,0,0,0,0], "current_errors": [], "last_motion_errors": [], "control_command_success_rate": 0, "robot_mode": "User stopped", "time": 6351366}