{"O_T_EE": [-0.0156758,-0.00742032,-0.99984,0,-0.859215,0.511504,0.00967495,0,0.51136,0.859246,-0.0143942,0,0.244854,0.678929,0.798606,1], "O_T_EE_d": [-0.0157331,-0.00755399,-0.999838,0,-0.859222,0.511493,0.00965601,0,0.511347,0.859251,-0.0145382,0,0.244773,0.678973,0.798571,1], "F_T_NE": [0.7071,-0.7071,0,0,0.7071,0.7071,0,0,0,0,1,0,0,0,0.1034,1], "NE_T_EE": [1,0,0,0,0,1,0,0,0,0,1,0,0,0,0,1], "F_T_EE": [0.7071,-0.7071,0,0,0.7071,0.7071,0,0,0,0,1,0,0,0,0.1034,1], "EE_T_K": [1,0,0,0,0,1,0,0,0,0,1,0,0,0,0,1], "m_ee": 0.73, "F_x_Cee": [-0.01,0,0.03], "I_ee": [0.001,0,0,0,0.0025,0,0,0,0.0017], "m_load": 0, "F_x_Cload": [0,0,0], "I_load": [0,0,0,0,0,0,0,0,0], "m_total": 0.73, "F_x_Ctotal": [-0.01,0,0.03], "I_total": [0.001,0,0,0,0.0025,0,0,0,0.0017], "elbow": [-0.0308976,-1], "elbow_d": [-0.0307849,-1], "elbow_c": [-0.0307849,-1], "delbow_c": [0,0], "ddelbow_c": [0,0], "tau_J": [-0.447135,-32.6888,-0.217877,20.3278,2.0503,-0.465408,0.0111892], "tau_J_d": [0,0,0,0,0,0,0], "dtau_J": [0.50528,-127.088,-125.235,48.119,26.0936,-13.8764,-99.4459], "q": [1.19412,0.141368,-0.0308976,-1.34586,-0.92287,2.97894,-1.42379], "dq": [0.000190656,0.00140765,0.00138958,-0.000403908,-0.000529176,0.000262734,0.00157661], "q_d": [1.1942,0.141372,-0.0307849,-1.34586,-0.92288,2.97872,-1.42381], "dq_d": [0,0,0,0,0,0,0], "ddq_d": [0,0,0,0,0,0,0], "joint_contact": [0,0,0,0,0,0,0], "cartesian_contact": [0,0,0,0,0,0], "joint_collision": [0,0,0,0,0,0,0], "cartesian_collision": [0,0,0,0,0,0], "tau_ext_hat_filtered": [-0.444344,0.254813,-0.346818,-0.703786,-0.0398234,-1.48561,0.0671372], "O_F_ext_hat_K": [-2.05655,-0.767547,0.0851118,-0.188815,-1.11704,-0.362544], "K_F_ext_hat_K": [-0.0471655,1.37527,-1.71238,1.58006,1.00272,0.0523587], "O_dP_EE_d": [0,0,0,0,0,0], "O_ddP_O": [0,0,-9.81], "O_T_EE_c": [-0.0157331,-0.00755399,-0.999838,0,-0.859222,0.511493,0.00965601,0,0.511347,0.859251,-0.0145382,0,0.244773,0.678973,0.798571,1], "O_dP_EE_c": [0,0,0,0,0,0], "O_ddP_EE_c": [0,0,0,0,0,0], "theta": [1.19409,0.139075,-0.0309129,-1.34443,-0.922642,2.97889,-1.42379], "dtheta": [0,0,0,0,0,0,0], "current_errors": [], "last_motion_errors": [], "control_command_success_rate": 0, "robot_mode": "User stopped", "time": 6690973}