{"O_T_EE": [-0.0367647,0.00750815,-0.999286,0,-0.73238,0.680127,0.0320551,0,0.679895,0.73305,-0.0195062,0,0.378533,0.609603,0.798992,1], "O_T_EE_d": [-0.0368463,0.00737211,-0.999284,0,-0.732398,0.68011,0.0320229,0,0.679872,0.733067,-0.0196606,0,0.378465,0.60967,0.798944,1], "F_T_NE": [0.7071,-0.7071,0,0,0.7071,0.7071,0,0,0,0,1,0,0,0,0.1034,1], "NE_T_EE": [1,0,0,0,0,1,0,0,0,0,1,0,0,0,0,1], "F_T_EE": [0.7071,-0.7071,0,0,0.7071,0.7071,0,0,0,0,1,0,0,0,0.1034,1], "EE_T_K": [1,0,0,0,0,1,0,0,0,0,1,0,0,0,0,1], "m_ee": 0.73, "F_x_Cee": [-0.01,0,0.03], "I_ee": [0.001,0,0,0,0.0025,0,0,0,0.0017], "m_load": 0, "F_x_Cload": [0,0,0], "I_load": [0,0,0,0,0,0,0,0,0], "m_total": 0.73, "F_x_Ctotal": [-0.01,0,0.03], "I_total": [0.001,0,0,0,0.0025,0,0,0,0.0017], "elbow": [-0.047056,-1], "elbow_d": [-0.0469811,-1], "elbow_c": [-0.0469811,-1], "delbow_c": [0,0], "ddelbow_c": [0,0], "tau_J": [-0.0345378,-32.6492,0.234394,20.4031,2.33411,-0.264907,0.02126], "tau_J_d": [0,0,0,0,0,0,0], "dtau_J": [-200.432,8.27907,-13.2432,-21.0472,-7.46436,2.29411,-112.178], "q": [1.00032,0.125805,-0.047056,-1.36411,-0.913448,2.97647,-1.4088], "dq": [0.000741756,0.000252133,0.000681631,0.000400859,-1.30438e-05,0.000126925,0.0028141], "q_d": [1.00043,0.12582,-0.0469811,-1.36413,-0.91346,2.97627,-1.40882], "dq_d": [0,0,0,0,0,0,0], "ddq_d": [0,0,0,0,0,0,0], "joint_contact": [0,0,0,0,0,0,0], "cartesian_contact": [0,0,0,0,0,0], "joint_collision": [0,0,0,0,0,0,0], "cartesian_collision": [0,0,0,0,0,0], "tau_ext_hat_filtered": [-0.0238642,-0.171367,0.119332,-0.659969,0.255611,-1.30867,0.0887235], "O_F_ext_hat_K": [-2.14379,-1.14676,1.4894,0.452206,-0.921893,0.0523425], "K_F_ext_hat_K": [-1.41816,0.837888,-2.32724,0.880469,1.89993,0.0763077], "O_dP_EE_d": [0,0,0,0,0,0], "O_ddP_O": [0,0,-9.81], "O_T_EE_c": [-0.0368463,0.00737211,-0.999284,0,-0.732398,0.68011,0.0320229,0,0.679872,0.733067,-0.0196606,0,0.378465,0.60967,0.798944,1], "O_dP_EE_c": [0,0,0,0,0,0], "O_ddP_EE_c": [0,0,0,0,0,0], "theta": [1.00032,0.123514,-0.0470389,-1.36268,-0.913188,2.97644,-1.4088], "dtheta": [0,0,0,0,0,0,0], "current_errors": [], "last_motion_errors": [], "control_command_success_rate": 0, "robot_mode": "User stopped", "time": 6771483}