{"O_T_EE": [0.010504,0.0309771,-0.999455,0,-0.683185,0.730069,0.0154477,0,0.730164,0.682663,0.0288322,0,0.418902,0.581517,0.798989,1], "O_T_EE_d": [0.0104142,0.0309131,-0.999458,0,-0.683184,0.730069,0.0154622,0,0.730166,0.682666,0.028723,0,0.41883,0.58158,0.798968,1], "F_T_NE": [0.7071,-0.7071,0,0,0.7071,0.7071,0,0,0,0,1,0,0,0,0.1034,1], "NE_T_EE": [1,0,0,0,0,1,0,0,0,0,1,0,0,0,0,1], "F_T_EE": [0.7071,-0.7071,0,0,0.7071,0.7071,0,0,0,0,1,0,0,0,0.1034,1], "EE_T_K": [1,0,0,0,0,1,0,0,0,0,1,0,0,0,0,1], "m_ee": 0.73, "F_x_Cee": [-0.01,0,0.03], "I_ee": [0.001,0,0,0,0.0025,0,0,0,0.0017], "m_load": 0, "F_x_Cload": [0,0,0], "I_load": [0,0,0,0,0,0,0,0,0], "m_total": 0.73, "F_x_Ctotal": [-0.01,0,0.03], "I_total": [0.001,0,0,0,0.0025,0,0,0,0.0017], "elbow": [-0.114061,-1], "elbow_d": [-0.113954,-1], "elbow_c": [-0.113954,-1], "delbow_c": [0,0], "ddelbow_c": [0,0], "tau_J": [0.0368734,-32.5738,0.043964,20.2881,2.33411,-0.664993,0.194295], "tau_J_d": [0,0,0,0,0,0,0], "dtau_J": [-155.161,49.7904,41.4084,59.8022,-18.4209,0.961604,136.885], "q": [0.975386,0.129792,-0.114061,-1.35399,-1.07341,3.01538,-1.25907], "dq": [0.00175662,-0.00108734,-0.00039543,-0.000354275,0.000177481,8.33916e-05,-0.00266744], "q_d": [0.975486,0.129783,-0.113954,-1.354,-1.07342,3.01515,-1.25907], "dq_d": [0,0,0,0,0,0,0], "ddq_d": [0,0,0,0,0,0,0], "joint_contact": [0,0,0,0,0,0,0], "cartesian_contact": [0,0,0,0,0,0], "joint_collision": [0,0,0,0,0,0,0], "cartesian_collision": [0,0,0,0,0,0], "tau_ext_hat_filtered": [0.0570458,-0.172151,0.0697363,-0.636561,0.125996,-1.36329,0.124911], "O_F_ext_hat_K": [0,0,0,0,0,0], "K_F_ext_hat_K": [0,0,0,0,0,0], "O_dP_EE_d": [0,0,0,0,0,0], "O_ddP_O": [0,0,-9.81], "O_T_EE_c": [0.0104142,0.0309131,-0.999458,0,-0.683184,0.730069,0.0154622,0,0.730166,0.682666,0.028723,0,0.41883,0.58158,0.798968,1], "O_dP_EE_c": [0,0,0,0,0,0], "O_ddP_EE_c": [0,0,0,0,0,0], "theta": [0.975388,0.127506,-0.114058,-1.35257,-1.07315,3.0153,-1.25905], "dtheta": [0,0,0,0,0,0,0], "current_errors": [], "last_motion_errors": [], "control_command_success_rate": 0, "robot_mode": "User stopped", "time": 6884629}