{"O_T_EE": [0.0245517,0.0379906,-0.998967,0,-0.482305,0.87573,0.0214503,0,0.875656,0.48129,0.0398245,0,0.557165,0.442692,0.801482,1], "O_T_EE_d": [0.0246556,0.0377192,-0.998975,0,-0.482366,0.875703,0.0211595,0,0.87562,0.481359,0.0397862,0,0.557,0.442864,0.801457,1], "F_T_NE": [0.7071,-0.7071,0,0,0.7071,0.7071,0,0,0,0,1,0,0,0,0.1034,1], "NE_T_EE": [1,0,0,0,0,1,0,0,0,0,1,0,0,0,0,1], "F_T_EE": [0.7071,-0.7071,0,0,0.7071,0.7071,0,0,0,0,1,0,0,0,0.1034,1], "EE_T_K": [1,0,0,0,0,1,0,0,0,0,1,0,0,0,0,1], "m_ee": 0.73, "F_x_Cee": [-0.01,0,0.03], "I_ee": [0.001,0,0,0,0.0025,0,0,0,0.0017], "m_load": 0, "F_x_Cload": [0,0,0], "I_load": [0,0,0,0,0,0,0,0,0], "m_total": 0.73, "F_x_Ctotal": [-0.01,0,0.03], "I_total": [0.001,0,0,0,0.0025,0,0,0,0.0017], "elbow": [1.66379,-1], "elbow_d": [1.66379,-1], "elbow_c": [1.66379,-1], "delbow_c": [0,0], "ddelbow_c": [0,0], "tau_J": [0.374093,-20.5886,15.568,15.9558,1.52021,-0.775772,0.153096], "tau_J_d": [0,0,0,0,0,0,0], "dtau_J": [48.5685,-97.7059,30.4531,-29.7524,-0.544835,-53.1254,-96.2447], "q": [-0.499602,0.584306,1.66379,-1.34226,-1.84308,2.59192,-1.16731], "dq": [0.000209153,0.000269295,-0.000427255,-0.000457884,1.30763e-05,0.000632005,0.00110187], "q_d": [-0.499464,0.584063,1.66379,-1.34243,-1.8431,2.59174,-1.1673], "dq_d": [0,0,0,0,0,0,0], "ddq_d": [0,0,0,0,0,0,0], "joint_contact": [0,0,0,0,0,0,0], "cartesian_contact": [0,0,0,0,0,0], "joint_collision": [0,0,0,0,0,0,0], "cartesian_collision": [0,0,0,0,0,0], "tau_ext_hat_filtered": [0.390132,-0.584085,0.255884,-0.767182,0.223291,-1.32556,0.215593], "O_F_ext_hat_K": [-3.90581,0.485337,-0.700804,-0.855904,-1.77235,0.368604], "K_F_ext_hat_K": [0.622635,2.29383,-3.21447,1.66213,0.887931,0.263566], "O_dP_EE_d": [0,0,0,0,0,0], "O_ddP_O": [0,0,-9.81], "O_T_EE_c": [0.0246556,0.0377192,-0.998975,0,-0.482366,0.875703,0.0211595,0,0.87562,0.481359,0.0397862,0,0.557,0.442864,0.801457,1], "O_dP_EE_c": [0,0,0,0,0,0], "O_ddP_EE_c": [0,0,0,0,0,0], "theta": [-0.499576,0.582862,1.66488,-1.34114,-1.84291,2.59184,-1.1673], "dtheta": [0,0,0,0,0,0,0], "current_errors": [], "last_motion_errors": [], "control_command_success_rate": 0, "robot_mode": "User stopped", "time": 7305815}