{"O_T_EE": [-0.000516071,0.0410051,-0.999149,0,-0.536496,0.84317,0.0348808,0,0.8439,0.536068,0.0215643,0,0.526275,0.481281,0.801258,1], "O_T_EE_d": [-0.000499388,0.0408808,-0.999154,0,-0.536626,0.843092,0.0347636,0,0.843817,0.5362,0.0215171,0,0.526117,0.481418,0.801247,1], "F_T_NE": [0.7071,-0.7071,0,0,0.7071,0.7071,0,0,0,0,1,0,0,0,0.1034,1], "NE_T_EE": [1,0,0,0,0,1,0,0,0,0,1,0,0,0,0,1], "F_T_EE": [0.7071,-0.7071,0,0,0.7071,0.7071,0,0,0,0,1,0,0,0,0.1034,1], "EE_T_K": [1,0,0,0,0,1,0,0,0,0,1,0,0,0,0,1], "m_ee": 0.73, "F_x_Cee": [-0.01,0,0.03], "I_ee": [0.001,0,0,0,0.0025,0,0,0,0.0017], "m_load": 0, "F_x_Cload": [0,0,0], "I_load": [0,0,0,0,0,0,0,0,0], "m_total": 0.73, "F_x_Ctotal": [-0.01,0,0.03], "I_total": [0.001,0,0,0,0.0025,0,0,0,0.0017], "elbow": [1.71891,-1], "elbow_d": [1.71899,-1], "elbow_c": [1.71899,-1], "delbow_c": [0,0], "ddelbow_c": [0,0], "tau_J": [0.263009,-21.6439,16.6193,14.9203,1.19153,-0.575271,0.184224], "tau_J_d": [0,0,0,0,0,0,0], "dtau_J": [-15.9647,-31.0139,-181.693,30.369,-15.1029,-51.211,122.25], "q": [-0.4073,0.646418,1.71891,-1.3395,-1.87537,2.52296,-1.20003], "dq": [0.000581145,-0.000282118,0.00106176,-0.000136163,0.000441328,0.000389393,-0.00226343], "q_d": [-0.407161,0.646313,1.71899,-1.33964,-1.87536,2.52282,-1.20002], "dq_d": [0,0,0,0,0,0,0], "ddq_d": [0,0,0,0,0,0,0], "joint_contact": [0,0,0,0,0,0,0], "cartesian_contact": [0,0,0,0,0,0], "joint_collision": [0,0,0,0,0,0,0], "cartesian_collision": [0,0,0,0,0,0], "tau_ext_hat_filtered": [0.25945,-0.338581,0.0343452,-0.744037,0.0653598,-1.22716,0.128697], "O_F_ext_hat_K": [-3.27675,0.044593,-1.01421,-0.721131,-1.37137,0.217322], "K_F_ext_hat_K": [1.01689,1.76022,-2.76321,1.41167,0.664984,0.18987], "O_dP_EE_d": [0,0,0,0,0,0], "O_ddP_O": [0,0,-9.81], "O_T_EE_c": [-0.000499388,0.0408808,-0.999154,0,-0.536626,0.843092,0.0347636,0,0.843817,0.5362,0.0215171,0,0.526117,0.481418,0.801247,1], "O_dP_EE_c": [0,0,0,0,0,0], "O_ddP_EE_c": [0,0,0,0,0,0], "theta": [-0.407282,0.644898,1.72008,-1.33846,-1.87523,2.5229,-1.20001], "dtheta": [0,0,0,0,0,0,0], "current_errors": [], "last_motion_errors": [], "control_command_success_rate": 0, "robot_mode": "User stopped", "time": 7247282}