{"O_T_EE": [-0.00245225,0.026652,-0.999632,0,-0.590661,0.806581,0.0229539,0,0.806912,0.590512,0.0137646,0,0.491549,0.517497,0.800488,1], "O_T_EE_d": [-0.00225654,0.0264212,-0.999639,0,-0.590692,0.806567,0.0226516,0,0.80689,0.590541,0.013787,0,0.491318,0.517631,0.800526,1], "F_T_NE": [0.7071,-0.7071,0,0,0.7071,0.7071,0,0,0,0,1,0,0,0,0.1034,1], "NE_T_EE": [1,0,0,0,0,1,0,0,0,0,1,0,0,0,0,1], "F_T_EE": [0.7071,-0.7071,0,0,0.7071,0.7071,0,0,0,0,1,0,0,0,0.1034,1], "EE_T_K": [1,0,0,0,0,1,0,0,0,0,1,0,0,0,0,1], "m_ee": 0.73, "F_x_Cee": [-0.01,0,0.03], "I_ee": [0.001,0,0,0,0.0025,0,0,0,0.0017], "m_load": 0, "F_x_Cload": [0,0,0], "I_load": [0,0,0,0,0,0,0,0,0], "m_total": 0.73, "F_x_Ctotal": [-0.01,0,0.03], "I_total": [0.001,0,0,0,0.0025,0,0,0,0.0017], "elbow": [1.77181,-1], "elbow_d": [1.7719,-1], "elbow_c": [1.7719,-1], "delbow_c": [0,0], "ddelbow_c": [0,0], "tau_J": [-0.522514,-22.5484,17.7063,14.3094,1.12745,-0.835281,0.0926712], "tau_J_d": [0,0,0,0,0,0,0], "dtau_J": [36.9096,-55.2035,167.836,63.9058,3.85791,-32.7297,-103.51], "q": [-0.318911,0.705098,1.77181,-1.34399,-1.92522,2.46484,-1.23783], "dq": [0.000368163,0.00070309,-0.00158154,-0.000246015,0.000464771,0.000637491,0.00207497], "q_d": [-0.318793,0.704811,1.7719,-1.34415,-1.92524,2.46456,-1.23782], "dq_d": [0,0,0,0,0,0,0], "ddq_d": [0,0,0,0,0,0,0], "joint_contact": [0,0,0,0,0,0,0], "cartesian_contact": [0,0,0,0,0,0], "joint_collision": [0,0,0,0,0,0,0], "cartesian_collision": [0,0,0,0,0,0], "tau_ext_hat_filtered": [-0.542714,-0.175411,-0.0870498,-0.270289,0.135493,-1.54413,0.151028], "O_F_ext_hat_K": [-4.13158,-2.46457,-1.21486,0.990011,-1.82204,-0.59739], "K_F_ext_hat_K": [1.15888,0.424615,-4.8059,1.54801,0.890458,0.21767], "O_dP_EE_d": [0,0,0,0,0,0], "O_ddP_O": [0,0,-9.81], "O_T_EE_c": [-0.00225654,0.0264212,-0.999639,0,-0.590692,0.806567,0.0226516,0,0.80689,0.590541,0.013787,0,0.491318,0.517631,0.800526,1], "O_dP_EE_c": [0,0,0,0,0,0], "O_ddP_EE_c": [0,0,0,0,0,0], "theta": [-0.318947,0.703516,1.77305,-1.34299,-1.92509,2.46475,-1.23782], "dtheta": [0,0,0,0,0,0,0], "current_errors": [], "last_motion_errors": [], "control_command_success_rate": 0, "robot_mode": "User stopped", "time": 7211801}