{"O_T_EE": [0.0289675,0.028261,-0.999171,0,-0.407083,0.913273,0.0140295,0,0.91293,0.406347,0.0379605,0,0.587269,0.401621,0.799902,1], "O_T_EE_d": [0.0291607,0.0279664,-0.999174,0,-0.407093,0.913274,0.0136812,0,0.912919,0.406366,0.0380173,0,0.587075,0.401777,0.799944,1], "F_T_NE": [0.7071,-0.7071,0,0,0.7071,0.7071,0,0,0,0,1,0,0,0,0.1034,1], "NE_T_EE": [1,0,0,0,0,1,0,0,0,0,1,0,0,0,0,1], "F_T_EE": [0.7071,-0.7071,0,0,0.7071,0.7071,0,0,0,0,1,0,0,0,0.1034,1], "EE_T_K": [1,0,0,0,0,1,0,0,0,0,1,0,0,0,0,1], "m_ee": 0.73, "F_x_Cee": [-0.01,0,0.03], "I_ee": [0.001,0,0,0,0.0025,0,0,0,0.0017], "m_load": 0, "F_x_Cload": [0,0,0], "I_load": [0,0,0,0,0,0,0,0,0], "m_total": 0.73, "F_x_Ctotal": [-0.01,0,0.03], "I_total": [0.001,0,0,0,0.0025,0,0,0,0.0017], "elbow": [1.85768,-1], "elbow_d": [1.85777,-1], "elbow_c": [1.85777,-1], "delbow_c": [0,0], "ddelbow_c": [0,0], "tau_J": [0.0011678,-24.056,19.5828,12.4686,1.0542,-0.675064,0.0816849], "tau_J_d": [0,0,0,0,0,0,0], "dtau_J": [5.61146,-71.1408,-14.0881,49.4544,-1.93784,-42.2731,-134.872], "q": [-0.516507,0.80015,1.85768,-1.37355,-2.05383,2.40067,-1.24488], "dq": [4.44591e-05,0.00129725,0.00340262,-0.00251662,-0.00223606,0.000719802,0.00272762], "q_d": [-0.516457,0.799853,1.85777,-1.37375,-2.05387,2.40041,-1.24489], "dq_d": [0,0,0,0,0,0,0], "ddq_d": [0,0,0,0,0,0,0], "joint_contact": [0,0,0,0,0,0,0], "cartesian_contact": [0,0,0,0,0,0], "joint_collision": [0,0,0,0,0,0,0], "cartesian_collision": [0,0,0,0,0,0], "tau_ext_hat_filtered": [-0.0875308,-0.126979,0.0318741,-0.399048,0.239487,-1.33922,0.158025], "O_F_ext_hat_K": [-3.82513,-0.621812,-0.908343,0.0238122,-1.54764,-0.162539], "K_F_ext_hat_K": [0.779227,0.976537,-3.77923,1.35704,0.919303,0.24775], "O_dP_EE_d": [0,0,0,0,0,0], "O_ddP_O": [0,0,-9.81], "O_T_EE_c": [0.0291607,0.0279664,-0.999174,0,-0.407093,0.913274,0.0136812,0,0.912919,0.406366,0.0380173,0,0.587075,0.401777,0.799944,1], "O_dP_EE_c": [0,0,0,0,0,0], "O_ddP_EE_c": [0,0,0,0,0,0], "theta": [-0.516507,0.798463,1.85906,-1.37268,-2.05371,2.40059,-1.24487], "dtheta": [0,0,0,0,0,0,0], "current_errors": [], "last_motion_errors": [], "control_command_success_rate": 0, "robot_mode": "User stopped", "time": 7499669}