{"O_T_EE": [0.0459237,0.0509862,-0.997633,0,-0.149343,0.987814,0.0436097,0,0.987718,0.14699,0.0529795,0,0.671822,0.22005,0.800371,1], "O_T_EE_d": [0.04615,0.0508703,-0.997629,0,-0.14933,0.987822,0.0434623,0,0.98771,0.146973,0.0531855,0,0.671681,0.220178,0.800524,1], "F_T_NE": [0.7071,-0.7071,0,0,0.7071,0.7071,0,0,0,0,1,0,0,0,0.1034,1], "NE_T_EE": [1,0,0,0,0,1,0,0,0,0,1,0,0,0,0,1], "F_T_EE": [0.7071,-0.7071,0,0,0.7071,0.7071,0,0,0,0,1,0,0,0,0.1034,1], "EE_T_K": [1,0,0,0,0,1,0,0,0,0,1,0,0,0,0,1], "m_ee": 0.73, "F_x_Cee": [-0.01,0,0.03], "I_ee": [0.001,0,0,0,0.0025,0,0,0,0.0017], "m_load": 0, "F_x_Cload": [0,0,0], "I_load": [0,0,0,0,0,0,0,0,0], "m_total": 0.73, "F_x_Ctotal": [-0.01,0,0.03], "I_total": [0.001,0,0,0,0.0025,0,0,0,0.0017], "elbow": [1.76047,-1], "elbow_d": [1.76066,-1], "elbow_c": [1.76066,-1], "delbow_c": [0,0], "ddelbow_c": [0,0], "tau_J": [-0.41143,-20.664,16.8811,15.1504,1.28308,-0.885635,0.184224], "tau_J_d": [0,0,0,0,0,0,0], "dtau_J": [-43.6989,21.4239,60.1151,-104.276,-2.3173,4.62543,126.989], "q": [-0.86979,0.664874,1.76047,-1.37709,-1.9486,2.53005,-1.13982], "dq": [-0.000216975,0.000152051,0.000596214,0.000664118,0.000575876,-6.55259e-05,-0.00311442], "q_d": [-0.869792,0.664585,1.76066,-1.37707,-1.94861,2.52988,-1.13979], "dq_d": [0,0,0,0,0,0,0], "ddq_d": [0,0,0,0,0,0,0], "joint_contact": [0,0,0,0,0,0,0], "cartesian_contact": [0,0,0,0,0,0], "joint_collision": [0,0,0,0,0,0,0], "cartesian_collision": [0,0,0,0,0,0], "tau_ext_hat_filtered": [-0.407615,-0.161114,-0.169979,-0.327307,0.154412,-1.40809,0.145661], "O_F_ext_hat_K": [-3.93596,0.282621,-1.12729,-0.300346,-1.57951,-0.453692], "K_F_ext_hat_K": [0.958293,0.817839,-3.9058,1.55557,0.711613,0.211356], "O_dP_EE_d": [0,0,0,0,0,0], "O_ddP_O": [0,0,-9.81], "O_T_EE_c": [0.04615,0.0508703,-0.997629,0,-0.14933,0.987822,0.0434623,0,0.98771,0.146973,0.0531855,0,0.671681,0.220178,0.800524,1], "O_dP_EE_c": [0,0,0,0,0,0], "O_ddP_EE_c": [0,0,0,0,0,0], "theta": [-0.869818,0.663424,1.76165,-1.37603,-1.94846,2.52995,-1.1398], "dtheta": [0,0,0,0,0,0,0], "current_errors": [], "last_motion_errors": [], "control_command_success_rate": 0, "robot_mode": "User stopped", "time": 7609469}