{"O_T_EE": [0.0392285,0.0342339,-0.998634,0,-0.213928,0.976518,0.0250722,0,0.976061,0.212656,0.0456318,0,0.655,0.267819,0.800014,1], "O_T_EE_d": [0.0394194,0.0339392,-0.998637,0,-0.214012,0.976508,0.0247394,0,0.976035,0.212749,0.0457577,0,0.654805,0.268024,0.800093,1], "F_T_NE": [0.7071,-0.7071,0,0,0.7071,0.7071,0,0,0,0,1,0,0,0,0.1034,1], "NE_T_EE": [1,0,0,0,0,1,0,0,0,0,1,0,0,0,0,1], "F_T_EE": [0.7071,-0.7071,0,0,0.7071,0.7071,0,0,0,0,1,0,0,0,0.1034,1], "EE_T_K": [1,0,0,0,0,1,0,0,0,0,1,0,0,0,0,1], "m_ee": 0.73, "F_x_Cee": [-0.01,0,0.03], "I_ee": [0.001,0,0,0,0.0025,0,0,0,0.0017], "m_load": 0, "F_x_Cload": [0,0,0], "I_load": [0,0,0,0,0,0,0,0,0], "m_total": 0.73, "F_x_Ctotal": [-0.01,0,0.03], "I_total": [0.001,0,0,0,0.0025,0,0,0,0.0017], "elbow": [1.80919,-1], "elbow_d": [1.80939,-1], "elbow_c": [1.80939,-1], "delbow_c": [0,0], "ddelbow_c": [0,0], "tau_J": [-0.0345378,-22.4334,18.833,13.6587,1.12745,-0.685134,0.122884], "tau_J_d": [0,0,0,0,0,0,0], "dtau_J": [-13.9104,-71.4792,-0.284217,117.895,-1.34589,-14.4992,-59.2254], "q": [-0.775438,0.725115,1.80919,-1.38162,-1.99361,2.47138,-1.19053], "dq": [-0.000325455,-0.000356125,3.81178e-06,-0.000618855,-0.00197601,0.000369612,0.00176283], "q_d": [-0.775488,0.724768,1.80939,-1.38185,-1.99362,2.47121,-1.19051], "dq_d": [0,0,0,0,0,0,0], "ddq_d": [0,0,0,0,0,0,0], "joint_contact": [0,0,0,0,0,0,0], "cartesian_contact": [0,0,0,0,0,0], "joint_collision": [0,0,0,0,0,0,0], "cartesian_collision": [0,0,0,0,0,0], "tau_ext_hat_filtered": [-0.0851151,-0.694779,0.608343,-0.774339,0.15234,-1.26217,0.172972], "O_F_ext_hat_K": [-7.45715,-0.888438,-2.24551,0.273488,-3.71308,-0.150497], "K_F_ext_hat_K": [1.91953,0.671427,-7.57003,1.59682,0.689113,0.255023], "O_dP_EE_d": [0,0,0,0,0,0], "O_ddP_O": [0,0,-9.81], "O_T_EE_c": [0.0394194,0.0339392,-0.998637,0,-0.214012,0.976508,0.0247394,0,0.976035,0.212749,0.0457577,0,0.654805,0.268024,0.800093,1], "O_dP_EE_c": [0,0,0,0,0,0], "O_ddP_EE_c": [0,0,0,0,0,0], "theta": [-0.77544,0.72354,1.81051,-1.38066,-1.99348,2.47131,-1.19052], "dtheta": [0,0,0,0,0,0,0], "current_errors": [], "last_motion_errors": [], "control_command_success_rate": 0, "robot_mode": "User stopped", "time": 7573827}