{"O_T_EE": [0.0200194,0.0268915,-0.999428,0,-0.293383,0.955779,0.0198403,0,0.955784,0.292824,0.0270242,0,0.637231,0.314083,0.798788,1], "O_T_EE_d": [0.0202477,0.0267987,-0.999426,0,-0.293507,0.955744,0.0196811,0,0.955742,0.292946,0.0272178,0,0.637034,0.314218,0.798929,1], "F_T_NE": [0.7071,-0.7071,0,0,0.7071,0.7071,0,0,0,0,1,0,0,0,0.1034,1], "NE_T_EE": [1,0,0,0,0,1,0,0,0,0,1,0,0,0,0,1], "F_T_EE": [0.7071,-0.7071,0,0,0.7071,0.7071,0,0,0,0,1,0,0,0,0.1034,1], "EE_T_K": [1,0,0,0,0,1,0,0,0,0,1,0,0,0,0,1], "m_ee": 0.73, "F_x_Cee": [-0.01,0,0.03], "I_ee": [0.001,0,0,0,0.0025,0,0,0,0.0017], "m_load": 0, "F_x_Cload": [0,0,0], "I_load": [0,0,0,0,0,0,0,0,0], "m_total": 0.73, "F_x_Ctotal": [-0.01,0,0.03], "I_total": [0.001,0,0,0,0.0025,0,0,0,0.0017], "elbow": [1.96101,-1], "elbow_d": [1.9612,-1], "elbow_c": [1.9612,-1], "delbow_c": [0,0], "ddelbow_c": [0,0], "tau_J": [0.0765462,-26.4285,21.0825,9.59228,0.816166,-0.455337,0.184224], "tau_J_d": [0,0,0,0,0,0,0], "dtau_J": [34.0215,54.8372,3.46203,113.077,22.4306,16.3106,78.6098], "q": [-0.61269,0.930572,1.96101,-1.39385,-2.13853,2.31693,-1.32103], "dq": [0.000170136,0.000125174,-0.00238719,-0.000119829,-0.012839,-0.000787486,-0.00305222], "q_d": [-0.61266,0.930314,1.9612,-1.39396,-2.13852,2.31682,-1.32101], "dq_d": [0,0,0,0,0,0,0], "ddq_d": [0,0,0,0,0,0,0], "joint_contact": [0,0,0,0,0,0,0], "cartesian_contact": [0,0,0,0,0,0], "joint_collision": [0,0,0,0,0,0,0], "cartesian_collision": [0,0,0,0,0,0], "tau_ext_hat_filtered": [0.0630213,-0.0541439,-0.0880487,-0.541664,0.201076,-1.27979,0.140214], "O_F_ext_hat_K": [-3.84831,-0.0286449,-1.28967,-0.373867,-1.33133,-0.0351473], "K_F_ext_hat_K": [1.21114,1.07608,-3.72139,1.24982,0.853325,0.24447], "O_dP_EE_d": [0,0,0,0,0,0], "O_ddP_O": [0,0,-9.81], "O_T_EE_c": [0.0202477,0.0267987,-0.999426,0,-0.293507,0.955744,0.0196811,0,0.955742,0.292946,0.0272178,0,0.637034,0.314218,0.798929,1], "O_dP_EE_c": [0,0,0,0,0,0], "O_ddP_EE_c": [0,0,0,0,0,0], "theta": [-0.612685,0.928717,1.96249,-1.39318,-2.13844,2.31688,-1.32101], "dtheta": [0,0,0,0,0,0,0], "current_errors": [], "last_motion_errors": [], "control_command_success_rate": 0, "robot_mode": "User stopped", "time": 7431742}