{"O_T_EE": [0.00393985,0.0422456,-0.99909,0,-0.0746754,0.99632,0.0418341,0,0.9972,0.074444,0.0070802,0,0.685183,0.17174,0.800489,1], "O_T_EE_d": [0.00401948,0.0419066,-0.999104,0,-0.0744966,0.996348,0.0414913,0,0.997213,0.0742645,0.00712684,0,0.685113,0.171853,0.800525,1], "F_T_NE": [0.7071,-0.7071,0,0,0.7071,0.7071,0,0,0,0,1,0,0,0,0.1034,1], "NE_T_EE": [1,0,0,0,0,1,0,0,0,0,1,0,0,0,0,1], "F_T_EE": [0.7071,-0.7071,0,0,0.7071,0.7071,0,0,0,0,1,0,0,0,0.1034,1], "EE_T_K": [1,0,0,0,0,1,0,0,0,0,1,0,0,0,0,1], "m_ee": 0.73, "F_x_Cee": [-0.01,0,0.03], "I_ee": [0.001,0,0,0,0.0025,0,0,0,0.0017], "m_load": 0, "F_x_Cload": [0,0,0], "I_load": [0,0,0,0,0,0,0,0,0], "m_total": 0.73, "F_x_Ctotal": [-0.01,0,0.03], "I_total": [0.001,0,0,0,0.0025,0,0,0,0.0017], "elbow": [1.77051,-1], "elbow_d": [1.77049,-1], "elbow_c": [1.77049,-1], "delbow_c": [0,0], "ddelbow_c": [0,0], "tau_J": [-0.482841,-20.5489,17.0676,15.3448,1.32795,-0.735488,0.102742], "tau_J_d": [0,0,0,0,0,0,0], "dtau_J": [-99.2811,135.705,-72.3012,-43.7681,5.82498,-16.3184,-10.08], "q": [-0.935225,0.665803,1.77051,-1.37064,-1.87301,2.4968,-1.21094], "dq": [0.000880358,-0.000481403,-3.07042e-05,0.000363394,-0.000405511,0.00023164,0.000590811], "q_d": [-0.935219,0.665457,1.77049,-1.37071,-1.87304,2.49657,-1.21093], "dq_d": [0,0,0,0,0,0,0], "ddq_d": [0,0,0,0,0,0,0], "joint_contact": [0,0,0,0,0,0,0], "cartesian_contact": [0,0,0,0,0,0], "joint_collision": [0,0,0,0,0,0,0], "cartesian_collision": [0,0,0,0,0,0], "tau_ext_hat_filtered": [-0.412651,-0.163135,0.102864,-0.0405336,0.255257,-1.448,0.117287], "O_F_ext_hat_K": [-3.62254,0.31026,0.247082,-0.109991,-1.81931,-0.473529], "K_F_ext_hat_K": [-0.248027,0.589981,-3.58756,1.36025,1.18327,0.179443], "O_dP_EE_d": [0,0,0,0,0,0], "O_ddP_O": [0,0,-9.81], "O_T_EE_c": [0.00401948,0.0419066,-0.999104,0,-0.0744966,0.996348,0.0414913,0,0.997213,0.0742645,0.00712684,0,0.685113,0.171853,0.800525,1], "O_dP_EE_c": [0,0,0,0,0,0], "O_ddP_EE_c": [0,0,0,0,0,0], "theta": [-0.935259,0.664361,1.77171,-1.36956,-1.87287,2.49672,-1.21093], "dtheta": [0,0,0,0,0,0,0], "current_errors": [], "last_motion_errors": [], "control_command_success_rate": 0, "robot_mode": "User stopped", "time": 7821749}