{"O_T_EE": [0.0306217,0.0323165,-0.998999,0,0.134076,0.990302,0.0361449,0,0.990498,-0.135051,0.0259924,0,0.704931,0.0235093,0.800551,1], "O_T_EE_d": [0.0306939,0.0320686,-0.999005,0,0.134242,0.990288,0.0359133,0,0.990473,-0.135213,0.0260913,0,0.704879,0.0235899,0.800629,1], "F_T_NE": [0.7071,-0.7071,0,0,0.7071,0.7071,0,0,0,0,1,0,0,0,0.1034,1], "NE_T_EE": [1,0,0,0,0,1,0,0,0,0,1,0,0,0,0,1], "F_T_EE": [0.7071,-0.7071,0,0,0.7071,0.7071,0,0,0,0,1,0,0,0,0.1034,1], "EE_T_K": [1,0,0,0,0,1,0,0,0,0,1,0,0,0,0,1], "m_ee": 0.73, "F_x_Cee": [-0.01,0,0.03], "I_ee": [0.001,0,0,0,0.0025,0,0,0,0.0017], "m_load": 0, "F_x_Cload": [0,0,0], "I_load": [0,0,0,0,0,0,0,0,0], "m_total": 0.73, "F_x_Ctotal": [-0.01,0,0.03], "I_total": [0.001,0,0,0,0.0025,0,0,0,0.0017], "elbow": [1.7081,-1], "elbow_d": [1.70815,-1], "elbow_c": [1.70815,-1], "delbow_c": [0,0], "ddelbow_c": [0,0], "tau_J": [0.0368734,-19.3786,15.8298,16.2256,1.44696,-0.75563,0.102742], "tau_J_d": [0,0,0,0,0,0,0], "dtau_J": [-62.1327,-35.5428,228.177,-134.788,-13.8105,9.1801,-83.6551], "q": [-1.17612,0.590364,1.7081,-1.37156,-1.83196,2.57358,-1.16499], "dq": [1.72541e-05,0.000132466,-0.0036366,0.00172785,0.000362293,-0.000391592,0.00182778], "q_d": [-1.17616,0.590082,1.70815,-1.37155,-1.83196,2.57339,-1.165], "dq_d": [0,0,0,0,0,0,0], "ddq_d": [0,0,0,0,0,0,0], "joint_contact": [0,0,0,0,0,0,0], "cartesian_contact": [0,0,0,0,0,0], "joint_collision": [0,0,0,0,0,0,0], "cartesian_collision": [0,0,0,0,0,0], "tau_ext_hat_filtered": [0.102553,-0.533927,0.266511,-0.47065,0.194002,-1.36274,0.155619], "O_F_ext_hat_K": [-3.20867,2.16843,-0.228811,-1.3565,-1.42539,0.0619991], "K_F_ext_hat_K": [0.200407,1.70896,-3.47697,1.58402,0.968312,0.208458], "O_dP_EE_d": [0,0,0,0,0,0], "O_ddP_O": [0,0,-9.81], "O_T_EE_c": [0.0306939,0.0320686,-0.999005,0,0.134242,0.990288,0.0359133,0,0.990473,-0.135213,0.0260913,0,0.704879,0.0235899,0.800629,1], "O_dP_EE_c": [0,0,0,0,0,0], "O_ddP_EE_c": [0,0,0,0,0,0], "theta": [-1.17612,0.589004,1.70921,-1.37042,-1.8318,2.5735,-1.16498], "dtheta": [0,0,0,0,0,0,0], "current_errors": [], "last_motion_errors": [], "control_command_success_rate": 0, "robot_mode": "User stopped", "time": 7874201}