{"O_T_EE": [0.00973017,0.0230417,-0.999678,0,0.325945,0.945049,0.024955,0,0.945337,-0.326089,0.0016852,0,0.694548,-0.126913,0.797528,1], "O_T_EE_d": [0.00979342,0.0227837,-0.999683,0,0.32612,0.944995,0.0247322,0,0.945277,-0.326265,0.00182453,0,0.69444,-0.126846,0.797647,1], "F_T_NE": [0.7071,-0.7071,0,0,0.7071,0.7071,0,0,0,0,1,0,0,0,0.1034,1], "NE_T_EE": [1,0,0,0,0,1,0,0,0,0,1,0,0,0,0,1], "F_T_EE": [0.7071,-0.7071,0,0,0.7071,0.7071,0,0,0,0,1,0,0,0,0.1034,1], "EE_T_K": [1,0,0,0,0,1,0,0,0,0,1,0,0,0,0,1], "m_ee": 0.73, "F_x_Cee": [-0.01,0,0.03], "I_ee": [0.001,0,0,0,0.0025,0,0,0,0.0017], "m_load": 0, "F_x_Cload": [0,0,0], "I_load": [0,0,0,0,0,0,0,0,0], "m_total": 0.73, "F_x_Ctotal": [-0.01,0,0.03], "I_total": [0.001,0,0,0,0.0025,0,0,0,0.0017], "elbow": [1.96488,-1], "elbow_d": [1.9651,-1], "elbow_c": [1.9651,-1], "delbow_c": [0,0], "ddelbow_c": [0,0], "tau_J": [-0.447135,-25.9008,21.8323,9.78668,0.971806,-0.534988,0.0615432], "tau_J_d": [0,0,0,0,0,0,0], "dtau_J": [0.958088,139.721,20.8335,-80.4641,29.2489,-9.7694,-43.5569], "q": [-1.27416,0.916639,1.96488,-1.40679,-2.08564,2.31587,-1.33394], "dq": [-0.000371787,-0.000981058,-0.00118821,0.00238383,-0.000575484,-0.000387985,0.00146085], "q_d": [-1.27439,0.916381,1.9651,-1.40697,-2.08567,2.31563,-1.33393], "dq_d": [0,0,0,0,0,0,0], "ddq_d": [0,0,0,0,0,0,0], "joint_contact": [0,0,0,0,0,0,0], "cartesian_contact": [0,0,0,0,0,0], "joint_collision": [0,0,0,0,0,0,0], "cartesian_collision": [0,0,0,0,0,0], "tau_ext_hat_filtered": [-0.387217,-0.454277,0.865906,-0.748011,0.340225,-1.41812,0.110302], "O_F_ext_hat_K": [-8.31201,2.54885,-1.97181,-1.1617,-4.16051,-0.51039], "K_F_ext_hat_K": [1.94907,-0.349684,-8.69213,1.25676,1.2103,0.22645], "O_dP_EE_d": [0,0,0,0,0,0], "O_ddP_O": [0,0,-9.81], "O_T_EE_c": [0.00979342,0.0227837,-0.999683,0,0.32612,0.944995,0.0247322,0,0.945277,-0.326265,0.00182453,0,0.69444,-0.126846,0.797647,1], "O_dP_EE_c": [0,0,0,0,0,0], "O_ddP_EE_c": [0,0,0,0,0,0], "theta": [-1.27419,0.914822,1.96641,-1.40611,-2.08553,2.31581,-1.33394], "dtheta": [0,0,0,0,0,0,0], "current_errors": [], "last_motion_errors": [], "control_command_success_rate": 0, "robot_mode": "User stopped", "time": 8075784}