{"O_T_EE": [-0.0100553,0.0190852,-0.999758,0,0.0663085,0.99762,0.0183774,0,0.997748,-0.0661089,-0.0112971,0,0.702186,0.0733021,0.799377,1], "O_T_EE_d": [-0.00991417,0.0189719,-0.999761,0,0.066466,0.997612,0.018272,0,0.997739,-0.0662703,-0.0111517,0,0.702089,0.0733509,0.799519,1], "F_T_NE": [0.7071,-0.7071,0,0,0.7071,0.7071,0,0,0,0,1,0,0,0,0.1034,1], "NE_T_EE": [1,0,0,0,0,1,0,0,0,0,1,0,0,0,0,1], "F_T_EE": [0.7071,-0.7071,0,0,0.7071,0.7071,0,0,0,0,1,0,0,0,0.1034,1], "EE_T_K": [1,0,0,0,0,1,0,0,0,0,1,0,0,0,0,1], "m_ee": 0.73, "F_x_Cee": [-0.01,0,0.03], "I_ee": [0.001,0,0,0,0.0025,0,0,0,0.0017], "m_load": 0, "F_x_Cload": [0,0,0], "I_load": [0,0,0,0,0,0,0,0,0], "m_total": 0.73, "F_x_Ctotal": [-0.01,0,0.03], "I_total": [0.001,0,0,0,0.0025,0,0,0,0.0017], "elbow": [1.8354,-1], "elbow_d": [1.83562,-1], "elbow_c": [1.83562,-1], "delbow_c": [0,0], "ddelbow_c": [0,0], "tau_J": [-0.41143,-22.4731,18.6823,13.5794,1.09998,-0.534988,0.0514724], "tau_J_d": [0,0,0,0,0,0,0], "dtau_J": [-84.2307,-21.3064,-46.8883,-17.2367,-29.7265,33.4593,-6.94713], "q": [-1.05291,0.740237,1.8354,-1.37841,-1.91776,2.42394,-1.28016], "dq": [0.000897844,0.000121879,-0.000877897,0.000389963,-0.000107558,-0.00012944,0.000823091], "q_d": [-1.05299,0.740016,1.83562,-1.37838,-1.91778,2.42369,-1.28016], "dq_d": [0,0,0,0,0,0,0], "ddq_d": [0,0,0,0,0,0,0], "joint_contact": [0,0,0,0,0,0,0], "cartesian_contact": [0,0,0,0,0,0], "joint_collision": [0,0,0,0,0,0,0], "cartesian_collision": [0,0,0,0,0,0], "tau_ext_hat_filtered": [-0.383379,-0.59951,0.350201,-0.41055,0.200591,-1.37149,0.0775677], "O_F_ext_hat_K": [-6.10773,0.730009,-0.98989,-0.476875,-3.12045,-0.435962], "K_F_ext_hat_K": [1.06502,0.305092,-6.13105,1.4145,1.05045,0.124081], "O_dP_EE_d": [0,0,0,0,0,0], "O_ddP_O": [0,0,-9.81], "O_T_EE_c": [-0.00991417,0.0189719,-0.999761,0,0.066466,0.997612,0.018272,0,0.997739,-0.0662703,-0.0111517,0,0.702089,0.0733509,0.799519,1], "O_dP_EE_c": [0,0,0,0,0,0], "O_ddP_EE_c": [0,0,0,0,0,0], "theta": [-1.05294,0.73866,1.83672,-1.37745,-1.91764,2.42388,-1.28015], "dtheta": [0,0,0,0,0,0,0], "current_errors": [], "last_motion_errors": [], "control_command_success_rate": 0, "robot_mode": "User stopped", "time": 7741997}