{"O_T_EE": [-0.000205052,0.0335797,-0.999426,0,0.461965,0.88639,0.029687,0,0.886896,-0.461702,-0.0156947,0,0.667256,-0.215845,0.805325,1], "O_T_EE_d": [-3.0568e-06,0.0333275,-0.999435,0,0.462144,0.886301,0.0295535,0,0.886802,-0.461892,-0.0154051,0,0.667106,-0.215768,0.805565,1], "F_T_NE": [0.7071,-0.7071,0,0,0.7071,0.7071,0,0,0,0,1,0,0,0,0.1034,1], "NE_T_EE": [1,0,0,0,0,1,0,0,0,0,1,0,0,0,0,1], "F_T_EE": [0.7071,-0.7071,0,0,0.7071,0.7071,0,0,0,0,1,0,0,0,0.1034,1], "EE_T_K": [1,0,0,0,0,1,0,0,0,0,1,0,0,0,0,1], "m_ee": 0.73, "F_x_Cee": [-0.01,0,0.03], "I_ee": [0.001,0,0,0,0.0025,0,0,0,0.0017], "m_load": 0, "F_x_Cload": [0,0,0], "I_load": [0,0,0,0,0,0,0,0,0], "m_total": 0.73, "F_x_Ctotal": [-0.01,0,0.03], "I_total": [0.001,0,0,0,0.0025,0,0,0,0.0017], "elbow": [-1.34064,-1], "elbow_d": [-1.34019,-1], "elbow_c": [-1.34019,-1], "delbow_c": [0,0], "ddelbow_c": [0,0], "tau_J": [-0.708976,21.1472,18.23,14.5395,1.40119,-0.55513,0.02126], "tau_J_d": [0,0,0,0,0,0,0], "dtau_J": [-177.683,-42.8683,165.538,-121.091,-19.8811,-2.07399,75.0053], "q": [1.63876,-0.674039,-1.34064,-1.37217,-1.83349,2.47055,-1.27038], "dq": [0.00116866,0.000561957,-0.000821983,0.00117574,-9.69397e-05,-0.000334123,-0.0015928], "q_d": [1.63838,-0.673722,-1.34019,-1.37218,-1.83348,2.47034,-1.2704], "dq_d": [0,0,0,0,0,0,0], "ddq_d": [0,0,0,0,0,0,0], "joint_contact": [0,0,0,0,0,0,0], "cartesian_contact": [0,0,0,0,0,0], "joint_collision": [0,0,0,0,0,0,0], "cartesian_collision": [0,0,0,0,0,0], "tau_ext_hat_filtered": [-0.656813,0.926271,1.1117,-0.587152,0.384539,-1.40662,-0.0131605], "O_F_ext_hat_K": [-10.7348,4.29201,-1.73427,-2.35098,-6.10435,-0.715016], "K_F_ext_hat_K": [1.87964,-1.20623,-11.4751,1.30741,1.52646,0.0295026], "O_dP_EE_d": [0,0,0,0,0,0], "O_ddP_O": [0,0,-9.81], "O_T_EE_c": [-3.0568e-06,0.0333275,-0.999435,0,0.462144,0.886301,0.0295535,0,0.886802,-0.461892,-0.0154051,0,0.667106,-0.215768,0.805565,1], "O_dP_EE_c": [0,0,0,0,0,0], "O_ddP_EE_c": [0,0,0,0,0,0], "theta": [1.63871,-0.672555,-1.33936,-1.37115,-1.83334,2.47049,-1.27038], "dtheta": [0,0,0,0,0,0,0], "current_errors": [], "last_motion_errors": [], "control_command_success_rate": 0, "robot_mode": "User stopped", "time": 8366833}