{"O_T_EE": [-0.0113852,0.0326456,-0.999393,0,0.520362,0.853652,0.0219569,0,0.853867,-0.519806,-0.0267071,0,0.651147,-0.263777,0.804844,1], "O_T_EE_d": [-0.0111635,0.0324683,-0.999401,0,0.520546,0.853541,0.0219151,0,0.853758,-0.52,-0.0264303,0,0.651004,-0.263744,0.80508,1], "F_T_NE": [0.7071,-0.7071,0,0,0.7071,0.7071,0,0,0,0,1,0,0,0,0.1034,1], "NE_T_EE": [1,0,0,0,0,1,0,0,0,0,1,0,0,0,0,1], "F_T_EE": [0.7071,-0.7071,0,0,0.7071,0.7071,0,0,0,0,1,0,0,0,0.1034,1], "EE_T_K": [1,0,0,0,0,1,0,0,0,0,1,0,0,0,0,1], "m_ee": 0.73, "F_x_Cee": [-0.01,0,0.03], "I_ee": [0.001,0,0,0,0.0025,0,0,0,0.0017], "m_load": 0, "F_x_Cload": [0,0,0], "I_load": [0,0,0,0,0,0,0,0,0], "m_total": 0.73, "F_x_Ctotal": [-0.01,0,0.03], "I_total": [0.001,0,0,0,0.0025,0,0,0,0.0017], "elbow": [-1.24915,-1], "elbow_d": [-1.2488,-1], "elbow_c": [-1.2488,-1], "delbow_c": [0,0], "ddelbow_c": [0,0], "tau_J": [0.112252,23.7101,19.8447,12.2385,1.19153,-0.324417,0.0615432], "tau_J_d": [0,0,0,0,0,0,0], "dtau_J": [73.7258,167.779,-176.723,107.607,-0.0121263,23.5638,77.442], "q": [1.62055,-0.794975,-1.24915,-1.37598,-1.93439,2.36856,-1.3324], "dq": [2.80765e-05,-0.000779326,0.000992752,-0.00166618,-0.000123047,-0.000383368,-0.00118378], "q_d": [1.6203,-0.794723,-1.2488,-1.3759,-1.93439,2.36838,-1.33242], "dq_d": [0,0,0,0,0,0,0], "ddq_d": [0,0,0,0,0,0,0], "joint_contact": [0,0,0,0,0,0,0], "cartesian_contact": [0,0,0,0,0,0], "joint_collision": [0,0,0,0,0,0,0], "cartesian_collision": [0,0,0,0,0,0], "tau_ext_hat_filtered": [0.0929765,0.678177,0.795458,-0.62289,0.411746,-1.27697,0.036442], "O_F_ext_hat_K": [-4.90182,3.64592,-0.204798,-2.0388,-2.56797,0.0092129], "K_F_ext_hat_K": [0.379513,0.557145,-6.0752,1.10221,1.47616,0.10065], "O_dP_EE_d": [0,0,0,0,0,0], "O_ddP_O": [0,0,-9.81], "O_T_EE_c": [-0.0111635,0.0324683,-0.999401,0,0.520546,0.853541,0.0219151,0,0.853758,-0.52,-0.0264303,0,0.651004,-0.263744,0.80508,1], "O_dP_EE_c": [0,0,0,0,0,0], "O_ddP_EE_c": [0,0,0,0,0,0], "theta": [1.62056,-0.793311,-1.24775,-1.37512,-1.93425,2.36853,-1.3324], "dtheta": [0,0,0,0,0,0,0], "current_errors": [], "last_motion_errors": [], "control_command_success_rate": 0, "robot_mode": "User stopped", "time": 8320630}