{"O_T_EE": [0.0262341,0.0353969,-0.999019,0,0.631719,0.773935,0.0440106,0,0.774748,-0.632266,-0.00205745,0,0.608031,-0.359898,0.79974,1], "O_T_EE_d": [0.0260784,0.0353368,-0.999026,0,0.632029,0.77369,0.0438648,0,0.774501,-0.632569,-0.00215729,0,0.607979,-0.360012,0.799712,1], "F_T_NE": [0.7071,-0.7071,0,0,0.7071,0.7071,0,0,0,0,1,0,0,0,0.1034,1], "NE_T_EE": [1,0,0,0,0,1,0,0,0,0,1,0,0,0,0,1], "F_T_EE": [0.7071,-0.7071,0,0,0.7071,0.7071,0,0,0,0,1,0,0,0,0.1034,1], "EE_T_K": [1,0,0,0,0,1,0,0,0,0,1,0,0,0,0,1], "m_ee": 0.73, "F_x_Cee": [-0.01,0,0.03], "I_ee": [0.001,0,0,0,0.0025,0,0,0,0.0017], "m_load": 0, "F_x_Cload": [0,0,0], "I_load": [0,0,0,0,0,0,0,0,0], "m_total": 0.73, "F_x_Ctotal": [-0.01,0,0.03], "I_total": [0.001,0,0,0,0.0025,0,0,0,0.0017], "elbow": [1.62594,-1], "elbow_d": [1.62588,-1], "elbow_c": [1.62588,-1], "delbow_c": [0,0], "ddelbow_c": [0,0], "tau_J": [0.0765462,-18.474,13.8819,17.3761,1.47443,-0.675064,0.153096], "tau_J_d": [0,0,0,0,0,0,0], "dtau_J": [8.65739,3.34681,58.504,7.29592,2.13498,-18.5167,65.9421], "q": [-1.74853,0.51348,1.62594,-1.35857,-1.68139,2.64754,-1.20427], "dq": [-0.00110874,-0.00675785,0.000295893,-0.000934723,-4.30201e-05,0.00122385,-0.00146808], "q_d": [-1.74866,0.513388,1.62588,-1.35859,-1.6814,2.6473,-1.20431], "dq_d": [0,0,0,0,0,0,0], "ddq_d": [0,0,0,0,0,0,0], "joint_contact": [0,0,0,0,0,0,0], "cartesian_contact": [0,0,0,0,0,0], "joint_collision": [0,0,0,0,0,0,0], "cartesian_collision": [0,0,0,0,0,0], "tau_ext_hat_filtered": [0.0396491,-0.629948,0.191192,-0.422354,0.0238407,-1.40771,0.136713], "O_F_ext_hat_K": [-1.04094,3.28323,-0.0303579,-1.89067,-0.175331,0.0221311], "K_F_ext_hat_K": [0.119238,1.88212,-2.88228,1.6396,0.881332,0.160489], "O_dP_EE_d": [0,0,0,0,0,0], "O_ddP_O": [0,0,-9.81], "O_T_EE_c": [0.0260784,0.0353368,-0.999026,0,0.632029,0.77369,0.0438648,0,0.774501,-0.632569,-0.00215729,0,0.607979,-0.360012,0.799712,1], "O_dP_EE_c": [0,0,0,0,0,0], "O_ddP_EE_c": [0,0,0,0,0,0], "theta": [-1.74852,0.512183,1.62691,-1.35735,-1.68122,2.64746,-1.20426], "dtheta": [0,-0.0244169,0,0,0,0,0], "current_errors": [], "last_motion_errors": [], "control_command_success_rate": 0, "robot_mode": "User stopped", "time": 8737268}