{"O_T_EE": [0.0500933,-0.00152329,-0.998734,0,0.746001,0.664935,0.0364029,0,0.66405,-0.746894,0.0344459,0,0.552433,-0.44459,0.798447,1], "O_T_EE_d": [0.0499084,-0.00158133,-0.998743,0,0.746448,0.664441,0.0362489,0,0.663561,-0.747333,0.0343422,0,0.55229,-0.444776,0.798438,1], "F_T_NE": [0.7071,-0.7071,0,0,0.7071,0.7071,0,0,0,0,1,0,0,0,0.1034,1], "NE_T_EE": [1,0,0,0,0,1,0,0,0,0,1,0,0,0,0,1], "F_T_EE": [0.7071,-0.7071,0,0,0.7071,0.7071,0,0,0,0,1,0,0,0,0.1034,1], "EE_T_K": [1,0,0,0,0,1,0,0,0,0,1,0,0,0,0,1], "m_ee": 0.73, "F_x_Cee": [-0.01,0,0.03], "I_ee": [0.001,0,0,0,0.0025,0,0,0,0.0017], "m_load": 0, "F_x_Cload": [0,0,0], "I_load": [0,0,0,0,0,0,0,0,0], "m_total": 0.73, "F_x_Ctotal": [-0.01,0,0.03], "I_total": [0.001,0,0,0,0.0025,0,0,0,0.0017], "elbow": [1.84117,-1], "elbow_d": [1.84112,-1], "elbow_c": [1.84112,-1], "delbow_c": [0,0], "ddelbow_c": [0,0], "tau_J": [-0.482841,-22.8103,18.6069,13.1192,1.34626,-0.94606,0.0615432], "tau_J_d": [0,0,0,0,0,0,0], "dtau_J": [11.2673,5.16206,112.813,20.6003,21.2048,1.64547,72.8218], "q": [-1.82076,0.772561,1.84117,-1.38257,-2.01401,2.43853,-1.21586], "dq": [0.000220613,0.000676325,0.00468224,-3.85215e-05,-3.70792e-07,8.45014e-05,-0.00172535], "q_d": [-1.82106,0.772394,1.84112,-1.38257,-2.01401,2.43816,-1.21587], "dq_d": [0,0,0,0,0,0,0], "ddq_d": [0,0,0,0,0,0,0], "joint_contact": [0,0,0,0,0,0,0], "cartesian_contact": [0,0,0,0,0,0], "joint_collision": [0,0,0,0,0,0,0], "cartesian_collision": [0,0,0,0,0,0], "tau_ext_hat_filtered": [-0.474978,0.0540718,-0.439926,-0.398059,0.444158,-1.59544,0.0446892], "O_F_ext_hat_K": [-2.05881,3.19756,-0.660694,-1.07994,-0.428222,-0.522647], "K_F_ext_hat_K": [0.551864,0.566254,-3.77815,1.42982,1.39542,0.100522], "O_dP_EE_d": [0,0,0,0,0,0], "O_ddP_O": [0,0,-9.81], "O_T_EE_c": [0.0499084,-0.00158133,-0.998743,0,0.746448,0.664441,0.0362489,0,0.663561,-0.747333,0.0343422,0,0.55229,-0.444776,0.798438,1], "O_dP_EE_c": [0,0,0,0,0,0], "O_ddP_EE_c": [0,0,0,0,0,0], "theta": [-1.82079,0.77096,1.84248,-1.38165,-2.01386,2.43842,-1.21585], "dtheta": [0,0,0.0249727,0,0,0,0], "current_errors": [], "last_motion_errors": ["cartesian_reflex"], "control_command_success_rate": 0, "robot_mode": "User stopped", "time": 3791329}