{"O_T_EE": [-0.0224045,0.0510678,-0.998434,0,0.682616,0.730432,0.0220424,0,0.730428,-0.681066,-0.0512256,0,0.581806,-0.403193,0.798799,1], "O_T_EE_d": [-0.0222667,0.0506984,-0.998456,0,0.682744,0.730318,0.0218573,0,0.730312,-0.681216,-0.0508768,0,0.581728,-0.403018,0.799084,1], "F_T_NE": [0.7071,-0.7071,0,0,0.7071,0.7071,0,0,0,0,1,0,0,0,0.1034,1], "NE_T_EE": [1,0,0,0,0,1,0,0,0,0,1,0,0,0,0,1], "F_T_EE": [0.7071,-0.7071,0,0,0.7071,0.7071,0,0,0,0,1,0,0,0,0.1034,1], "EE_T_K": [1,0,0,0,0,1,0,0,0,0,1,0,0,0,0,1], "m_ee": 0.73, "F_x_Cee": [-0.01,0,0.03], "I_ee": [0.001,0,0,0,0.0025,0,0,0,0.0017], "m_load": 0, "F_x_Cload": [0,0,0], "I_load": [0,0,0,0,0,0,0,0,0], "m_total": 0.73, "F_x_Ctotal": [-0.01,0,0.03], "I_total": [0.001,0,0,0,0.0025,0,0,0,0.0017], "elbow": [1.73182,-1], "elbow_d": [1.73219,-1], "elbow_c": [1.73219,-1], "delbow_c": [0,0], "ddelbow_c": [0,0], "tau_J": [-0.633598,-21.3027,17.5199,15.6107,1.40119,-0.29512,-0.0300095], "tau_J_d": [0,0,0,0,0,0,0], "dtau_J": [-135.604,-17.2152,-69.7761,-24.6694,-33.6313,-17.3173,33.6392], "q": [-1.78592,0.628666,1.73182,-1.35177,-1.71464,2.52267,-1.32685], "dq": [0.00225124,0.000939935,0.00117027,-0.00160279,0.000356908,-0.000241562,9.70857e-05], "q_d": [-1.78615,0.628248,1.73219,-1.35164,-1.71461,2.52245,-1.32687], "dq_d": [0,0,0,0,0,0,0], "ddq_d": [0,0,0,0,0,0,0], "joint_contact": [0,0,0,0,0,0,0], "cartesian_contact": [0,0,0,0,0,0], "joint_collision": [0,0,0,0,0,0,0], "cartesian_collision": [0,0,0,0,0,0], "tau_ext_hat_filtered": [-0.604066,-1.18519,1.37235,-0.271955,0.24762,-1.29174,-0.0246048], "O_F_ext_hat_K": [-9.11834,7.15733,-0.806097,-4.3547,-5.62079,-0.653827], "K_F_ext_hat_K": [1.37466,-1.01417,-11.4936,1.17749,1.55502,0.00318724], "O_dP_EE_d": [0,0,0,0,0,0], "O_ddP_O": [0,0,-9.81], "O_T_EE_c": [-0.0222667,0.0506984,-0.998456,0,0.682744,0.730318,0.0218573,0,0.730312,-0.681216,-0.0508768,0,0.581728,-0.403018,0.799084,1], "O_dP_EE_c": [0,0,0,0,0,0], "O_ddP_EE_c": [0,0,0,0,0,0], "theta": [-1.78597,0.627171,1.73305,-1.35067,-1.71448,2.52264,-1.32686], "dtheta": [0,0,0,0,0,0,0], "current_errors": [], "last_motion_errors": [], "control_command_success_rate": 0, "robot_mode": "User stopped", "time": 8664796}