{"O_T_EE": [0.00603047,-0.00115271,-0.999972,0,0.910085,0.414369,0.00501073,0,0.414359,-0.910107,0.00354796,0,0.381055,-0.598268,0.804866,1], "O_T_EE_d": [0.00599008,-0.00103686,-0.999972,0,0.910398,0.41368,0.00502457,0,0.413671,-0.91042,0.003422,0,0.380739,-0.598519,0.80485,1], "F_T_NE": [0.7071,-0.7071,0,0,0.7071,0.7071,0,0,0,0,1,0,0,0,0.1034,1], "NE_T_EE": [1,0,0,0,0,1,0,0,0,0,1,0,0,0,0,1], "F_T_EE": [0.7071,-0.7071,0,0,0.7071,0.7071,0,0,0,0,1,0,0,0,0.1034,1], "EE_T_K": [1,0,0,0,0,1,0,0,0,0,1,0,0,0,0,1], "m_ee": 0.73, "F_x_Cee": [-0.01,0,0.03], "I_ee": [0.001,0,0,0,0.0025,0,0,0,0.0017], "m_load": 0, "F_x_Cload": [0,0,0], "I_load": [0,0,0,0,0,0,0,0,0], "m_total": 0.73, "F_x_Ctotal": [-0.01,0,0.03], "I_total": [0.001,0,0,0,0.0025,0,0,0,0.0017], "elbow": [-1.45458,-1], "elbow_d": [-1.45469,-1], "elbow_c": [-1.45469,-1], "delbow_c": [0,0], "ddelbow_c": [0,0], "tau_J": [-0.41143,20.4331,15.4569,15.7257,1.6026,-0.75563,-0.0400803], "tau_J_d": [0,0,0,0,0,0,0], "dtau_J": [-12.4857,-14.7441,50.9203,46.7671,13.5939,2.99832,-80.3866], "q": [0.965015,-0.602385,-1.45458,-1.33586,-1.75793,2.58771,-1.28151], "dq": [-0.000556957,0.000188679,-0.000935433,0.000354804,-1.87638e-05,-0.000111712,0.00159873], "q_d": [0.964717,-0.602416,-1.45469,-1.33571,-1.75795,2.58739,-1.28156], "dq_d": [0,0,0,0,0,0,0], "ddq_d": [0,0,0,0,0,0,0], "joint_contact": [0,0,0,0,0,0,0], "cartesian_contact": [0,0,0,0,0,0], "joint_collision": [0,0,0,0,0,0,0], "cartesian_collision": [0,0,0,0,0,0], "tau_ext_hat_filtered": [-0.43029,0.137812,-0.159167,-0.589396,0.2933,-1.53727,0.0111232], "O_F_ext_hat_K": [-1.38703,4.19572,-0.361916,-1.70752,-0.371563,-0.461066], "K_F_ext_hat_K": [0.348711,0.474459,-4.39456,1.23809,1.56758,0.0453356], "O_dP_EE_d": [0,0,0,0,0,0], "O_ddP_O": [0,0,-9.81], "O_T_EE_c": [0.00599008,-0.00103686,-0.999972,0,0.910398,0.41368,0.00502457,0,0.413671,-0.91042,0.003422,0,0.380739,-0.598519,0.80485,1], "O_dP_EE_c": [0,0,0,0,0,0], "O_ddP_EE_c": [0,0,0,0,0,0], "theta": [0.964986,-0.60095,-1.45349,-1.33475,-1.75776,2.58762,-1.28152], "dtheta": [0,0,0,0,0,0,0], "current_errors": [], "last_motion_errors": [], "control_command_success_rate": 0, "robot_mode": "User stopped", "time": 9071843}