{"O_T_EE": [0.00153751,0.0297532,-0.999546,0,0.932796,0.360172,0.012156,0,0.360378,-0.93241,-0.0272004,0,0.342374,-0.628499,0.79636,1], "O_T_EE_d": [0.0019205,0.0296648,-0.999548,0,0.932999,0.359636,0.012466,0,0.359851,-0.93262,-0.0269871,0,0.341912,-0.628433,0.796724,1], "F_T_NE": [0.7071,-0.7071,0,0,0.7071,0.7071,0,0,0,0,1,0,0,0,0.1034,1], "NE_T_EE": [1,0,0,0,0,1,0,0,0,0,1,0,0,0,0,1], "F_T_EE": [0.7071,-0.7071,0,0,0.7071,0.7071,0,0,0,0,1,0,0,0,0.1034,1], "EE_T_K": [1,0,0,0,0,1,0,0,0,0,1,0,0,0,0,1], "m_ee": 0.73, "F_x_Cee": [-0.01,0,0.03], "I_ee": [0.001,0,0,0,0.0025,0,0,0,0.0017], "m_load": 0, "F_x_Cload": [0,0,0], "I_load": [0,0,0,0,0,0,0,0,0], "m_total": 0.73, "F_x_Ctotal": [-0.01,0,0.03], "I_total": [0.001,0,0,0,0.0025,0,0,0,0.0017], "elbow": [-0.375144,-1], "elbow_d": [-0.375322,-1], "elbow_c": [-0.375322,-1], "delbow_c": [0,0], "ddelbow_c": [0,0], "tau_J": [0.18763,-32.1215,-0.928021,19.6771,2.34327,-0.234695,0.194295], "tau_J_d": [0,0,0,0,0,0,0], "dtau_J": [56.9036,-106.555,13.5537,89.3163,-6.87803,20.044,79.5138], "q": [-0.785632,0.121109,-0.375144,-1.42594,-0.606648,3.06711,-1.69319], "dq": [-0.000941595,-0.0026602,0.000226804,-0.00287219,-1.00669e-05,0.000312872,-0.00194386], "q_d": [-0.785767,0.120384,-0.375322,-1.42605,-0.606599,3.06667,-1.69319], "dq_d": [0,0,0,0,0,0,0], "ddq_d": [0,0,0,0,0,0,0], "joint_contact": [0,0,0,0,0,0,0], "cartesian_contact": [0,0,0,0,0,0], "joint_collision": [0,0,0,0,0,0,0], "cartesian_collision": [0,0,0,0,0,0], "tau_ext_hat_filtered": [0.169992,-0.676982,0.0777739,-1.56058,0.401742,-1.63806,0.161725], "O_F_ext_hat_K": [0,0,0,0,0,0], "K_F_ext_hat_K": [0,0,0,0,0,0], "O_dP_EE_d": [0,0,0,0,0,0], "O_ddP_O": [0,0,-9.81], "O_T_EE_c": [0.0019205,0.0296648,-0.999548,0,0.932999,0.359636,0.012466,0,0.359851,-0.93262,-0.0269871,0,0.341912,-0.628433,0.796724,1], "O_dP_EE_c": [0,0,0,0,0,0], "O_ddP_EE_c": [0,0,0,0,0,0], "theta": [-0.785619,0.118855,-0.375209,-1.42456,-0.606387,3.06708,-1.69317], "dtheta": [0,0,0,0,0,0,0], "current_errors": [], "last_motion_errors": [], "control_command_success_rate": 0, "robot_mode": "User stopped", "time": 6066419}