{"O_T_EE": [0.0154873,-0.0290755,-0.999448,0,0.975925,0.217887,0.00878414,0,0.217515,-0.97554,0.0317506,0,0.248801,-0.667745,0.804112,1], "O_T_EE_d": [0.0153524,-0.0291919,-0.999446,0,0.976047,0.217344,0.00864477,0,0.216976,-0.975658,0.0318301,0,0.24859,-0.667768,0.804215,1], "F_T_NE": [0.7071,-0.7071,0,0,0.7071,0.7071,0,0,0,0,1,0,0,0,0.1034,1], "NE_T_EE": [1,0,0,0,0,1,0,0,0,0,1,0,0,0,0,1], "F_T_EE": [0.7071,-0.7071,0,0,0.7071,0.7071,0,0,0,0,1,0,0,0,0.1034,1], "EE_T_K": [1,0,0,0,0,1,0,0,0,0,1,0,0,0,0,1], "m_ee": 0.73, "F_x_Cee": [-0.01,0,0.03], "I_ee": [0.001,0,0,0,0.0025,0,0,0,0.0017], "m_load": 0, "F_x_Cload": [0,0,0], "I_load": [0,0,0,0,0,0,0,0,0], "m_total": 0.73, "F_x_Ctotal": [-0.01,0,0.03], "I_total": [0.001,0,0,0,0.0025,0,0,0,0.0017], "elbow": [-1.34344,-1], "elbow_d": [-1.34338,-1], "elbow_c": [-1.34338,-1], "delbow_c": [0,0], "ddelbow_c": [0,0], "tau_J": [-0.784355,23.7498,18.9441,13.0041,1.3371,-0.675064,0.0111892], "tau_J_d": [0,0,0,0,0,0,0], "dtau_J": [61.111,45.4321,154.572,-39.5072,5.36601,-29.4868,10.9333], "q": [0.800994,-0.74645,-1.34344,-1.34171,-1.94604,2.49579,-1.28042], "dq": [-0.00136427,0.000732139,0.00228286,0.000104972,-0.000216621,0.000320582,0.000399454], "q_d": [0.800652,-0.746223,-1.34338,-1.34164,-1.94604,2.49555,-1.28045], "dq_d": [0,0,0,0,0,0,0], "ddq_d": [0,0,0,0,0,0,0], "joint_contact": [0,0,0,0,0,0,0], "cartesian_contact": [0,0,0,0,0,0], "joint_collision": [0,0,0,0,0,0,0], "cartesian_collision": [0,0,0,0,0,0], "tau_ext_hat_filtered": [-0.827366,0.260977,0.328119,-0.778075,0.266902,-1.40486,0.0197785], "O_F_ext_hat_K": [-2.9113,9.16074,-2.91533,-4.20623,-1.48553,-0.891653], "K_F_ext_hat_K": [2.60233,-0.870832,-9.66248,1.24118,1.20158,0.0979978], "O_dP_EE_d": [0,0,0,0,0,0], "O_ddP_O": [0,0,-9.81], "O_T_EE_c": [0.0153524,-0.0291919,-0.999446,0,0.976047,0.217344,0.00864477,0,0.216976,-0.975658,0.0318301,0,0.24859,-0.667768,0.804215,1], "O_dP_EE_c": [0,0,0,0,0,0], "O_ddP_EE_c": [0,0,0,0,0,0], "theta": [0.800939,-0.744783,-1.34212,-1.3408,-1.94589,2.49572,-1.28042], "dtheta": [0,0,0,0,0,0,0], "current_errors": [], "last_motion_errors": [], "control_command_success_rate": 0, "robot_mode": "User stopped", "time": 9276048}