{"O_T_EE": [0.0245975,-0.0492368,-0.998475,0,0.999636,0.011419,0.024063,0,0.010217,-0.998722,0.0495007,0,0.105479,-0.709126,0.804877,1], "O_T_EE_d": [0.0244941,-0.0492901,-0.998474,0,0.999641,0.0111419,0.0239727,0,0.00994344,-0.998722,0.0495463,0,0.105431,-0.709094,0.804945,1], "F_T_NE": [0.7071,-0.7071,0,0,0.7071,0.7071,0,0,0,0,1,0,0,0,0.1034,1], "NE_T_EE": [1,0,0,0,0,1,0,0,0,0,1,0,0,0,0,1], "F_T_EE": [0.7071,-0.7071,0,0,0.7071,0.7071,0,0,0,0,1,0,0,0,0.1034,1], "EE_T_K": [1,0,0,0,0,1,0,0,0,0,1,0,0,0,0,1], "m_ee": 0.73, "F_x_Cee": [-0.01,0,0.03], "I_ee": [0.001,0,0,0,0.0025,0,0,0,0.0017], "m_load": 0, "F_x_Cload": [0,0,0], "I_load": [0,0,0,0,0,0,0,0,0], "m_total": 0.73, "F_x_Ctotal": [-0.01,0,0.03], "I_total": [0.001,0,0,0,0.0025,0,0,0,0.0017], "elbow": [-1.50191,-1], "elbow_d": [-1.50183,-1], "elbow_c": [-1.50183,-1], "delbow_c": [0,0], "ddelbow_c": [0,0], "tau_J": [0.0368734,22.3176,16.0956,15.6503,1.52936,-0.735488,0.102742], "tau_J_d": [0,0,0,0,0,0,0], "dtau_J": [-1.78287,3.53102,85.1686,129.194,-10.386,9.05422,100.037], "q": [0.587375,-0.60686,-1.50191,-1.30706,-1.83571,2.62576,-1.19937], "dq": [-0.00041008,0.000283933,-0.000669859,-0.00385321,-2.60023e-05,-0.000377275,-0.00180885], "q_d": [0.58724,-0.6067,-1.50183,-1.30704,-1.83572,2.62555,-1.19937], "dq_d": [0,0,0,0,0,0,0], "ddq_d": [0,0,0,0,0,0,0], "joint_contact": [0,0,0,0,0,0,0], "cartesian_contact": [0,0,0,0,0,0], "joint_collision": [0,0,0,0,0,0,0], "cartesian_collision": [0,0,0,0,0,0], "tau_ext_hat_filtered": [-0.033445,0.524979,0.424259,-0.573419,0.151378,-1.33714,0.0605662], "O_F_ext_hat_K": [1.14491,5.03521,-0.586504,-2.41781,0.797181,-0.053119], "K_F_ext_hat_K": [0.365861,1.1879,-5.04611,1.43315,1.18279,0.129303], "O_dP_EE_d": [0,0,0,0,0,0], "O_ddP_O": [0,0,-9.81], "O_T_EE_c": [0.0244941,-0.0492901,-0.998474,0,0.999641,0.0111419,0.0239727,0,0.00994344,-0.998722,0.0495463,0,0.105431,-0.709094,0.804945,1], "O_dP_EE_c": [0,0,0,0,0,0], "O_ddP_EE_c": [0,0,0,0,0,0], "theta": [0.587377,-0.605293,-1.50078,-1.30596,-1.83554,2.62568,-1.19936], "dtheta": [0,0,0,0,0,0,0], "current_errors": [], "last_motion_errors": [], "control_command_success_rate": 0, "robot_mode": "User stopped", "time": 9700463}