{"O_T_EE": [0.0126032,0.0157592,-0.999787,0,0.96377,-0.266582,0.00794714,0,-0.266405,-0.963683,-0.0185484,0,-0.0951233,-0.718234,0.803169,1], "O_T_EE_d": [0.012509,0.0157192,-0.999789,0,0.963665,-0.266964,0.00785972,0,-0.266789,-0.963578,-0.0184879,0,-0.09528,-0.718138,0.803265,1], "F_T_NE": [0.7071,-0.7071,0,0,0.7071,0.7071,0,0,0,0,1,0,0,0,0.1034,1], "NE_T_EE": [1,0,0,0,0,1,0,0,0,0,1,0,0,0,0,1], "F_T_EE": [0.7071,-0.7071,0,0,0.7071,0.7071,0,0,0,0,1,0,0,0,0.1034,1], "EE_T_K": [1,0,0,0,0,1,0,0,0,0,1,0,0,0,0,1], "m_ee": 0.73, "F_x_Cee": [-0.01,0,0.03], "I_ee": [0.001,0,0,0,0.0025,0,0,0,0.0017], "m_load": 0, "F_x_Cload": [0,0,0], "I_load": [0,0,0,0,0,0,0,0,0], "m_total": 0.73, "F_x_Ctotal": [-0.01,0,0.03], "I_total": [0.001,0,0,0,0.0025,0,0,0,0.0017], "elbow": [-1.0904,-1], "elbow_d": [-1.09029,-1], "elbow_c": [-1.09029,-1], "delbow_c": [0,0], "ddelbow_c": [0,0], "tau_J": [-0.0345378,31.8946,22.5821,5.14892,0.742924,-0.144058,0.071614], "tau_J_d": [0,0,0,0,0,0,0], "dtau_J": [-19.8595,-46.8518,136.774,-12.0354,20.4376,-18.7615,-27.9159], "q": [0.507804,-1.0581,-1.0904,-1.31533,-2.19266,2.21739,-1.49508], "dq": [2.89151e-05,0.000254235,-0.00173068,-0.000620466,-0.000887214,-0.000297841,0.000219961], "q_d": [0.507492,-1.05793,-1.09029,-1.31536,-2.19267,2.21718,-1.49508], "dq_d": [0,0,0,0,0,0,0], "ddq_d": [0,0,0,0,0,0,0], "joint_contact": [0,0,0,0,0,0,0], "cartesian_contact": [0,0,0,0,0,0], "joint_collision": [0,0,0,0,0,0,0], "cartesian_collision": [0,0,0,0,0,0], "tau_ext_hat_filtered": [-0.0336737,0.750463,0.994158,-0.79874,0.318918,-1.27525,0.0868187], "O_F_ext_hat_K": [2.14104,7.537,-1.35512,-3.85218,1.06466,-0.150627], "K_F_ext_hat_K": [1.50062,0.0434733,-7.80852,0.97843,1.31593,0.197822], "O_dP_EE_d": [0,0,0,0,0,0], "O_ddP_O": [0,0,-9.81], "O_T_EE_c": [0.012509,0.0157192,-0.999789,0,0.963665,-0.266964,0.00785972,0,-0.266789,-0.963578,-0.0184879,0,-0.09528,-0.718138,0.803265,1], "O_dP_EE_c": [0,0,0,0,0,0], "O_ddP_EE_c": [0,0,0,0,0,0], "theta": [0.507802,-1.05586,-1.08882,-1.31497,-2.19257,2.21737,-1.49508], "dtheta": [0,0,0,0,0,0,0], "current_errors": [], "last_motion_errors": [], "control_command_success_rate": 0, "robot_mode": "User stopped", "time": 9849886}