{"O_T_EE": [0.0125687,-0.039456,-0.999133,0,0.978634,-0.204549,0.0203885,0,-0.20518,-0.97806,0.0360428,0,-0.0441817,-0.72001,0.8038,1], "O_T_EE_d": [0.01238,-0.0394685,-0.999134,0,0.978612,-0.204671,0.0202107,0,-0.205295,-0.978034,0.0360912,0,-0.0441026,-0.71996,0.803866,1], "F_T_NE": [0.7071,-0.7071,0,0,0.7071,0.7071,0,0,0,0,1,0,0,0,0.1034,1], "NE_T_EE": [1,0,0,0,0,1,0,0,0,0,1,0,0,0,0,1], "F_T_EE": [0.7071,-0.7071,0,0,0.7071,0.7071,0,0,0,0,1,0,0,0,0.1034,1], "EE_T_K": [1,0,0,0,0,1,0,0,0,0,1,0,0,0,0,1], "m_ee": 0.73, "F_x_Cee": [-0.01,0,0.03], "I_ee": [0.001,0,0,0,0.0025,0,0,0,0.0017], "m_load": 0, "F_x_Cload": [0,0,0], "I_load": [0,0,0,0,0,0,0,0,0], "m_total": 0.73, "F_x_Ctotal": [-0.01,0,0.03], "I_total": [0.001,0,0,0,0.0025,0,0,0,0.0017], "elbow": [-1.30891,-1], "elbow_d": [-1.30884,-1], "elbow_c": [-1.30884,-1], "delbow_c": [0,0], "ddelbow_c": [0,0], "tau_J": [-0.0742106,26.4634,19.9201,11.3577,1.22815,-0.595413,0.0313308], "tau_J_d": [0,0,0,0,0,0,0], "dtau_J": [-155.247,135.62,-22.1156,-92.4355,-44.7552,-13.4973,-81.334], "q": [0.448682,-0.821128,-1.30891,-1.313,-2.02771,2.43807,-1.29976], "dq": [0.00129506,-0.00183773,0.000444734,0.000304039,0.00052486,1.28553e-05,0.00103539], "q_d": [0.448661,-0.820926,-1.30884,-1.31305,-2.02773,2.43786,-1.29977], "dq_d": [0,0,0,0,0,0,0], "ddq_d": [0,0,0,0,0,0,0], "joint_contact": [0,0,0,0,0,0,0], "cartesian_contact": [0,0,0,0,0,0], "joint_collision": [0,0,0,0,0,0,0], "cartesian_collision": [0,0,0,0,0,0], "tau_ext_hat_filtered": [-0.0157771,0.429465,0.403734,-0.646588,0.326165,-1.35313,0.0850598], "O_F_ext_hat_K": [1.98034,5.46689,-0.998264,-2.43295,1.06484,-0.0817535], "K_F_ext_hat_K": [0.806602,0.799442,-5.78926,1.29966,1.28892,0.171674], "O_dP_EE_d": [0,0,0,0,0,0], "O_ddP_O": [0,0,-9.81], "O_T_EE_c": [0.01238,-0.0394685,-0.999134,0,0.978612,-0.204671,0.0202107,0,-0.205295,-0.978034,0.0360912,0,-0.0441026,-0.71996,0.803866,1], "O_dP_EE_c": [0,0,0,0,0,0], "O_ddP_EE_c": [0,0,0,0,0,0], "theta": [0.448677,-0.81927,-1.30751,-1.3122,-2.02758,2.43801,-1.29975], "dtheta": [0,0,0,0,0,0,0], "current_errors": [], "last_motion_errors": [], "control_command_success_rate": 0, "robot_mode": "User stopped", "time": 9907859}