{"O_T_EE": [0.000507625,-0.0467992,-0.998895,0,0.943472,-0.331037,0.0159889,0,-0.331425,-0.942456,0.0439866,0,-0.14404,-0.710252,0.803095,1], "O_T_EE_d": [0.00030135,-0.0467842,-0.998895,0,0.943433,-0.331157,0.0157946,0,-0.331536,-0.942414,0.0440388,0,-0.143986,-0.71016,0.803176,1], "F_T_NE": [0.7071,-0.7071,0,0,0.7071,0.7071,0,0,0,0,1,0,0,0,0.1034,1], "NE_T_EE": [1,0,0,0,0,1,0,0,0,0,1,0,0,0,0,1], "F_T_EE": [0.7071,-0.7071,0,0,0.7071,0.7071,0,0,0,0,1,0,0,0,0.1034,1], "EE_T_K": [1,0,0,0,0,1,0,0,0,0,1,0,0,0,0,1], "m_ee": 0.73, "F_x_Cee": [-0.01,0,0.03], "I_ee": [0.001,0,0,0,0.0025,0,0,0,0.0017], "m_load": 0, "F_x_Cload": [0,0,0], "I_load": [0,0,0,0,0,0,0,0,0], "m_total": 0.73, "F_x_Ctotal": [-0.01,0,0.03], "I_total": [0.001,0,0,0,0.0025,0,0,0,0.0017], "elbow": [-1.05783,-1], "elbow_d": [-1.05772,-1], "elbow_c": [-1.05772,-1], "delbow_c": [0,0], "ddelbow_c": [0,0], "tau_J": [0.0765462,32.9856,23.1455,3.72863,0.825321,-0.224624,0.122884], "tau_J_d": [0,0,0,0,0,0,0], "dtau_J": [37.5296,221.61,125.922,-89.3249,42.6623,9.64736,21.2962], "q": [0.451976,-1.11721,-1.05783,-1.34332,-2.31192,2.23347,-1.45973], "dq": [-0.00052973,-0.000871035,0.00575419,0.00155093,-0.000414489,-0.00293528,-0.000315094], "q_d": [0.451795,-1.11702,-1.05772,-1.34354,-2.31189,2.23324,-1.45975], "dq_d": [0,0,0,0,0,0,0], "ddq_d": [0,0,0,0,0,0,0], "joint_contact": [0,0,0,0,0,0,0], "cartesian_contact": [0,0,0,0,0,0], "joint_collision": [0,0,0,0,0,0,0], "cartesian_collision": [0,0,0,0,0,0], "tau_ext_hat_filtered": [0.0676814,0.922392,1.07835,-1.08234,0.401907,-1.17586,0.126198], "O_F_ext_hat_K": [3.1548,8.30363,-1.83822,-4.18378,1.56337,-0.0250337], "K_F_ext_hat_K": [1.44922,0.198273,-8.95224,1.10211,1.32889,0.226982], "O_dP_EE_d": [0,0,0,0,0,0], "O_ddP_O": [0,0,-9.81], "O_T_EE_c": [0.00030135,-0.0467842,-0.998895,0,0.943433,-0.331157,0.0157946,0,-0.331536,-0.942414,0.0440388,0,-0.143986,-0.71016,0.803176,1], "O_dP_EE_c": [0,0,0,0,0,0], "O_ddP_EE_c": [0,0,0,0,0,0], "theta": [0.451981,-1.11489,-1.05621,-1.34306,-2.31182,2.23345,-1.45972], "dtheta": [0,0,0.025284,0,0,0,0], "current_errors": [], "last_motion_errors": [], "control_command_success_rate": 0, "robot_mode": "User stopped", "time": 6204580}