{"O_T_EE": [-0.0136758,-0.0412098,-0.999047,0,0.916599,-0.399763,0.00394264,0,-0.399552,-0.91569,0.0432408,0,-0.192075,-0.700016,0.803453,1], "O_T_EE_d": [-0.0138139,-0.0412525,-0.999044,0,0.916571,-0.399829,0.00383619,0,-0.399612,-0.915659,0.0433349,0,-0.191986,-0.699959,0.803558,1], "F_T_NE": [0.7071,-0.7071,0,0,0.7071,0.7071,0,0,0,0,1,0,0,0,0.1034,1], "NE_T_EE": [1,0,0,0,0,1,0,0,0,0,1,0,0,0,0,1], "F_T_EE": [0.7071,-0.7071,0,0,0.7071,0.7071,0,0,0,0,1,0,0,0,0.1034,1], "EE_T_K": [1,0,0,0,0,1,0,0,0,0,1,0,0,0,0,1], "m_ee": 0.73, "F_x_Cee": [-0.01,0,0.03], "I_ee": [0.001,0,0,0,0.0025,0,0,0,0.0017], "m_load": 0, "F_x_Cload": [0,0,0], "I_load": [0,0,0,0,0,0,0,0,0], "m_total": 0.73, "F_x_Ctotal": [-0.01,0,0.03], "I_total": [0.001,0,0,0,0.0025,0,0,0,0.0017], "elbow": [-1.19062,-1], "elbow_d": [-1.19051,-1], "elbow_c": [-1.19051,-1], "delbow_c": [0,0], "ddelbow_c": [0,0], "tau_J": [0.524849,30.5735,22.5821,7.41027,1.02674,-0.244766,0.0816849], "tau_J_d": [0,0,0,0,0,0,0], "dtau_J": [113.407,18.3708,-86.823,53.9696,22.6978,-21.6117,41.1862], "q": [0.316005,-0.969825,-1.19062,-1.31462,-2.17617,2.33683,-1.38622], "dq": [-0.000566643,-0.000326781,0.000404292,-8.31526e-05,-0.000166154,0.000449633,-0.00159996], "q_d": [0.315976,-0.969631,-1.19051,-1.31467,-2.17617,2.33665,-1.38622], "dq_d": [0,0,0,0,0,0,0], "ddq_d": [0,0,0,0,0,0,0], "joint_contact": [0,0,0,0,0,0,0], "cartesian_contact": [0,0,0,0,0,0], "joint_collision": [0,0,0,0,0,0,0], "cartesian_collision": [0,0,0,0,0,0], "tau_ext_hat_filtered": [0.494965,1.27023,1.35109,-1.11469,0.363726,-1.07493,0.0617872], "O_F_ext_hat_K": [4.21042,7.17499,-0.925502,-3.92982,2.4469,0.405631], "K_F_ext_hat_K": [0.57137,0.98734,-8.29237,1.1775,1.3865,0.169665], "O_dP_EE_d": [0,0,0,0,0,0], "O_ddP_O": [0,0,-9.81], "O_T_EE_c": [-0.0138139,-0.0412525,-0.999044,0,0.916571,-0.399829,0.00383619,0,-0.399612,-0.915659,0.0433349,0,-0.191986,-0.699959,0.803558,1], "O_dP_EE_c": [0,0,0,0,0,0], "O_ddP_EE_c": [0,0,0,0,0,0], "theta": [0.316042,-0.96768,-1.18904,-1.3141,-2.17605,2.3368,-1.38621], "dtheta": [0,0,0,0,0,0,0], "current_errors": [], "last_motion_errors": [], "control_command_success_rate": 0, "robot_mode": "User stopped", "time": 10266341}