{"O_T_EE": [0.0319835,0.0063251,-0.999459,0,0.86189,-0.506491,0.0243759,0,-0.506072,-0.862219,-0.0216513,0,-0.286221,-0.67528,0.796397,1], "O_T_EE_d": [0.0320616,0.00626732,-0.999457,0,0.861732,-0.506755,0.0244658,0,-0.506336,-0.862065,-0.0216486,0,-0.286383,-0.675101,0.796517,1], "F_T_NE": [0.7071,-0.7071,0,0,0.7071,0.7071,0,0,0,0,1,0,0,0,0.1034,1], "NE_T_EE": [1,0,0,0,0,1,0,0,0,0,1,0,0,0,0,1], "F_T_EE": [0.7071,-0.7071,0,0,0.7071,0.7071,0,0,0,0,1,0,0,0,0.1034,1], "EE_T_K": [1,0,0,0,0,1,0,0,0,0,1,0,0,0,0,1], "m_ee": 0.73, "F_x_Cee": [-0.01,0,0.03], "I_ee": [0.001,0,0,0,0.0025,0,0,0,0.0017], "m_load": 0, "F_x_Cload": [0,0,0], "I_load": [0,0,0,0,0,0,0,0,0], "m_total": 0.73, "F_x_Ctotal": [-0.01,0,0.03], "I_total": [0.001,0,0,0,0.0025,0,0,0,0.0017], "elbow": [-0.543196,-1], "elbow_d": [-0.543357,-1], "elbow_c": [-0.543357,-1], "delbow_c": [0,0], "ddelbow_c": [0,0], "tau_J": [0.560555,-33.6688,-2.09044,20.8237,2.05945,0.296311,0.0514724], "tau_J_d": [0,0,0,0,0,0,0], "dtau_J": [121.462,-31.758,56.8727,46.9913,-24.1111,7.41819,-72.0132], "q": [-1.54156,0.200243,-0.543196,-1.36563,-0.386701,3.07972,-1.84223], "dq": [-0.000863952,0.000719597,-0.00137268,-0.00515892,0.000161932,-0.000182461,0.00223025], "q_d": [-1.5416,0.19995,-0.543357,-1.36571,-0.38671,3.07951,-1.84225], "dq_d": [0,0,0,0,0,0,0], "ddq_d": [0,0,0,0,0,0,0], "joint_contact": [0,0,0,0,0,0,0], "cartesian_contact": [0,0,0,0,0,0], "joint_collision": [0,0,0,0,0,0,0], "cartesian_collision": [0,0,0,0,0,0], "tau_ext_hat_filtered": [0.528836,-1.57196,0.33448,-0.180424,0.347092,-1.19821,0.100235], "O_F_ext_hat_K": [0,0,0,0,0,0], "K_F_ext_hat_K": [0,0,0,0,0,0], "O_dP_EE_d": [0,0,0,0,0,0], "O_ddP_O": [0,0,-9.81], "O_T_EE_c": [0.0320616,0.00626732,-0.999457,0,0.861732,-0.506755,0.0244658,0,-0.506336,-0.862065,-0.0216486,0,-0.286383,-0.675101,0.796517,1], "O_dP_EE_c": [0,0,0,0,0,0], "O_ddP_EE_c": [0,0,0,0,0,0], "theta": [-1.54152,0.19788,-0.543342,-1.36417,-0.386472,3.07975,-1.84222], "dtheta": [0,0,0,0,0,0,0], "current_errors": [], "last_motion_errors": [], "control_command_success_rate": 0, "robot_mode": "User stopped", "time": 6406974}