{"O_T_EE": [0.0108648,-0.0342949,-0.999343,0,0.820484,-0.570941,0.0285135,0,-0.571555,-0.82027,0.0219357,0,-0.332867,-0.64942,0.803863,1], "O_T_EE_d": [0.0108085,-0.0342717,-0.999344,0,0.820476,-0.570955,0.0284544,0,-0.571567,-0.820262,0.0219484,0,-0.332794,-0.64941,0.80391,1], "F_T_NE": [0.7071,-0.7071,0,0,0.7071,0.7071,0,0,0,0,1,0,0,0,0.1034,1], "NE_T_EE": [1,0,0,0,0,1,0,0,0,0,1,0,0,0,0,1], "F_T_EE": [0.7071,-0.7071,0,0,0.7071,0.7071,0,0,0,0,1,0,0,0,0.1034,1], "EE_T_K": [1,0,0,0,0,1,0,0,0,0,1,0,0,0,0,1], "m_ee": 0.73, "F_x_Cee": [-0.01,0,0.03], "I_ee": [0.001,0,0,0,0.0025,0,0,0,0.0017], "m_load": 0, "F_x_Cload": [0,0,0], "I_load": [0,0,0,0,0,0,0,0,0], "m_total": 0.73, "F_x_Ctotal": [-0.01,0,0.03], "I_total": [0.001,0,0,0,0.0025,0,0,0,0.0017], "elbow": [-1.29328,-1], "elbow_d": [-1.29317,-1], "elbow_c": [-1.29317,-1], "delbow_c": [0,0], "ddelbow_c": [0,0], "tau_J": [0.560555,29.4785,21.38,9.63195,1.19153,-0.124832,0.02126], "tau_J_d": [0,0,0,0,0,0,0], "dtau_J": [31.8135,-167.706,-91.9203,-120.803,27.0938,-24.2608,-120.903], "q": [0.0919476,-0.868052,-1.29328,-1.27321,-2.03893,2.41345,-1.35202], "dq": [-0.000196707,0.00144127,0.0017071,0.00139771,-0.0060124,0.000209269,0.00289686], "q_d": [0.0919437,-0.867978,-1.29317,-1.27327,-2.03894,2.4133,-1.35204], "dq_d": [0,0,0,0,0,0,0], "ddq_d": [0,0,0,0,0,0,0], "joint_contact": [0,0,0,0,0,0,0], "cartesian_contact": [0,0,0,0,0,0], "joint_collision": [0,0,0,0,0,0,0], "cartesian_collision": [0,0,0,0,0,0], "tau_ext_hat_filtered": [0.548973,1.49726,1.45561,-1.02247,0.31962,-0.988382,0.109155], "O_F_ext_hat_K": [5.81419,6.22662,-0.867432,-3.498,3.47482,0.493536], "K_F_ext_hat_K": [0.716505,1.1907,-8.44968,1.25036,1.25966,0.180555], "O_dP_EE_d": [0,0,0,0,0,0], "O_ddP_O": [0,0,-9.81], "O_T_EE_c": [0.0108085,-0.0342717,-0.999344,0,0.820476,-0.570955,0.0284544,0,-0.571567,-0.820262,0.0219484,0,-0.332794,-0.64941,0.80391,1], "O_dP_EE_c": [0,0,0,0,0,0], "O_ddP_EE_c": [0,0,0,0,0,0], "theta": [0.0919877,-0.865983,-1.29178,-1.27253,-2.0388,2.41343,-1.35202], "dtheta": [0,0,0,0,0,0,0], "current_errors": [], "last_motion_errors": [], "control_command_success_rate": 0, "robot_mode": "User stopped", "time": 10510793}