{"O_T_EE": [-0.00781683,-0.0567725,-0.998347,0,0.885796,-0.463647,0.0194304,0,-0.463993,-0.884197,0.0539141,0,-0.240864,-0.68676,0.803003,1], "O_T_EE_d": [-0.00787824,-0.0568109,-0.998344,0,0.885795,-0.463651,0.019394,0,-0.463994,-0.884193,0.0539766,0,-0.240768,-0.686727,0.803086,1], "F_T_NE": [0.7071,-0.7071,0,0,0.7071,0.7071,0,0,0,0,1,0,0,0,0.1034,1], "NE_T_EE": [1,0,0,0,0,1,0,0,0,0,1,0,0,0,0,1], "F_T_EE": [0.7071,-0.7071,0,0,0.7071,0.7071,0,0,0,0,1,0,0,0,0.1034,1], "EE_T_K": [1,0,0,0,0,1,0,0,0,0,1,0,0,0,0,1], "m_ee": 0.73, "F_x_Cee": [-0.01,0,0.03], "I_ee": [0.001,0,0,0,0.0025,0,0,0,0.0017], "m_load": 0, "F_x_Cload": [0,0,0], "I_load": [0,0,0,0,0,0,0,0,0], "m_total": 0.73, "F_x_Ctotal": [-0.01,0,0.03], "I_total": [0.001,0,0,0,0.0025,0,0,0,0.0017], "elbow": [-1.12563,-1], "elbow_d": [-1.12551,-1], "elbow_c": [-1.12551,-1], "delbow_c": [0,0], "ddelbow_c": [0,0], "tau_J": [0.298714,32.1564,22.9193,5.60912,0.825321,-0.254837,0.0313308], "tau_J_d": [0,0,0,0,0,0,0], "dtau_J": [-2.26764,-33.1394,-55.1372,81.475,-2.12096,-21.1079,-19.2596], "q": [0.288403,-1.05001,-1.12563,-1.32218,-2.26758,2.28661,-1.40449], "dq": [-0.000948609,0.000337109,-0.00334107,0.00265672,-0.0080642,7.54546e-05,0.000316227], "q_d": [0.288445,-1.0499,-1.12551,-1.32223,-2.2676,2.28645,-1.40449], "dq_d": [0,0,0,0,0,0,0], "ddq_d": [0,0,0,0,0,0,0], "joint_contact": [0,0,0,0,0,0,0], "cartesian_contact": [0,0,0,0,0,0], "joint_collision": [0,0,0,0,0,0,0], "cartesian_collision": [0,0,0,0,0,0], "tau_ext_hat_filtered": [0.263649,1.16417,1.11087,-0.953198,0.29977,-1.10545,0.0412234], "O_F_ext_hat_K": [4.22864,6.45557,-0.878727,-3.49454,2.38864,0.18323], "K_F_ext_hat_K": [0.477731,0.735543,-7.71743,1.20066,1.30782,0.136536], "O_dP_EE_d": [0,0,0,0,0,0], "O_ddP_O": [0,0,-9.81], "O_T_EE_c": [-0.00787824,-0.0568109,-0.998344,0,0.885795,-0.463651,0.019394,0,-0.463994,-0.884193,0.0539766,0,-0.240768,-0.686727,0.803086,1], "O_dP_EE_c": [0,0,0,0,0,0], "O_ddP_EE_c": [0,0,0,0,0,0], "theta": [0.288424,-1.04775,-1.12402,-1.32179,-2.26749,2.28659,-1.40448], "dtheta": [0,0,0,0,0,0,0], "current_errors": [], "last_motion_errors": [], "control_command_success_rate": 0, "robot_mode": "User stopped", "time": 10243657}