{"O_T_EE": [-0.0110565,-0.00435809,-0.99992,0,0.681648,-0.731654,-0.00434836,0,-0.731591,-0.681655,0.0110604,0,-0.458906,-0.572069,0.804364,1], "O_T_EE_d": [-0.0114238,-0.00431914,-0.999916,0,0.681543,-0.731751,-0.00462567,0,-0.731683,-0.681551,0.0113033,0,-0.458759,-0.572025,0.804548,1], "F_T_NE": [0.7071,-0.7071,0,0,0.7071,0.7071,0,0,0,0,1,0,0,0,0.1034,1], "NE_T_EE": [1,0,0,0,0,1,0,0,0,0,1,0,0,0,0,1], "F_T_EE": [0.7071,-0.7071,0,0,0.7071,0.7071,0,0,0,0,1,0,0,0,0.1034,1], "EE_T_K": [1,0,0,0,0,1,0,0,0,0,1,0,0,0,0,1], "m_ee": 0.73, "F_x_Cee": [-0.01,0,0.03], "I_ee": [0.001,0,0,0,0.0025,0,0,0,0.0017], "m_load": 0, "F_x_Cload": [0,0,0], "I_load": [0,0,0,0,0,0,0,0,0], "m_total": 0.73, "F_x_Ctotal": [-0.01,0,0.03], "I_total": [0.001,0,0,0,0.0025,0,0,0,0.0017], "elbow": [-1.42983,-1], "elbow_d": [-1.42969,-1], "elbow_c": [-1.42969,-1], "delbow_c": [0,0], "ddelbow_c": [0,0], "tau_J": [0.227303,28.1217,19.6185,12.1631,1.48359,-0.133987,0.0414016], "tau_J_d": [0,0,0,0,0,0,0], "dtau_J": [-35.3982,3.75135,-122.567,-76.5596,45.9498,1.7745,-54.0036], "q": [-0.11849,-0.745027,-1.42983,-1.23671,-1.9006,2.49516,-1.35417], "dq": [0.00102947,0.000262439,0.00173756,0.000814458,0.00012491,-0.000335913,0.000677212], "q_d": [-0.118649,-0.744632,-1.42969,-1.23675,-1.9006,2.49503,-1.35418], "dq_d": [0,0,0,0,0,0,0], "ddq_d": [0,0,0,0,0,0,0], "joint_contact": [0,0,0,0,0,0,0], "cartesian_contact": [0,0,0,0,0,0], "joint_collision": [0,0,0,0,0,0,0], "cartesian_collision": [0,0,0,0,0,0], "tau_ext_hat_filtered": [0.218165,1.54247,1.6733,-1.12612,0.388526,-0.998954,0.0736121], "O_F_ext_hat_K": [8.85404,8.35071,-2.33051,-4.51447,4.90336,0.183918], "K_F_ext_hat_K": [2.19607,-0.064358,-12.1956,1.04433,1.43767,0.135645], "O_dP_EE_d": [0,0,0,0,0,0], "O_ddP_O": [0,0,-9.81], "O_T_EE_c": [-0.0114238,-0.00431914,-0.999916,0,0.681543,-0.731751,-0.00462567,0,-0.731683,-0.681551,0.0113033,0,-0.458759,-0.572025,0.804548,1], "O_dP_EE_c": [0,0,0,0,0,0], "O_ddP_EE_c": [0,0,0,0,0,0], "theta": [-0.118474,-0.743054,-1.42846,-1.23586,-1.90043,2.49514,-1.35416], "dtheta": [0,0,0,0,0,0,0], "current_errors": [], "last_motion_errors": [], "control_command_success_rate": 0, "robot_mode": "User stopped", "time": 10715513}