{"O_T_EE": [0.00985147,-0.0112877,-0.999878,0,0.628066,-0.778004,0.0149711,0,-0.778093,-0.628149,-0.000575071,0,-0.498674,-0.539923,0.804083,1], "O_T_EE_d": [0.00938765,-0.0114266,-0.999881,0,0.628365,-0.777766,0.0147878,0,-0.777857,-0.628441,-0.000121321,0,-0.498225,-0.539984,0.804423,1], "F_T_NE": [0.7071,-0.7071,0,0,0.7071,0.7071,0,0,0,0,1,0,0,0,0.1034,1], "NE_T_EE": [1,0,0,0,0,1,0,0,0,0,1,0,0,0,0,1], "F_T_EE": [0.7071,-0.7071,0,0,0.7071,0.7071,0,0,0,0,1,0,0,0,0.1034,1], "EE_T_K": [1,0,0,0,0,1,0,0,0,0,1,0,0,0,0,1], "m_ee": 0.73, "F_x_Cee": [-0.01,0,0.03], "I_ee": [0.001,0,0,0,0.0025,0,0,0,0.0017], "m_load": 0, "F_x_Cload": [0,0,0], "I_load": [0,0,0,0,0,0,0,0,0], "m_total": 0.73, "F_x_Ctotal": [-0.01,0,0.03], "I_total": [0.001,0,0,0,0.0025,0,0,0,0.0017], "elbow": [-1.31557,-1], "elbow_d": [-1.31507,-1], "elbow_c": [-1.31507,-1], "delbow_c": [0,0], "ddelbow_c": [0,0], "tau_J": [0.822396,31.1011,22.1695,9.24713,1.41034,0.176377,0.0926712], "tau_J_d": [0,0,0,0,0,0,0], "dtau_J": [5.78517,162.513,-95.6921,-86.0103,31.644,-19.5841,-74.9289], "q": [-0.15099,-0.855945,-1.31557,-1.23927,-2.00547,2.39689,-1.39089], "dq": [-0.000972529,-0.00296125,0.000678914,-0.000489493,0.0037921,0.000342531,0.0014349], "q_d": [-0.151044,-0.855507,-1.31507,-1.23948,-2.00544,2.39681,-1.3909], "dq_d": [0,0,0,0,0,0,0], "ddq_d": [0,0,0,0,0,0,0], "joint_contact": [0,0,0,0,0,0,0], "cartesian_contact": [0,0,0,0,0,0], "joint_collision": [0,0,0,0,0,0,0], "cartesian_collision": [0,0,0,0,0,0], "tau_ext_hat_filtered": [0.88326,2.42592,2.58839,-1.48314,0.572427,-0.768019,0.124105], "O_F_ext_hat_K": [10.5232,7.75737,-1.34413,-4.65284,6.43225,0.834651], "K_F_ext_hat_K": [1.3601,0.553901,-13.0601,1.00236,1.582,0.18584], "O_dP_EE_d": [0,0,0,0,0,0], "O_ddP_O": [0,0,-9.81], "O_T_EE_c": [0.00938765,-0.0114266,-0.999881,0,0.628365,-0.777766,0.0147878,0,-0.777857,-0.628441,-0.000121321,0,-0.498225,-0.539984,0.804423,1], "O_dP_EE_c": [0,0,0,0,0,0], "O_ddP_EE_c": [0,0,0,0,0,0], "theta": [-0.150931,-0.853763,-1.31401,-1.23863,-2.00531,2.39691,-1.39088], "dtheta": [0,0,0,0,0,0,0], "current_errors": [], "last_motion_errors": [], "control_command_success_rate": 0, "robot_mode": "User stopped", "time": 2193309}