{"O_T_EE": [-0.000531224,-0.0189887,-0.99981,0,0.735731,-0.677144,0.0124696,0,-0.677265,-0.735599,0.0143306,0,-0.418457,-0.600845,0.80457,1], "O_T_EE_d": [-0.000765701,-0.0189974,-0.99981,0,0.735702,-0.677179,0.0123036,0,-0.677297,-0.735567,0.0144952,0,-0.418297,-0.600836,0.804719,1], "F_T_NE": [0.7071,-0.7071,0,0,0.7071,0.7071,0,0,0,0,1,0,0,0,0.1034,1], "NE_T_EE": [1,0,0,0,0,1,0,0,0,0,1,0,0,0,0,1], "F_T_EE": [0.7071,-0.7071,0,0,0.7071,0.7071,0,0,0,0,1,0,0,0,0.1034,1], "EE_T_K": [1,0,0,0,0,1,0,0,0,0,1,0,0,0,0,1], "m_ee": 0.73, "F_x_Cee": [-0.01,0,0.03], "I_ee": [0.001,0,0,0,0.0025,0,0,0,0.0017], "m_load": 0, "F_x_Cload": [0,0,0], "I_load": [0,0,0,0,0,0,0,0,0], "m_total": 0.73, "F_x_Ctotal": [-0.01,0,0.03], "I_total": [0.001,0,0,0,0.0025,0,0,0,0.0017], "elbow": [-1.48041,-1], "elbow_d": [-1.48025,-1], "elbow_c": [-1.48025,-1], "delbow_c": [0,0], "ddelbow_c": [0,0], "tau_J": [0.560555,27.3679,18.7934,13.5794,1.55683,-0.144058,0.0926712], "tau_J_d": [0,0,0,0,0,0,0], "dtau_J": [26.5573,43.2596,55.3668,18.0338,30.398,20.3979,45.8907], "q": [-0.0654444,-0.697782,-1.48041,-1.23726,-1.8445,2.546,-1.3242], "dq": [-0.000554576,-0.00041919,0.000836219,-0.00020316,-0.000272853,-0.000117978,-0.00311438], "q_d": [-0.0654797,-0.697496,-1.48025,-1.23727,-1.8445,2.54584,-1.3242], "dq_d": [0,0,0,0,0,0,0], "ddq_d": [0,0,0,0,0,0,0], "joint_contact": [0,0,0,0,0,0,0], "cartesian_contact": [0,0,0,0,0,0], "joint_collision": [0,0,0,0,0,0,0], "cartesian_collision": [0,0,0,0,0,0], "tau_ext_hat_filtered": [0.519953,1.55145,1.58339,-0.758368,0.34363,-0.986777,0.0785792], "O_F_ext_hat_K": [6.66403,5.70196,-0.383597,-3.32269,4.05077,0.499799], "K_F_ext_hat_K": [0.271716,1.03712,-8.71317,1.13931,1.52601,0.129604], "O_dP_EE_d": [0,0,0,0,0,0], "O_ddP_O": [0,0,-9.81], "O_T_EE_c": [-0.000765701,-0.0189974,-0.99981,0,0.735702,-0.677179,0.0123036,0,-0.677297,-0.735567,0.0144952,0,-0.418297,-0.600836,0.804719,1], "O_dP_EE_c": [0,0,0,0,0,0], "O_ddP_EE_c": [0,0,0,0,0,0], "theta": [-0.0654051,-0.695862,-1.47909,-1.23631,-1.84433,2.54599,-1.32419], "dtheta": [0,0,0,0,0,0,0], "current_errors": [], "last_motion_errors": [], "control_command_success_rate": 0, "robot_mode": "User stopped", "time": 10748703}