{"O_T_EE": [-0.0186574,0.0174615,-0.999664,0,-0.812328,-0.583164,0.00497467,0,-0.582892,0.812163,0.0250652,0,-0.484934,0.451131,0.899901,1], "O_T_EE_d": [-0.0189538,0.0174443,-0.999659,0,-0.812398,-0.583063,0.00522867,0,-0.582784,0.812236,0.0252234,0,-0.484688,0.451113,0.900101,1], "F_T_NE": [0.7071,-0.7071,0,0,0.7071,0.7071,0,0,0,0,1,0,0,0,0.1034,1], "NE_T_EE": [1,0,0,0,0,1,0,0,0,0,1,0,0,0,0,1], "F_T_EE": [0.7071,-0.7071,0,0,0.7071,0.7071,0,0,0,0,1,0,0,0,0.1034,1], "EE_T_K": [1,0,0,0,0,1,0,0,0,0,1,0,0,0,0,1], "m_ee": 0.73, "F_x_Cee": [-0.01,0,0.03], "I_ee": [0.001,0,0,0,0.0025,0,0,0,0.0017], "m_load": 0, "F_x_Cload": [0,0,0], "I_load": [0,0,0,0,0,0,0,0,0], "m_total": 0.73, "F_x_Ctotal": [-0.01,0,0.03], "I_total": [0.001,0,0,0,0.0025,0,0,0,0.0017], "elbow": [-0.710073,-1], "elbow_d": [-0.709645,-1], "elbow_c": [-0.709645,-1], "delbow_c": [0,0], "ddelbow_c": [0,0], "tau_J": [-1.19299,34.9454,18.5672,-1.67481,-0.189083,-0.0543361,0.0111892], "tau_J_d": [0,0,0,0,0,0,0], "dtau_J": [165.89,-26.0761,-85.2277,-82.8568,-32.3948,-10.2152,-32.5319], "q": [-1.43182,-1.18533,-0.710073,-1.26263,-2.51758,1.89298,-1.73836], "dq": [-0.00205842,0.000382007,0.0005721,0.000469953,0.00986085,0.000271919,0.00121782], "q_d": [-1.432,-1.18521,-0.709645,-1.26267,-2.51759,1.89278,-1.73838], "dq_d": [0,0,0,0,0,0,0], "ddq_d": [0,0,0,0,0,0,0], "joint_contact": [0,0,0,0,0,0,0], "cartesian_contact": [0,0,0,0,0,0], "joint_collision": [0,0,0,0,0,0,0], "cartesian_collision": [0,0,0,0,0,0], "tau_ext_hat_filtered": [-1.28807,0.928583,1.80593,-0.563367,0.0944577,-1.33779,0.00778196], "O_F_ext_hat_K": [8.88752,-6.04534,-4.02814,2.68346,5.47994,-1.3888], "K_F_ext_hat_K": [3.75548,-3.71426,-10.1912,0.3185,1.09074,0.0813342], "O_dP_EE_d": [0,0,0,0,0,0], "O_ddP_O": [0,0,-9.81], "O_T_EE_c": [-0.0189538,0.0174443,-0.999659,0,-0.812398,-0.583063,0.00522867,0,-0.582784,0.812236,0.0252234,0,-0.484688,0.451113,0.900101,1], "O_dP_EE_c": [0,0,0,0,0,0], "O_ddP_EE_c": [0,0,0,0,0,0], "theta": [-1.43191,-1.18288,-0.70877,-1.26275,-2.5176,1.89297,-1.73836], "dtheta": [0,0,0,0,0.0371803,0,0], "current_errors": [], "last_motion_errors": [], "control_command_success_rate": 0, "robot_mode": "User stopped", "time": 659456}