{"O_T_EE": [-0.0267879,-0.0172072,-0.999483,0,-0.88288,-0.468505,0.0317285,0,-0.468818,0.883291,-0.00264168,0,-0.408024,0.524735,0.893955,1], "O_T_EE_d": [-0.0269809,-0.0172271,-0.999478,0,-0.883123,-0.468034,0.031907,0,-0.468349,0.88354,-0.00258568,0,-0.407725,0.524795,0.894133,1], "F_T_NE": [0.7071,-0.7071,0,0,0.7071,0.7071,0,0,0,0,1,0,0,0,0.1034,1], "NE_T_EE": [1,0,0,0,0,1,0,0,0,0,1,0,0,0,0,1], "F_T_EE": [0.7071,-0.7071,0,0,0.7071,0.7071,0,0,0,0,1,0,0,0,0.1034,1], "EE_T_K": [1,0,0,0,0,1,0,0,0,0,1,0,0,0,0,1], "m_ee": 0.73, "F_x_Cee": [-0.01,0,0.03], "I_ee": [0.001,0,0,0,0.0025,0,0,0,0.0017], "m_load": 0, "F_x_Cload": [0,0,0], "I_load": [0,0,0,0,0,0,0,0,0], "m_total": 0.73, "F_x_Ctotal": [-0.01,0,0.03], "I_total": [0.001,0,0,0,0.0025,0,0,0,0.0017], "elbow": [2.16073,-1], "elbow_d": [2.16102,-1], "elbow_c": [2.16102,-1], "delbow_c": [0,0], "ddelbow_c": [0,0], "tau_J": [-2.01421,-28.1661,20.408,6.56524,0.478336,-0.374771,0.143025], "tau_J_d": [0,0,0,0,0,0,0], "dtau_J": [57.3034,10.5075,90.2971,-19.1288,37.5642,-2.59308,94.1441], "q": [1.29935,0.934733,2.16073,-1.22177,-2.09907,2.1063,-1.56727], "dq": [0.000226648,-0.000745577,-0.000952188,0.000240134,2.95334e-05,0.000227971,-0.00168042], "q_d": [1.29899,0.934536,2.16102,-1.22158,-2.09906,2.10598,-1.56727], "dq_d": [0,0,0,0,0,0,0], "ddq_d": [0,0,0,0,0,0,0], "joint_contact": [0,0,0,0,0,0,0], "cartesian_contact": [0,0,0,0,0,0], "joint_collision": [0,0,0,0,0,0,0], "cartesian_collision": [0,0,0,0,0,0], "tau_ext_hat_filtered": [-2.0227,-0.793894,2.39495,0.514537,0.296733,-1.57595,0.0932271], "O_F_ext_hat_K": [10.373,-9.18038,-3.19109,5.14125,7.41468,-2.14302], "K_F_ext_hat_K": [3.0696,-4.95837,-12.9636,0.492359,1.47447,0.162033], "O_dP_EE_d": [0,0,0,0,0,0], "O_ddP_O": [0,0,-9.81], "O_T_EE_c": [-0.0269809,-0.0172271,-0.999478,0,-0.883123,-0.468034,0.031907,0,-0.468349,0.88354,-0.00258568,0,-0.407725,0.524795,0.894133,1], "O_dP_EE_c": [0,0,0,0,0,0], "O_ddP_EE_c": [0,0,0,0,0,0], "theta": [1.29921,0.932756,2.16216,-1.22131,-2.09901,2.10626,-1.56726], "dtheta": [0,0,0,0,0,0,0], "current_errors": [], "last_motion_errors": ["cartesian_reflex"], "control_command_success_rate": 0, "robot_mode": "User stopped", "time": 1339199}