{"O_T_EE": [-0.00797777,-0.010749,-0.999901,0,-0.920354,-0.39089,0.0115452,0,-0.390983,0.920373,-0.00677458,0,-0.373163,0.547471,0.895901,1], "O_T_EE_d": [-0.00812874,-0.0105917,-0.999901,0,-0.920468,-0.39062,0.0116207,0,-0.390713,0.920489,-0.00657424,0,-0.37292,0.547427,0.896096,1], "F_T_NE": [0.7071,-0.7071,0,0,0.7071,0.7071,0,0,0,0,1,0,0,0,0.1034,1], "NE_T_EE": [1,0,0,0,0,1,0,0,0,0,1,0,0,0,0,1], "F_T_EE": [0.7071,-0.7071,0,0,0.7071,0.7071,0,0,0,0,1,0,0,0,0.1034,1], "EE_T_K": [1,0,0,0,0,1,0,0,0,0,1,0,0,0,0,1], "m_ee": 0.73, "F_x_Cee": [-0.01,0,0.03], "I_ee": [0.001,0,0,0,0.0025,0,0,0,0.0017], "m_load": 0, "F_x_Cload": [0,0,0], "I_load": [0,0,0,0,0,0,0,0,0], "m_total": 0.73, "F_x_Ctotal": [-0.01,0,0.03], "I_total": [0.001,0,0,0,0.0025,0,0,0,0.0017], "elbow": [-0.126622,-1], "elbow_d": [-0.126737,-1], "elbow_c": [-0.126737,-1], "delbow_c": [0,0], "ddelbow_c": [0,0], "tau_J": [-0.482841,-29.634,-0.555096,19.2923,1.49274,0.0958104,0.02126], "tau_J_d": [0,0,0,0,0,0,0], "dtau_J": [49.4276,1.51428,2.54925,83.4857,-4.95501,-1.46962,-50.6503], "q": [2.27613,0.0451341,-0.126622,-1.26563,-0.59381,2.8213,-1.7678], "dq": [-0.000975601,-0.000278908,-3.13629e-05,-0.000203754,0.000220621,5.62496e-05,0.000698485], "q_d": [2.27604,0.0448206,-0.126737,-1.2656,-0.593813,2.82115,-1.76781], "dq_d": [0,0,0,0,0,0,0], "ddq_d": [0,0,0,0,0,0,0], "joint_contact": [0,0,0,0,0,0,0], "cartesian_contact": [0,0,0,0,0,0], "joint_collision": [0,0,0,0,0,0,0], "cartesian_collision": [0,0,0,0,0,0], "tau_ext_hat_filtered": [-0.522303,-1.36285,-0.480549,-0.225912,-0.0392805,-1.29501,0.0642529], "O_F_ext_hat_K": [2.25279,-5.0129,-0.708768,2.96531,1.33012,-0.493316], "K_F_ext_hat_K": [0.744624,-0.122057,-5.48974,1.14413,1.1996,0.0625506], "O_dP_EE_d": [0,0,0,0,0,0], "O_ddP_O": [0,0,-9.81], "O_T_EE_c": [-0.00812874,-0.0105917,-0.999901,0,-0.920468,-0.39062,0.0116207,0,-0.390713,0.920489,-0.00657424,0,-0.37292,0.547427,0.896096,1], "O_dP_EE_c": [0,0,0,0,0,0], "O_ddP_EE_c": [0,0,0,0,0,0], "theta": [2.2761,0.0430537,-0.126662,-1.26427,-0.593646,2.82131,-1.7678], "dtheta": [0,0,0,0,0,0,0], "current_errors": [], "last_motion_errors": [], "control_command_success_rate": 0, "robot_mode": "User stopped", "time": 3466413}