{"O_T_EE": [-0.00516932,-0.00704063,-0.999952,0,-0.983191,-0.182419,0.00636708,0,-0.182458,0.983195,-0.00597942,0,-0.237224,0.612999,0.895855,1], "O_T_EE_d": [-0.0051901,-0.00700714,-0.999952,0,-0.983229,-0.18221,0.00638013,0,-0.182249,0.983234,-0.00594405,0,-0.237101,0.612992,0.895916,1], "F_T_NE": [0.7071,-0.7071,0,0,0.7071,0.7071,0,0,0,0,1,0,0,0,0.1034,1], "NE_T_EE": [1,0,0,0,0,1,0,0,0,0,1,0,0,0,0,1], "F_T_EE": [0.7071,-0.7071,0,0,0.7071,0.7071,0,0,0,0,1,0,0,0,0.1034,1], "EE_T_K": [1,0,0,0,0,1,0,0,0,0,1,0,0,0,0,1], "m_ee": 0.73, "F_x_Cee": [-0.01,0,0.03], "I_ee": [0.001,0,0,0,0.0025,0,0,0,0.0017], "m_load": 0, "F_x_Cload": [0,0,0], "I_load": [0,0,0,0,0,0,0,0,0], "m_total": 0.73, "F_x_Ctotal": [-0.01,0,0.03], "I_total": [0.001,0,0,0,0.0025,0,0,0,0.0017], "elbow": [0.0138783,-1], "elbow_d": [0.0138006,-1], "elbow_c": [0.0138006,-1], "delbow_c": [0,0], "ddelbow_c": [0,0], "tau_J": [-0.0742106,-28.5787,-0.0314144,19.2923,1.51105,0.256028,0.0313308], "tau_J_d": [0,0,0,0,0,0,0], "dtau_J": [21.6259,89.7479,-83.1761,9.83863,24.4284,-14.4711,41.2111], "q": [1.90958,0.0247982,0.0138783,-1.29295,-0.58806,2.83323,-1.78318], "dq": [-0.00106599,-0.000829114,0.000257475,0.000185678,-0.000325233,0.000539261,-0.0008354], "q_d": [1.90951,0.0247172,0.0138006,-1.2929,-0.58806,2.83312,-1.78319], "dq_d": [0,0,0,0,0,0,0], "ddq_d": [0,0,0,0,0,0,0], "joint_contact": [0,0,0,0,0,0,0], "cartesian_contact": [0,0,0,0,0,0], "joint_collision": [0,0,0,0,0,0,0], "cartesian_collision": [0,0,0,0,0,0], "tau_ext_hat_filtered": [-0.138505,-1.01329,-0.0823975,-0.263707,-0.0351876,-1.12722,0.0135886], "O_F_ext_hat_K": [0.320734,-4.24228,-0.143303,2.51147,0.0375761,-0.105452], "K_F_ext_hat_K": [0.17151,0.457626,-4.22866,0.922905,1.21444,0.0124984], "O_dP_EE_d": [0,0,0,0,0,0], "O_ddP_O": [0,0,-9.81], "O_T_EE_c": [-0.0051901,-0.00700714,-0.999952,0,-0.983229,-0.18221,0.00638013,0,-0.182249,0.983234,-0.00594405,0,-0.237101,0.612992,0.895916,1], "O_dP_EE_c": [0,0,0,0,0,0], "O_ddP_EE_c": [0,0,0,0,0,0], "theta": [1.90958,0.0227924,0.0138761,-1.2916,-0.587893,2.83326,-1.78318], "dtheta": [0,0,0,0,0,0,0], "current_errors": [], "last_motion_errors": [], "control_command_success_rate": 0, "robot_mode": "User stopped", "time": 1174642}