{"O_T_EE": [-0.00746553,-0.0315467,-0.999465,0,-0.995507,-0.0940113,0.0104033,0,-0.094291,0.995071,-0.0307037,0,-0.18908,0.627406,0.896078,1], "O_T_EE_d": [-0.00749208,-0.0314963,-0.999466,0,-0.995522,-0.093851,0.0104201,0,-0.0941309,0.995088,-0.0306527,0,-0.188983,0.627352,0.89616,1], "F_T_NE": [0.7071,-0.7071,0,0,0.7071,0.7071,0,0,0,0,1,0,0,0,0.1034,1], "NE_T_EE": [1,0,0,0,0,1,0,0,0,0,1,0,0,0,0,1], "F_T_EE": [0.7071,-0.7071,0,0,0.7071,0.7071,0,0,0,0,1,0,0,0,0.1034,1], "EE_T_K": [1,0,0,0,0,1,0,0,0,0,1,0,0,0,0,1], "m_ee": 0.73, "F_x_Cee": [-0.01,0,0.03], "I_ee": [0.001,0,0,0,0.0025,0,0,0,0.0017], "m_load": 0, "F_x_Cload": [0,0,0], "I_load": [0,0,0,0,0,0,0,0,0], "m_total": 0.73, "F_x_Ctotal": [-0.01,0,0.03], "I_total": [0.001,0,0,0,0.0025,0,0,0,0.0017], "elbow": [-0.00536742,-1], "elbow_d": [-0.00540737,-1], "elbow_c": [-0.00540737,-1], "delbow_c": [0,0], "ddelbow_c": [0,0], "tau_J": [-0.109916,-28.8445,-0.06712,19.0622,1.51105,0.215744,0.071614], "tau_J_d": [0,0,0,0,0,0,0], "dtau_J": [-70.8855,-11.1493,-38.6024,-88.1919,-37.7648,1.58434,-43.9177], "q": [1.86022,0.0204224,-0.00536742,-1.28415,-0.579361,2.79038,-1.7889], "dq": [0.000915245,0.000542984,-0.000169239,0.00126552,0.000427069,7.08441e-05,0.000668509], "q_d": [1.86017,0.020274,-0.00540737,-1.28414,-0.579361,2.79025,-1.78892], "dq_d": [0,0,0,0,0,0,0], "ddq_d": [0,0,0,0,0,0,0], "joint_contact": [0,0,0,0,0,0,0], "cartesian_contact": [0,0,0,0,0,0], "joint_collision": [0,0,0,0,0,0,0], "cartesian_collision": [0,0,0,0,0,0], "tau_ext_hat_filtered": [-0.0727738,-1.25714,-0.0897975,-0.422077,0.0462789,-1.23813,0.106053], "O_F_ext_hat_K": [0.399128,-5.79222,-1.13481,3.24886,0.104825,-0.0771413], "K_F_ext_hat_K": [1.31397,0.135397,-5.76646,0.931813,1.21784,0.106165], "O_dP_EE_d": [0,0,0,0,0,0], "O_ddP_O": [0,0,-9.81], "O_T_EE_c": [-0.00749208,-0.0314963,-0.999466,0,-0.995522,-0.093851,0.0104201,0,-0.0941309,0.995088,-0.0306527,0,-0.188983,0.627352,0.89616,1], "O_dP_EE_c": [0,0,0,0,0,0], "O_ddP_EE_c": [0,0,0,0,0,0], "theta": [1.86021,0.0183982,-0.00537213,-1.28281,-0.579193,2.7904,-1.78889], "dtheta": [0,0,0,0,0,0,0], "current_errors": [], "last_motion_errors": [], "control_command_success_rate": 0, "robot_mode": "User stopped", "time": 1159647}