{"O_T_EE": [-0.0130636,0.0617791,-0.997995,0,-0.931582,0.361854,0.0345942,0,0.363272,0.930184,0.0528263,0,0.117323,0.630903,0.899038,1], "O_T_EE_d": [-0.0129379,0.0616864,-0.998002,0,-0.931658,0.361674,0.0344329,0,0.363083,0.93026,0.0527923,0,0.117063,0.630921,0.89903,1], "F_T_NE": [0.7071,-0.7071,0,0,0.7071,0.7071,0,0,0,0,1,0,0,0,0.1034,1], "NE_T_EE": [1,0,0,0,0,1,0,0,0,0,1,0,0,0,0,1], "F_T_EE": [0.7071,-0.7071,0,0,0.7071,0.7071,0,0,0,0,1,0,0,0,0.1034,1], "EE_T_K": [1,0,0,0,0,1,0,0,0,0,1,0,0,0,0,1], "m_ee": 0.73, "F_x_Cee": [-0.01,0,0.03], "I_ee": [0.001,0,0,0,0.0025,0,0,0,0.0017], "m_load": 0, "F_x_Cload": [0,0,0], "I_load": [0,0,0,0,0,0,0,0,0], "m_total": 0.73, "F_x_Ctotal": [-0.01,0,0.03], "I_total": [0.001,0,0,0,0.0025,0,0,0,0.0017], "elbow": [2.00576,-1], "elbow_d": [2.00581,-1], "elbow_c": [2.00581,-1], "delbow_c": [0,0], "ddelbow_c": [0,0], "tau_J": [0.449471,-18.1725,16.0956,12.3535,1.23731,-0.264907,0.214436], "tau_J_d": [0,0,0,0,0,0,0], "dtau_J": [-21.1894,-146.215,-4.93793,24.5873,22.4271,20.4153,-62.6467], "q": [0.157518,0.676668,2.00576,-1.29909,-1.81941,2.3495,-1.39394], "dq": [0.000260813,0.00212726,-0.000239931,0.000126956,-0.00185841,-0.00028606,0.00112729], "q_d": [0.157696,0.676504,2.00581,-1.29921,-1.81938,2.34936,-1.39391], "dq_d": [0,0,0,0,0,0,0], "ddq_d": [0,0,0,0,0,0,0], "joint_contact": [0,0,0,0,0,0,0], "cartesian_contact": [0,0,0,0,0,0], "joint_collision": [0,0,0,0,0,0,0], "cartesian_collision": [0,0,0,0,0,0], "tau_ext_hat_filtered": [0.431912,-0.637804,0.526287,-0.707695,0.541,-1.14237,0.24682], "O_F_ext_hat_K": [-2.74696,-3.53877,-0.725702,1.57035,-1.59136,0.366168], "K_F_ext_hat_K": [0.54152,1.25342,-4.32794,1.01388,1.32841,0.268509], "O_dP_EE_d": [0,0,0,0,0,0], "O_ddP_O": [0,0,-9.81], "O_T_EE_c": [-0.0129379,0.0616864,-0.998002,0,-0.931658,0.361674,0.0344329,0,0.363083,0.93026,0.0527923,0,0.117063,0.630921,0.89903,1], "O_dP_EE_c": [0,0,0,0,0,0], "O_ddP_EE_c": [0,0,0,0,0,0], "theta": [0.157549,0.675393,2.00688,-1.29822,-1.81927,2.34947,-1.39392], "dtheta": [0,0,0,0,0,0,0], "current_errors": [], "last_motion_errors": [], "control_command_success_rate": 0, "robot_mode": "User stopped", "time": 1368848}