{"O_T_EE": [-0.00497608,0.0565519,-0.998378,0,-0.897793,0.439415,0.0293649,0,0.440372,0.8965,0.0485863,0,0.166314,0.618826,0.898185,1], "O_T_EE_d": [-0.00465807,0.0564166,-0.998387,0,-0.897864,0.439293,0.0290125,0,0.44023,0.896568,0.0486091,0,0.166014,0.618851,0.898185,1], "F_T_NE": [0.7071,-0.7071,0,0,0.7071,0.7071,0,0,0,0,1,0,0,0,0.1034,1], "NE_T_EE": [1,0,0,0,0,1,0,0,0,0,1,0,0,0,0,1], "F_T_EE": [0.7071,-0.7071,0,0,0.7071,0.7071,0,0,0,0,1,0,0,0,0.1034,1], "EE_T_K": [1,0,0,0,0,1,0,0,0,0,1,0,0,0,0,1], "m_ee": 0.73, "F_x_Cee": [-0.01,0,0.03], "I_ee": [0.001,0,0,0,0.0025,0,0,0,0.0017], "m_load": 0, "F_x_Cload": [0,0,0], "I_load": [0,0,0,0,0,0,0,0,0], "m_total": 0.73, "F_x_Ctotal": [-0.01,0,0.03], "I_total": [0.001,0,0,0,0.0025,0,0,0,0.0017], "elbow": [2.09912,-1], "elbow_d": [2.09912,-1], "elbow_c": [2.09912,-1], "delbow_c": [0,0], "ddelbow_c": [0,0], "tau_J": [0.151925,-20.8505,17.3294,10.2072,0.687992,-0.224624,0.112813], "tau_J_d": [0,0,0,0,0,0,0], "dtau_J": [244.124,22.5509,23.2019,15.4283,2.36372,10.0962,-13.6229], "q": [0.166178,0.799894,2.09912,-1.31628,-1.97017,2.22789,-1.4334], "dq": [-0.00175113,-0.00105844,-0.000165576,-0.00117494,-0.000184594,-3.88033e-05,0.00097341], "q_d": [0.166296,0.799623,2.09912,-1.31648,-1.97015,2.22774,-1.4334], "dq_d": [0,0,0,0,0,0,0], "ddq_d": [0,0,0,0,0,0,0], "joint_contact": [0,0,0,0,0,0,0], "cartesian_contact": [0,0,0,0,0,0], "joint_collision": [0,0,0,0,0,0,0], "cartesian_collision": [0,0,0,0,0,0], "tau_ext_hat_filtered": [0.139534,-0.0893994,0.112452,-0.439843,0.296847,-1.14678,0.158052], "O_F_ext_hat_K": [-1.98418,-2.62837,-1.05326,0.893993,-0.919693,0.00848343], "K_F_ext_hat_K": [0.912804,0.595516,-3.28128,0.823901,1.01069,0.219255], "O_dP_EE_d": [0,0,0,0,0,0], "O_ddP_O": [0,0,-9.81], "O_T_EE_c": [-0.00465807,0.0564166,-0.998387,0,-0.897864,0.439293,0.0290125,0,0.44023,0.896568,0.0486091,0,0.166014,0.618851,0.898185,1], "O_dP_EE_c": [0,0,0,0,0,0], "O_ddP_EE_c": [0,0,0,0,0,0], "theta": [0.166188,0.798431,2.10033,-1.31557,-1.97009,2.22786,-1.43339], "dtheta": [0,0,0,0,0,0,0], "current_errors": [], "last_motion_errors": [], "control_command_success_rate": 0, "robot_mode": "User stopped", "time": 1342597}