{"O_T_EE": [0.00778393,-0.0141908,-0.999859,0,-0.722115,0.691587,-0.0154372,0,0.691722,0.722147,-0.00486418,0,0.340078,0.534685,0.898492,1], "O_T_EE_d": [0.00785664,-0.0142663,-0.999858,0,-0.722136,0.691563,-0.0155418,0,0.6917,0.722169,-0.00486892,0,0.339912,0.534681,0.89855,1], "F_T_NE": [0.7071,-0.7071,0,0,0.7071,0.7071,0,0,0,0,1,0,0,0,0.1034,1], "NE_T_EE": [1,0,0,0,0,1,0,0,0,0,1,0,0,0,0,1], "F_T_EE": [0.7071,-0.7071,0,0,0.7071,0.7071,0,0,0,0,1,0,0,0,0.1034,1], "EE_T_K": [1,0,0,0,0,1,0,0,0,0,1,0,0,0,0,1], "m_ee": 0.73, "F_x_Cee": [-0.01,0,0.03], "I_ee": [0.001,0,0,0,0.0025,0,0,0,0.0017], "m_load": 0, "F_x_Cload": [0,0,0], "I_load": [0,0,0,0,0,0,0,0,0], "m_total": 0.73, "F_x_Ctotal": [-0.01,0,0.03], "I_total": [0.001,0,0,0,0.0025,0,0,0,0.0017], "elbow": [0.477554,-1], "elbow_d": [0.477667,-1], "elbow_c": [0.477667,-1], "delbow_c": [0,0], "ddelbow_c": [0,0], "tau_J": [0.151925,-21.1916,-0.741558,18.9868,1.4195,0.0756688,-0.0400803], "tau_J_d": [0,0,0,0,0,0,0], "dtau_J": [15.0828,-105.501,49.3242,-28.8279,4.79986,-22.4051,-100.442], "q": [0.48205,-0.0635281,0.477554,-1.38525,-0.550977,2.84885,-1.80959], "dq": [0.000449844,0.000491518,-0.000682949,0.0013562,-0.00111097,0.00067777,0.00299932], "q_d": [0.482075,-0.0637886,0.477667,-1.38534,-0.550975,2.84866,-1.80959], "dq_d": [0,0,0,0,0,0,0], "ddq_d": [0,0,0,0,0,0,0], "joint_contact": [0,0,0,0,0,0,0], "cartesian_contact": [0,0,0,0,0,0], "joint_collision": [0,0,0,0,0,0,0], "cartesian_collision": [0,0,0,0,0,0], "tau_ext_hat_filtered": [0.145371,-0.340457,0.153502,-0.593138,-0.133272,-1.32182,0.0541885], "O_F_ext_hat_K": [-2.59559,0.313103,0.601904,-0.838122,-1.63371,0.116894], "K_F_ext_hat_K": [-0.626479,2.0816,-1.57225,1.35758,1.28031,0.0511069], "O_dP_EE_d": [0,0,0,0,0,0], "O_ddP_O": [0,0,-9.81], "O_T_EE_c": [0.00785664,-0.0142663,-0.999858,0,-0.722136,0.691563,-0.0155418,0,0.6917,0.722169,-0.00486892,0,0.339912,0.534681,0.89855,1], "O_dP_EE_c": [0,0,0,0,0,0], "O_ddP_EE_c": [0,0,0,0,0,0], "theta": [0.48206,-0.0650152,0.477503,-1.38392,-0.550819,2.84886,-1.80959], "dtheta": [0,0,0,0,0,0,0], "current_errors": [], "last_motion_errors": [], "control_command_success_rate": 0, "robot_mode": "User stopped", "time": 1628389}