{"O_T_EE": [-0.0167153,0.00590339,-0.999833,0,-0.865508,0.500573,0.0174252,0,0.500602,0.865671,-0.00325788,0,0.208481,0.604261,0.898311,1], "O_T_EE_d": [-0.0166984,0.00590562,-0.999834,0,-0.865596,0.500421,0.0174122,0,0.50045,0.865759,-0.0032444,0,0.208309,0.604279,0.898347,1], "F_T_NE": [0.7071,-0.7071,0,0,0.7071,0.7071,0,0,0,0,1,0,0,0,0.1034,1], "NE_T_EE": [1,0,0,0,0,1,0,0,0,0,1,0,0,0,0,1], "F_T_EE": [0.7071,-0.7071,0,0,0.7071,0.7071,0,0,0,0,1,0,0,0,0.1034,1], "EE_T_K": [1,0,0,0,0,1,0,0,0,0,1,0,0,0,0,1], "m_ee": 0.73, "F_x_Cee": [-0.01,0,0.03], "I_ee": [0.001,0,0,0,0.0025,0,0,0,0.0017], "m_load": 0, "F_x_Cload": [0,0,0], "I_load": [0,0,0,0,0,0,0,0,0], "m_total": 0.73, "F_x_Ctotal": [-0.01,0,0.03], "I_total": [0.001,0,0,0,0.0025,0,0,0,0.0017], "elbow": [0.602474,-1], "elbow_d": [0.602585,-1], "elbow_c": [0.602585,-1], "delbow_c": [0,0], "ddelbow_c": [0,0], "tau_J": [0.298714,-19.7952,-0.444012,18.8718,1.5019,0.296311,0.0926712], "tau_J_d": [0,0,0,0,0,0,0], "dtau_J": [-36.939,78.9686,-68.0418,-120.656,-11.1365,17.6124,-126.367], "q": [0.594189,-0.0455762,0.602474,-1.36537,-0.546695,2.85093,-1.78431], "dq": [0.00127299,-0.00129594,0.000562543,0.00078338,-0.000560167,-0.000772666,0.00264765], "q_d": [0.594302,-0.0456791,0.602585,-1.36536,-0.546692,2.85084,-1.78427], "dq_d": [0,0,0,0,0,0,0], "ddq_d": [0,0,0,0,0,0,0], "joint_contact": [0,0,0,0,0,0,0], "cartesian_contact": [0,0,0,0,0,0], "joint_collision": [0,0,0,0,0,0,0], "cartesian_collision": [0,0,0,0,0,0], "tau_ext_hat_filtered": [0.323951,-0.392272,0.342632,-0.68905,-0.0396259,-1.12607,0.177561], "O_F_ext_hat_K": [-2.76192,-0.494338,-0.222216,-0.439942,-1.80212,0.310607], "K_F_ext_hat_K": [0.265432,2.13918,-1.80984,1.27133,0.94369,0.176415], "O_dP_EE_d": [0,0,0,0,0,0], "O_ddP_O": [0,0,-9.81], "O_T_EE_c": [-0.0166984,0.00590562,-0.999834,0,-0.865596,0.500421,0.0174122,0,0.50045,0.865759,-0.0032444,0,0.208309,0.604279,0.898347,1], "O_dP_EE_c": [0,0,0,0,0,0], "O_ddP_EE_c": [0,0,0,0,0,0], "theta": [0.59421,-0.0469654,0.602442,-1.36404,-0.546529,2.85097,-1.7843], "dtheta": [0,0,0,0,0,0,0], "current_errors": [], "last_motion_errors": [], "control_command_success_rate": 0, "robot_mode": "User stopped", "time": 1608183}