{"O_T_EE": [0.0132368,0.0086871,-0.999865,0,-0.787158,0.616714,-0.0050627,0,0.616599,0.787134,0.0150018,0,0.297552,0.560976,0.898531,1], "O_T_EE_d": [0.0132425,0.00861446,-0.999866,0,-0.787151,0.616723,-0.00511177,0,0.616608,0.787128,0.0149481,0,0.297485,0.560975,0.898559,1], "F_T_NE": [0.7071,-0.7071,0,0,0.7071,0.7071,0,0,0,0,1,0,0,0,0.1034,1], "NE_T_EE": [1,0,0,0,0,1,0,0,0,0,1,0,0,0,0,1], "F_T_EE": [0.7071,-0.7071,0,0,0.7071,0.7071,0,0,0,0,1,0,0,0,0.1034,1], "EE_T_K": [1,0,0,0,0,1,0,0,0,0,1,0,0,0,0,1], "m_ee": 0.73, "F_x_Cee": [-0.01,0,0.03], "I_ee": [0.001,0,0,0,0.0025,0,0,0,0.0017], "m_load": 0, "F_x_Cload": [0,0,0], "I_load": [0,0,0,0,0,0,0,0,0], "m_total": 0.73, "F_x_Ctotal": [-0.01,0,0.03], "I_total": [0.001,0,0,0,0.0025,0,0,0,0.0017], "elbow": [0.464424,-1], "elbow_d": [0.464469,-1], "elbow_c": [0.464469,-1], "delbow_c": [0,0], "ddelbow_c": [0,0], "tau_J": [0.0368734,-21.9811,-0.705853,19.447,1.45612,0.156235,0.0414016], "tau_J_d": [0,0,0,0,0,0,0], "dtau_J": [-12.3092,-105.241,13.9818,-6.5157,-0.296654,19.6936,-43.3669], "q": [0.569111,-0.0595483,0.464424,-1.39535,-0.534919,2.89075,-1.81521], "dq": [-0.000907161,0.00129367,-0.000167815,0.000529185,0.000151293,5.82698e-06,0.000213816], "q_d": [0.569156,-0.0596271,0.464469,-1.39531,-0.534934,2.89056,-1.81522], "dq_d": [0,0,0,0,0,0,0], "ddq_d": [0,0,0,0,0,0,0], "joint_contact": [0,0,0,0,0,0,0], "cartesian_contact": [0,0,0,0,0,0], "joint_collision": [0,0,0,0,0,0,0], "cartesian_collision": [0,0,0,0,0,0], "tau_ext_hat_filtered": [0.0396184,-0.712899,0.0966248,-0.21126,-0.121177,-1.21909,0.0536574], "O_F_ext_hat_K": [-2.60697,-0.00317123,1.22946,-0.249471,-1.87434,0.0460819], "K_F_ext_hat_K": [-1.26385,2.04396,-1.59151,1.41003,1.26298,0.0543377], "O_dP_EE_d": [0,0,0,0,0,0], "O_ddP_O": [0,0,-9.81], "O_T_EE_c": [0.0132425,0.00861446,-0.999866,0,-0.787151,0.616723,-0.00511177,0,0.616608,0.787128,0.0149481,0,0.297485,0.560975,0.898559,1], "O_dP_EE_c": [0,0,0,0,0,0], "O_ddP_EE_c": [0,0,0,0,0,0], "theta": [0.569113,-0.0610908,0.464374,-1.39398,-0.534755,2.89077,-1.81521], "dtheta": [0,0,0,0,0,0,0], "current_errors": [], "last_motion_errors": [], "control_command_success_rate": 0, "robot_mode": "User stopped", "time": 1575247}