{"O_T_EE": [-0.0258727,0.0227248,-0.999397,0,-0.609496,0.792057,0.033789,0,0.792362,0.610015,-0.00664209,0,0.426365,0.463122,0.899084,1], "O_T_EE_d": [-0.0259641,0.022703,-0.999395,0,-0.609538,0.792023,0.0338278,0,0.792327,0.61006,-0.00672594,0,0.426296,0.463156,0.899094,1], "F_T_NE": [0.7071,-0.7071,0,0,0.7071,0.7071,0,0,0,0,1,0,0,0,0.1034,1], "NE_T_EE": [1,0,0,0,0,1,0,0,0,0,1,0,0,0,0,1], "F_T_EE": [0.7071,-0.7071,0,0,0.7071,0.7071,0,0,0,0,1,0,0,0,0.1034,1], "EE_T_K": [1,0,0,0,0,1,0,0,0,0,1,0,0,0,0,1], "m_ee": 0.73, "F_x_Cee": [-0.01,0,0.03], "I_ee": [0.001,0,0,0,0.0025,0,0,0,0.0017], "m_load": 0, "F_x_Cload": [0,0,0], "I_load": [0,0,0,0,0,0,0,0,0], "m_total": 0.73, "F_x_Ctotal": [-0.01,0,0.03], "I_total": [0.001,0,0,0,0.0025,0,0,0,0.0017], "elbow": [-0.360694,-1], "elbow_d": [-0.360552,-1], "elbow_c": [-0.360552,-1], "delbow_c": [0,0], "ddelbow_c": [0,0], "tau_J": [0.298714,-23.2626,0.869159,18.9075,1.61176,0.0958104,0.194295], "tau_J_d": [0,0,0,0,0,0,0], "dtau_J": [37.425,-138.599,-55.8426,160.887,-27.6769,6.11053,-36.7716], "q": [1.18937,-0.0725004,-0.360694,-1.39418,-0.622607,2.84096,-1.74616], "dq": [1.23225e-05,0.00125613,-0.000469449,-0.00149837,0.000707894,-0.000210525,0.00122697], "q_d": [1.18939,-0.072553,-0.360552,-1.39417,-0.622626,2.84078,-1.74612], "dq_d": [0,0,0,0,0,0,0], "ddq_d": [0,0,0,0,0,0,0], "joint_contact": [0,0,0,0,0,0,0], "cartesian_contact": [0,0,0,0,0,0], "joint_collision": [0,0,0,0,0,0,0], "cartesian_collision": [0,0,0,0,0,0], "tau_ext_hat_filtered": [0.294939,0.10159,0.282234,-0.780371,0.0683056,-1.30954,0.228754], "O_F_ext_hat_K": [-3.91894,-0.829858,-0.686998,-0.158502,-2.11375,0.254591], "K_F_ext_hat_K": [0.769134,1.7081,-3.60688,1.24637,1.20119,0.224588], "O_dP_EE_d": [0,0,0,0,0,0], "O_ddP_O": [0,0,-9.81], "O_T_EE_c": [-0.0259641,0.022703,-0.999395,0,-0.609538,0.792023,0.0338278,0,0.792327,0.61006,-0.00672594,0,0.426296,0.463156,0.899094,1], "O_dP_EE_c": [0,0,0,0,0,0], "O_ddP_EE_c": [0,0,0,0,0,0], "theta": [1.18939,-0.0741328,-0.360633,-1.39286,-0.622427,2.84097,-1.74614], "dtheta": [0,0,0,0,0,0,0], "current_errors": [], "last_motion_errors": [], "control_command_success_rate": 0, "robot_mode": "User stopped", "time": 1874452}