{"O_T_EE": [-0.00625236,0.0124004,-0.999894,0,-0.557944,0.829753,0.0137792,0,0.829852,0.557981,0.00173083,0,0.460965,0.427412,0.899105,1], "O_T_EE_d": [-0.00625117,0.012411,-0.999894,0,-0.558198,0.829581,0.0137868,0,0.82968,0.558236,0.00174196,0,0.460804,0.427541,0.899137,1], "F_T_NE": [0.7071,-0.7071,0,0,0.7071,0.7071,0,0,0,0,1,0,0,0,0.1034,1], "NE_T_EE": [1,0,0,0,0,1,0,0,0,0,1,0,0,0,0,1], "F_T_EE": [0.7071,-0.7071,0,0,0.7071,0.7071,0,0,0,0,1,0,0,0,0.1034,1], "EE_T_K": [1,0,0,0,0,1,0,0,0,0,1,0,0,0,0,1], "m_ee": 0.73, "F_x_Cee": [-0.01,0,0.03], "I_ee": [0.001,0,0,0,0.0025,0,0,0,0.0017], "m_load": 0, "F_x_Cload": [0,0,0], "I_load": [0,0,0,0,0,0,0,0,0], "m_total": 0.73, "F_x_Ctotal": [-0.01,0,0.03], "I_total": [0.001,0,0,0,0.0025,0,0,0,0.0017], "elbow": [-0.370255,-1], "elbow_d": [-0.370062,-1], "elbow_c": [-0.370062,-1], "delbow_c": [0,0], "ddelbow_c": [0,0], "tau_J": [0.449471,-23.4133,1.20638,19.1376,1.59345,0.296311,0.0926712], "tau_J_d": [0,0,0,0,0,0,0], "dtau_J": [-11.0036,187.355,170.59,-52.0909,-36.1772,-18.3182,-74.996], "q": [1.11752,-0.0767872,-0.370255,-1.40595,-0.603874,2.86408,-1.78502], "dq": [-0.000698123,-0.0012019,-0.00181135,0.00172742,0.000408324,0.000112276,0.00139933], "q_d": [1.11768,-0.0768371,-0.370062,-1.40593,-0.60387,2.86401,-1.78503], "dq_d": [0,0,0,0,0,0,0], "ddq_d": [0,0,0,0,0,0,0], "joint_contact": [0,0,0,0,0,0,0], "cartesian_contact": [0,0,0,0,0,0], "joint_collision": [0,0,0,0,0,0,0], "cartesian_collision": [0,0,0,0,0,0], "tau_ext_hat_filtered": [0.435845,-0.241951,0.498765,-0.543221,0.0388585,-1.10359,0.147701], "O_F_ext_hat_K": [-4.25027,-0.85831,-0.462176,0.0183574,-2.51623,0.425252], "K_F_ext_hat_K": [0.478067,1.65289,-4.00681,1.01263,1.20257,0.146437], "O_dP_EE_d": [0,0,0,0,0,0], "O_ddP_O": [0,0,-9.81], "O_T_EE_c": [-0.00625117,0.012411,-0.999894,0,-0.558198,0.829581,0.0137868,0,0.82968,0.558236,0.00174196,0,0.460804,0.427541,0.899137,1], "O_dP_EE_c": [0,0,0,0,0,0], "O_ddP_EE_c": [0,0,0,0,0,0], "theta": [1.11756,-0.0784312,-0.370169,-1.40461,-0.603698,2.86411,-1.78501], "dtheta": [0,0,0,0,0,0,0], "current_errors": [], "last_motion_errors": [], "control_command_success_rate": 0, "robot_mode": "User stopped", "time": 1843478}