{"O_T_EE": [-0.0316371,-0.00928028,-0.999447,0,-0.484361,0.874827,0.00720912,0,0.874293,0.484331,-0.0321726,0,0.493023,0.389125,0.899548,1], "O_T_EE_d": [-0.0317915,-0.00939986,-0.999441,0,-0.484464,0.874771,0.00718313,0,0.874231,0.484431,-0.0323648,0,0.492962,0.389222,0.899497,1], "F_T_NE": [0.7071,-0.7071,0,0,0.7071,0.7071,0,0,0,0,1,0,0,0,0.1034,1], "NE_T_EE": [1,0,0,0,0,1,0,0,0,0,1,0,0,0,0,1], "F_T_EE": [0.7071,-0.7071,0,0,0.7071,0.7071,0,0,0,0,1,0,0,0,0.1034,1], "EE_T_K": [1,0,0,0,0,1,0,0,0,0,1,0,0,0,0,1], "m_ee": 0.73, "F_x_Cee": [-0.01,0,0.03], "I_ee": [0.001,0,0,0,0.0025,0,0,0,0.0017], "m_load": 0, "F_x_Cload": [0,0,0], "I_load": [0,0,0,0,0,0,0,0,0], "m_total": 0.73, "F_x_Ctotal": [-0.01,0,0.03], "I_total": [0.001,0,0,0,0.0025,0,0,0,0.0017], "elbow": [-0.379089,-1], "elbow_d": [-0.378947,-1], "elbow_c": [-0.378947,-1], "delbow_c": [0,0], "ddelbow_c": [0,0], "tau_J": [0.0765462,-23.0007,1.01992,18.7567,1.39203,0.176377,0.0514724], "tau_J_d": [0,0,0,0,0,0,0], "dtau_J": [-71.497,-77.75,-61.5783,-56.6874,4.9665,-28.0777,-10.0534], "q": [1.05886,-0.0763953,-0.379089,-1.38826,-0.568984,2.81127,-1.82791], "dq": [0.0019511,0.000516223,0.000399396,0.0025035,3.99854e-05,0.000284504,0.000648326], "q_d": [1.05893,-0.0764141,-0.378947,-1.38831,-0.568989,2.81108,-1.82792], "dq_d": [0,0,0,0,0,0,0], "ddq_d": [0,0,0,0,0,0,0], "joint_contact": [0,0,0,0,0,0,0], "cartesian_contact": [0,0,0,0,0,0], "joint_collision": [0,0,0,0,0,0,0], "cartesian_collision": [0,0,0,0,0,0], "tau_ext_hat_filtered": [0.140967,0.0358415,0.386649,-0.80172,-0.0712126,-1.32354,0.0846046], "O_F_ext_hat_K": [-4.4814,-0.605259,-0.97781,-0.37908,-2.45682,0.224227], "K_F_ext_hat_K": [1.12469,1.6341,-4.17974,1.22757,1.20978,0.0935514], "O_dP_EE_d": [0,0,0,0,0,0], "O_ddP_O": [0,0,-9.81], "O_T_EE_c": [-0.0317915,-0.00939986,-0.999441,0,-0.484464,0.874771,0.00718313,0,0.874231,0.484431,-0.0323648,0,0.492962,0.389222,0.899497,1], "O_dP_EE_c": [0,0,0,0,0,0], "O_ddP_EE_c": [0,0,0,0,0,0], "theta": [1.05887,-0.0780093,-0.379018,-1.38694,-0.568829,2.81129,-1.82791], "dtheta": [0,0,0,0,0,0,0], "current_errors": [], "last_motion_errors": [], "control_command_success_rate": 0, "robot_mode": "User stopped", "time": 1820918}