{"O_T_EE": [0.0192536,0.0301291,-0.999351,0,-0.330698,0.943468,0.022073,0,0.943539,0.330065,0.0281293,0,0.548969,0.29986,0.899679,1], "O_T_EE_d": [0.0192776,0.0300338,-0.999353,0,-0.330689,0.943474,0.0219754,0,0.943542,0.330057,0.0281203,0,0.54889,0.299905,0.899719,1], "F_T_NE": [0.7071,-0.7071,0,0,0.7071,0.7071,0,0,0,0,1,0,0,0,0.1034,1], "NE_T_EE": [1,0,0,0,0,1,0,0,0,0,1,0,0,0,0,1], "F_T_EE": [0.7071,-0.7071,0,0,0.7071,0.7071,0,0,0,0,1,0,0,0,0.1034,1], "EE_T_K": [1,0,0,0,0,1,0,0,0,0,1,0,0,0,0,1], "m_ee": 0.73, "F_x_Cee": [-0.01,0,0.03], "I_ee": [0.001,0,0,0,0.0025,0,0,0,0.0017], "m_load": 0, "F_x_Cload": [0,0,0], "I_load": [0,0,0,0,0,0,0,0,0], "m_total": 0.73, "F_x_Ctotal": [-0.01,0,0.03], "I_total": [0.001,0,0,0,0.0025,0,0,0,0.0017], "elbow": [0.675493,-1], "elbow_d": [0.675549,-1], "elbow_c": [0.675549,-1], "delbow_c": [0,0], "ddelbow_c": [0,0], "tau_J": [0.0011678,-15.9112,-2.20549,18.8718,1.44696,0.206589,0.0615432], "tau_J_d": [0,0,0,0,0,0,0], "dtau_J": [78.2444,-31.5396,-69.5384,-161.334,-10.5769,24.4958,-79.978], "q": [-0.263338,-0.113461,0.675493,-1.45022,-0.382099,2.94121,-1.88998], "dq": [-0.00101808,0.000110617,0.00120216,-0.00407536,-9.81022e-05,-0.000419342,0.00211547], "q_d": [-0.263341,-0.113606,0.675549,-1.45021,-0.382104,2.94107,-1.88998], "dq_d": [0,0,0,0,0,0,0], "ddq_d": [0,0,0,0,0,0,0], "joint_contact": [0,0,0,0,0,0,0], "cartesian_contact": [0,0,0,0,0,0], "joint_collision": [0,0,0,0,0,0,0], "cartesian_collision": [0,0,0,0,0,0], "tau_ext_hat_filtered": [-0.0484119,-0.0515867,-0.0438625,-0.77156,-0.0544441,-1.23355,0.124172], "O_F_ext_hat_K": [0,0,0,0,0,0], "K_F_ext_hat_K": [0,0,0,0,0,0], "O_dP_EE_d": [0,0,0,0,0,0], "O_ddP_O": [0,0,-9.81], "O_T_EE_c": [0.0192776,0.0300338,-0.999353,0,-0.330689,0.943474,0.0219754,0,0.943542,0.330057,0.0281203,0,0.54889,0.299905,0.899719,1], "O_dP_EE_c": [0,0,0,0,0,0], "O_ddP_EE_c": [0,0,0,0,0,0], "theta": [-0.263337,-0.114579,0.675338,-1.44889,-0.381937,2.94124,-1.88997], "dtheta": [0,0,0,0,0,0,0], "current_errors": [], "last_motion_errors": [], "control_command_success_rate": 0, "robot_mode": "User stopped", "time": 3604456}