{"O_T_EE": [-0.0123997,0.0124713,-0.999836,0,-0.116226,0.993117,0.0138289,0,0.993145,0.116381,-0.0108651,0,0.603067,0.165183,0.899024,1], "O_T_EE_d": [-0.0125269,0.0125421,-0.999833,0,-0.116336,0.993103,0.0139152,0,0.993131,0.116493,-0.0109816,0,0.602994,0.165264,0.899045,1], "F_T_NE": [0.7071,-0.7071,0,0,0.7071,0.7071,0,0,0,0,1,0,0,0,0.1034,1], "NE_T_EE": [1,0,0,0,0,1,0,0,0,0,1,0,0,0,0,1], "F_T_EE": [0.7071,-0.7071,0,0,0.7071,0.7071,0,0,0,0,1,0,0,0,0.1034,1], "EE_T_K": [1,0,0,0,0,1,0,0,0,0,1,0,0,0,0,1], "m_ee": 0.73, "F_x_Cee": [-0.01,0,0.03], "I_ee": [0.001,0,0,0,0.0025,0,0,0,0.0017], "m_load": 0, "F_x_Cload": [0,0,0], "I_load": [0,0,0,0,0,0,0,0,0], "m_total": 0.73, "F_x_Ctotal": [-0.01,0,0.03], "I_total": [0.001,0,0,0,0.0025,0,0,0,0.0017], "elbow": [-0.421881,-1], "elbow_d": [-0.421678,-1], "elbow_c": [-0.421678,-1], "delbow_c": [0,0], "ddelbow_c": [0,0], "tau_J": [0.298714,-22.2469,1.32143,19.0225,1.41034,0.0958104,0.122884], "tau_J_d": [0,0,0,0,0,0,0], "dtau_J": [-67.4231,-52.374,3.19609,3.61261,11.412,13.3807,12.4549], "q": [0.70028,-0.0905863,-0.421881,-1.41324,-0.5972,2.84781,-1.80112], "dq": [-0.000123529,-0.000523748,0.000907113,0.000423009,4.64872e-05,2.09119e-05,0.000571448], "q_d": [0.700315,-0.0907196,-0.421678,-1.41327,-0.597194,2.84756,-1.80109], "dq_d": [0,0,0,0,0,0,0], "ddq_d": [0,0,0,0,0,0,0], "joint_contact": [0,0,0,0,0,0,0], "cartesian_contact": [0,0,0,0,0,0], "joint_collision": [0,0,0,0,0,0,0], "cartesian_collision": [0,0,0,0,0,0], "tau_ext_hat_filtered": [0.306249,-0.101116,0.455182,-0.626627,-0.117604,-1.3393,0.13015], "O_F_ext_hat_K": [-4.95753,1.66254,-0.822521,-1.66101,-2.71658,0.312418], "K_F_ext_hat_K": [0.90461,2.21596,-4.72113,1.52477,1.21838,0.130935], "O_dP_EE_d": [0,0,0,0,0,0], "O_ddP_O": [0,0,-9.81], "O_T_EE_c": [-0.0125269,0.0125421,-0.999833,0,-0.116336,0.993103,0.0139152,0,0.993131,0.116493,-0.0109816,0,0.602994,0.165264,0.899045,1], "O_dP_EE_c": [0,0,0,0,0,0], "O_ddP_EE_c": [0,0,0,0,0,0], "theta": [0.700301,-0.0921475,-0.421787,-1.4119,-0.597045,2.84782,-1.8011], "dtheta": [0,0,0,0,0,0,0], "current_errors": [], "last_motion_errors": [], "control_command_success_rate": 0, "robot_mode": "User stopped", "time": 2105685}