{"O_T_EE": [-0.0163935,0.0157511,-0.999732,0,-0.0408786,0.99902,0.0164102,0,0.99903,0.0411375,-0.0157338,0,0.613744,0.11628,0.898524,1], "O_T_EE_d": [-0.0158765,0.0162516,-0.999732,0,-0.0411997,0.998998,0.0168939,0,0.999025,0.0414577,-0.0151913,0,0.613314,0.11623,0.898972,1], "F_T_NE": [0.7071,-0.7071,0,0,0.7071,0.7071,0,0,0,0,1,0,0,0,0.1034,1], "NE_T_EE": [1,0,0,0,0,1,0,0,0,0,1,0,0,0,0,1], "F_T_EE": [0.7071,-0.7071,0,0,0.7071,0.7071,0,0,0,0,1,0,0,0,0.1034,1], "EE_T_K": [1,0,0,0,0,1,0,0,0,0,1,0,0,0,0,1], "m_ee": 0.73, "F_x_Cee": [-0.01,0,0.03], "I_ee": [0.001,0,0,0,0.0025,0,0,0,0.0017], "m_load": 0, "F_x_Cload": [0,0,0], "I_load": [0,0,0,0,0,0,0,0,0], "m_total": 0.73, "F_x_Ctotal": [-0.01,0,0.03], "I_total": [0.001,0,0,0,0.0025,0,0,0,0.0017], "elbow": [-0.440463,-1], "elbow_d": [-0.44019,-1], "elbow_c": [-0.44019,-1], "delbow_c": [0,0], "ddelbow_c": [0,0], "tau_J": [0.600228,-24.544,1.9562,18.9075,1.59345,0.105881,0.143025], "tau_J_d": [0,0,0,0,0,0,0], "dtau_J": [-74.7723,-72.0089,-51.755,102.158,-2.18554,-7.77077,119.028], "q": [0.642341,-0.0944678,-0.440463,-1.41637,-0.587797,2.84473,-1.81063], "dq": [0.000939161,0.00015225,0.000819202,-0.00104486,0.00026209,0.000593939,-0.00288059], "q_d": [0.642481,-0.095342,-0.44019,-1.41639,-0.587798,2.84453,-1.81061], "dq_d": [0,0,0,0,0,0,0], "ddq_d": [0,0,0,0,0,0,0], "joint_contact": [0,0,0,0,0,0,0], "cartesian_contact": [0,0,0,0,0,0], "joint_collision": [0,0,0,0,0,0,0], "cartesian_collision": [0,0,0,0,0,0], "tau_ext_hat_filtered": [0.467936,-2.7939,0.856345,-0.775687,0.0921957,-1.34691,0.0886785], "O_F_ext_hat_K": [-14.3234,-0.551691,-4.75354,-0.030845,-8.42357,0.555974], "K_F_ext_hat_K": [4.97849,-0.0436363,-14.2574,0.794389,1.51345,0.10119], "O_dP_EE_d": [0,0,0,0,0,0], "O_ddP_O": [0,0,-9.81], "O_T_EE_c": [-0.0158765,0.0162516,-0.999732,0,-0.0411997,0.998998,0.0168939,0,0.999025,0.0414577,-0.0151913,0,0.613314,0.11623,0.898972,1], "O_dP_EE_c": [0,0,0,0,0,0], "O_ddP_EE_c": [0,0,0,0,0,0], "theta": [0.642383,-0.0961902,-0.440326,-1.41504,-0.58762,2.84474,-1.81061], "dtheta": [0,0,0,0,0,0,0], "current_errors": [], "last_motion_errors": [], "control_command_success_rate": 0, "robot_mode": "User stopped", "time": 2086342}