{"O_T_EE": [0.00418147,0.0187963,-0.999805,0,-0.256216,0.966458,0.0170978,0,0.96661,0.256099,0.00885729,0,0.571565,0.255429,0.899472,1], "O_T_EE_d": [0.00394913,0.0186713,-0.999808,0,-0.256189,0.966467,0.0170367,0,0.966618,0.256078,0.00860026,0,0.571577,0.255469,0.899372,1], "F_T_NE": [0.7071,-0.7071,0,0,0.7071,0.7071,0,0,0,0,1,0,0,0,0.1034,1], "NE_T_EE": [1,0,0,0,0,1,0,0,0,0,1,0,0,0,0,1], "F_T_EE": [0.7071,-0.7071,0,0,0.7071,0.7071,0,0,0,0,1,0,0,0,0.1034,1], "EE_T_K": [1,0,0,0,0,1,0,0,0,0,1,0,0,0,0,1], "m_ee": 0.73, "F_x_Cee": [-0.01,0,0.03], "I_ee": [0.001,0,0,0,0.0025,0,0,0,0.0017], "m_load": 0, "F_x_Cload": [0,0,0], "I_load": [0,0,0,0,0,0,0,0,0], "m_total": 0.73, "F_x_Ctotal": [-0.01,0,0.03], "I_total": [0.001,0,0,0,0.0025,0,0,0,0.0017], "elbow": [0.608151,-1], "elbow_d": [0.608172,-1], "elbow_c": [0.608172,-1], "delbow_c": [0,0], "ddelbow_c": [0,0], "tau_J": [0.0765462,-17.0815,-1.71751,18.5266,1.4195,0.235886,0.0514724], "tau_J_d": [0,0,0,0,0,0,0], "dtau_J": [-43.1993,-111.773,-63.5356,-169.783,1.07534,8.00268,-70.5091], "q": [-0.26182,-0.104432,0.608151,-1.4385,-0.381707,2.91124,-1.9075], "dq": [0.000512872,0.00171749,0.000846638,0.00266727,-9.34692e-05,2.61773e-05,0.00207539], "q_d": [-0.261792,-0.104498,0.608172,-1.43868,-0.381711,2.9111,-1.9075], "dq_d": [0,0,0,0,0,0,0], "ddq_d": [0,0,0,0,0,0,0], "joint_contact": [0,0,0,0,0,0,0], "cartesian_contact": [0,0,0,0,0,0], "joint_collision": [0,0,0,0,0,0,0], "cartesian_collision": [0,0,0,0,0,0], "tau_ext_hat_filtered": [0.104983,0.454432,0.119106,-1.07311,-0.038663,-1.2418,0.118569], "O_F_ext_hat_K": [0,0,0,0,0,0], "K_F_ext_hat_K": [0,0,0,0,0,0], "O_dP_EE_d": [0,0,0,0,0,0], "O_ddP_O": [0,0,-9.81], "O_T_EE_c": [0.00394913,0.0186713,-0.999808,0,-0.256189,0.966467,0.0170367,0,0.966618,0.256078,0.00860026,0,0.571577,0.255469,0.899372,1], "O_dP_EE_c": [0,0,0,0,0,0], "O_ddP_EE_c": [0,0,0,0,0,0], "theta": [-0.261815,-0.105631,0.608032,-1.4372,-0.381549,2.91127,-1.90749], "dtheta": [0,0,0,0,0,0,0], "current_errors": [], "last_motion_errors": [], "control_command_success_rate": 0, "robot_mode": "User stopped", "time": 3589710}