{"O_T_EE": [0.00987642,0.0209773,-0.999722,0,0.291821,0.956188,0.0229468,0,0.956421,-0.291972,0.00332216,0,0.619425,-0.0887083,0.89871,1], "O_T_EE_d": [0.00962641,0.0211306,-0.999721,0,0.292014,0.956127,0.023021,0,0.956365,-0.29216,0.00303369,0,0.619473,-0.0888679,0.898594,1], "F_T_NE": [0.7071,-0.7071,0,0,0.7071,0.7071,0,0,0,0,1,0,0,0,0.1034,1], "NE_T_EE": [1,0,0,0,0,1,0,0,0,0,1,0,0,0,0,1], "F_T_EE": [0.7071,-0.7071,0,0,0.7071,0.7071,0,0,0,0,1,0,0,0,0.1034,1], "EE_T_K": [1,0,0,0,0,1,0,0,0,0,1,0,0,0,0,1], "m_ee": 0.73, "F_x_Cee": [-0.01,0,0.03], "I_ee": [0.001,0,0,0,0.0025,0,0,0,0.0017], "m_load": 0, "F_x_Cload": [0,0,0], "I_load": [0,0,0,0,0,0,0,0,0], "m_total": 0.73, "F_x_Ctotal": [-0.01,0,0.03], "I_total": [0.001,0,0,0,0.0025,0,0,0,0.0017], "elbow": [0.648317,-1], "elbow_d": [0.648205,-1], "elbow_c": [0.648205,-1], "delbow_c": [0,0], "ddelbow_c": [0,0], "tau_J": [0.0765462,-16.3635,-2.09044,18.9075,1.67585,0.245957,0.163167], "tau_J_d": [0,0,0,0,0,0,0], "dtau_J": [9.47472,106.765,75.0665,30.1829,-24.9821,42.1619,39.5971], "q": [-0.86806,-0.111094,0.648317,-1.44424,-0.33027,2.91276,-1.94406], "dq": [-0.00151793,-0.000808914,-0.00073804,-0.000630241,-0.00257668,-0.000759587,-0.000458188], "q_d": [-0.868089,-0.110985,0.648205,-1.44431,-0.330263,2.91262,-1.94406], "dq_d": [0,0,0,0,0,0,0], "ddq_d": [0,0,0,0,0,0,0], "joint_contact": [0,0,0,0,0,0,0], "cartesian_contact": [0,0,0,0,0,0], "joint_collision": [0,0,0,0,0,0,0], "cartesian_collision": [0,0,0,0,0,0], "tau_ext_hat_filtered": [0.1035,0.0718245,-0.0762677,-0.766525,0.288066,-1.28523,0.142862], "O_F_ext_hat_K": [0,0,0,0,0,0], "K_F_ext_hat_K": [0,0,0,0,0,0], "O_dP_EE_d": [0,0,0,0,0,0], "O_ddP_O": [0,0,-9.81], "O_T_EE_c": [0.00962641,0.0211306,-0.999721,0,0.292014,0.956127,0.023021,0,0.956365,-0.29216,0.00303369,0,0.619473,-0.0888679,0.898594,1], "O_dP_EE_c": [0,0,0,0,0,0], "O_ddP_EE_c": [0,0,0,0,0,0], "theta": [-0.868054,-0.112243,0.648171,-1.44291,-0.330084,2.91279,-1.94404], "dtheta": [0,0,0,0,0,0,0], "current_errors": [], "last_motion_errors": [], "control_command_success_rate": 0, "robot_mode": "User stopped", "time": 2460290}