{"O_T_EE": [0.0141598,0.00231495,-0.999887,0,0.359145,0.933243,0.00724664,0,0.933173,-0.359214,0.0123834,0,0.610354,-0.137225,0.897902,1], "O_T_EE_d": [0.0144471,0.00185175,-0.999884,0,0.359574,0.933081,0.00692342,0,0.933003,-0.359639,0.0128147,0,0.610056,-0.137194,0.898212,1], "F_T_NE": [0.7071,-0.7071,0,0,0.7071,0.7071,0,0,0,0,1,0,0,0,0.1034,1], "NE_T_EE": [1,0,0,0,0,1,0,0,0,0,1,0,0,0,0,1], "F_T_EE": [0.7071,-0.7071,0,0,0.7071,0.7071,0,0,0,0,1,0,0,0,0.1034,1], "EE_T_K": [1,0,0,0,0,1,0,0,0,0,1,0,0,0,0,1], "m_ee": 0.73, "F_x_Cee": [-0.01,0,0.03], "I_ee": [0.001,0,0,0,0.0025,0,0,0,0.0017], "m_load": 0, "F_x_Cload": [0,0,0], "I_load": [0,0,0,0,0,0,0,0,0], "m_total": 0.73, "F_x_Ctotal": [-0.01,0,0.03], "I_total": [0.001,0,0,0,0.0025,0,0,0,0.0017], "elbow": [0.603712,-1], "elbow_d": [0.603404,-1], "elbow_c": [0.603404,-1], "delbow_c": [0,0], "ddelbow_c": [0,0], "tau_J": [-0.296379,-19.7555,-2.46733,19.2169,1.52936,0.126023,0.071614], "tau_J_d": [0,0,0,0,0,0,0], "dtau_J": [-249.351,108.572,-5.81988,85.0714,8.57725,11.3434,76.3902], "q": [-0.900474,-0.109577,0.603712,-1.45414,-0.334415,2.93145,-1.95995], "dq": [0.00247165,-0.00110054,0.000537219,-0.00176014,-0.000272616,-0.000259938,-0.00116199], "q_d": [-0.900558,-0.110256,0.603404,-1.45413,-0.334414,2.93126,-1.95996], "dq_d": [0,0,0,0,0,0,0], "ddq_d": [0,0,0,0,0,0,0], "joint_contact": [0,0,0,0,0,0,0], "cartesian_contact": [0,0,0,0,0,0], "joint_collision": [0,0,0,0,0,0,0], "cartesian_collision": [0,0,0,0,0,0], "tau_ext_hat_filtered": [-0.304095,-2.41039,-0.6016,-0.577942,0.110412,-1.37293,0.0502975], "O_F_ext_hat_K": [0,0,0,0,0,0], "K_F_ext_hat_K": [0,0,0,0,0,0], "O_dP_EE_d": [0,0,0,0,0,0], "O_ddP_O": [0,0,-9.81], "O_T_EE_c": [0.0144471,0.00185175,-0.999884,0,0.359574,0.933081,0.00692342,0,0.933003,-0.359639,0.0128147,0,0.610056,-0.137194,0.898212,1], "O_dP_EE_c": [0,0,0,0,0,0], "O_ddP_EE_c": [0,0,0,0,0,0], "theta": [-0.900495,-0.110964,0.603538,-1.45279,-0.334245,2.93147,-1.95994], "dtheta": [0,0,0,0,0,0,0], "current_errors": [], "last_motion_errors": [], "control_command_success_rate": 0, "robot_mode": "User stopped", "time": 2423107}