{"O_T_EE": [0.0306697,0.0231511,-0.999252,0,0.213102,0.976585,0.0291666,0,0.976548,-0.213841,0.0250185,0,0.619613,-0.0365814,0.903726,1], "O_T_EE_d": [0.0306915,0.0231148,-0.999252,0,0.213298,0.976543,0.0291408,0,0.976505,-0.214037,0.0250417,0,0.619499,-0.0365838,0.903805,1], "F_T_NE": [0.7071,-0.7071,0,0,0.7071,0.7071,0,0,0,0,1,0,0,0,0.1034,1], "NE_T_EE": [1,0,0,0,0,1,0,0,0,0,1,0,0,0,0,1], "F_T_EE": [0.7071,-0.7071,0,0,0.7071,0.7071,0,0,0,0,1,0,0,0,0.1034,1], "EE_T_K": [1,0,0,0,0,1,0,0,0,0,1,0,0,0,0,1], "m_ee": 0.73, "F_x_Cee": [-0.01,0,0.03], "I_ee": [0.001,0,0,0,0.0025,0,0,0,0.0017], "m_load": 0, "F_x_Cload": [0,0,0], "I_load": [0,0,0,0,0,0,0,0,0], "m_total": 0.73, "F_x_Ctotal": [-0.01,0,0.03], "I_total": [0.001,0,0,0,0.0025,0,0,0,0.0017], "elbow": [-0.830827,-1], "elbow_d": [-0.83064,-1], "elbow_c": [-0.83064,-1], "delbow_c": [0,0], "ddelbow_c": [0,0], "tau_J": [-0.41143,25.3327,18.23,5.64483,0.395939,-0.274978,0.174153], "tau_J_d": [0,0,0,0,0,0,0], "dtau_J": [-21.3841,-14.8918,4.48227,35.5144,-27.7957,32.3302,66.2941], "q": [2.07228,-1.01355,-0.830827,-1.38494,-2.15832,2.02216,-1.56246], "dq": [0.000192657,0.000650466,7.49467e-05,-0.00599158,0.000517734,-0.000440819,-0.000376592], "q_d": [2.07212,-1.0134,-0.83064,-1.38503,-2.15832,2.02187,-1.56242], "dq_d": [0,0,0,0,0,0,0], "ddq_d": [0,0,0,0,0,0,0], "joint_contact": [0,0,0,0,0,0,0], "cartesian_contact": [0,0,0,0,0,0], "joint_collision": [0,0,0,0,0,0,0], "cartesian_collision": [0,0,0,0,0,0], "tau_ext_hat_filtered": [-0.413057,-0.191737,0.138378,-0.294599,0.470601,-1.42338,0.145681], "O_F_ext_hat_K": [-5.27421,0.531692,-2.51622,0.0878975,-2.05558,-0.519317], "K_F_ext_hat_K": [2.36494,-0.678103,-5.32716,0.696607,1.20711,0.20248], "O_dP_EE_d": [0,0,0,0,0,0], "O_ddP_O": [0,0,-9.81], "O_T_EE_c": [0.0306915,0.0231148,-0.999252,0,0.213298,0.976543,0.0291408,0,0.976505,-0.214037,0.0250417,0,0.619499,-0.0365838,0.903805,1], "O_dP_EE_c": [0,0,0,0,0,0], "O_ddP_EE_c": [0,0,0,0,0,0], "theta": [2.07225,-1.01177,-0.829548,-1.38455,-2.15828,2.02213,-1.56244], "dtheta": [0,0,0,0,0,0,0], "current_errors": [], "last_motion_errors": [], "control_command_success_rate": 0, "robot_mode": "User stopped", "time": 2483239}