{"O_T_EE": [-0.039267,0.0188772,-0.999041,0,0.444393,0.895821,-0.000539863,0,0.894969,-0.443996,-0.0435659,0,0.599123,-0.186116,0.897462,1], "O_T_EE_d": [-0.038996,0.0184146,-0.99906,0,0.445035,0.895502,-0.000865104,0,0.894661,-0.444659,-0.043117,0,0.598746,-0.186181,0.897812,1], "F_T_NE": [0.7071,-0.7071,0,0,0.7071,0.7071,0,0,0,0,1,0,0,0,0.1034,1], "NE_T_EE": [1,0,0,0,0,1,0,0,0,0,1,0,0,0,0,1], "F_T_EE": [0.7071,-0.7071,0,0,0.7071,0.7071,0,0,0,0,1,0,0,0,0.1034,1], "EE_T_K": [1,0,0,0,0,1,0,0,0,0,1,0,0,0,0,1], "m_ee": 0.73, "F_x_Cee": [-0.01,0,0.03], "I_ee": [0.001,0,0,0,0.0025,0,0,0,0.0017], "m_load": 0, "F_x_Cload": [0,0,0], "I_load": [0,0,0,0,0,0,0,0,0], "m_total": 0.73, "F_x_Ctotal": [-0.01,0,0.03], "I_total": [0.001,0,0,0,0.0025,0,0,0,0.0017], "elbow": [0.579347,-1], "elbow_d": [0.579,-1], "elbow_c": [0.579,-1], "delbow_c": [0,0], "ddelbow_c": [0,0], "tau_J": [-0.82006,-20.8505,-2.65379,19.3677,1.24646,0.0363011,0.0514724], "tau_J_d": [0,0,0,0,0,0,0], "dtau_J": [-49.827,170.578,8.93772,31.9708,-1.32444,23.3548,-89.1558], "q": [-0.936955,-0.0963984,0.579347,-1.41283,-0.334244,2.83796,-1.97941], "dq": [-0.000632977,-0.00152902,0.000520609,0.000214372,7.64615e-06,-0.000264875,-0.000369446], "q_d": [-0.937226,-0.0971503,0.579,-1.41281,-0.334246,2.83768,-1.97941], "dq_d": [0,0,0,0,0,0,0], "ddq_d": [0,0,0,0,0,0,0], "joint_contact": [0,0,0,0,0,0,0], "cartesian_contact": [0,0,0,0,0,0], "joint_collision": [0,0,0,0,0,0,0], "cartesian_collision": [0,0,0,0,0,0], "tau_ext_hat_filtered": [-0.826926,-2.74077,-1.04883,-0.227572,-0.0751712,-1.5953,0.106683], "O_F_ext_hat_K": [-10.7515,3.98353,-2.46353,-2.37309,-6.78573,-0.846787], "K_F_ext_hat_K": [2.95861,-1.20806,-11.2836,1.2282,1.57375,0.103082], "O_dP_EE_d": [0,0,0,0,0,0], "O_ddP_O": [0,0,-9.81], "O_T_EE_c": [-0.038996,0.0184146,-0.99906,0,0.445035,0.895502,-0.000865104,0,0.894661,-0.444659,-0.043117,0,0.598746,-0.186181,0.897812,1], "O_dP_EE_c": [0,0,0,0,0,0], "O_ddP_EE_c": [0,0,0,0,0,0], "theta": [-0.937013,-0.0978616,0.579161,-1.41147,-0.334106,2.83797,-1.9794], "dtheta": [0,0,0,0,0,0,0], "current_errors": [], "last_motion_errors": [], "control_command_success_rate": 0, "robot_mode": "User stopped", "time": 2388441}