{"O_T_EE": [-0.00138626,0.00153673,-0.999988,0,0.500229,0.865882,0.000637188,0,0.865889,-0.500232,-0.00196909,0,0.582923,-0.233384,0.897569,1], "O_T_EE_d": [-0.00140562,0.00154344,-0.999988,0,0.500679,0.865621,0.000632274,0,0.865629,-0.500682,-0.00198954,0,0.582771,-0.233625,0.897611,1], "F_T_NE": [0.7071,-0.7071,0,0,0.7071,0.7071,0,0,0,0,1,0,0,0,0.1034,1], "NE_T_EE": [1,0,0,0,0,1,0,0,0,0,1,0,0,0,0,1], "F_T_EE": [0.7071,-0.7071,0,0,0.7071,0.7071,0,0,0,0,1,0,0,0,0.1034,1], "EE_T_K": [1,0,0,0,0,1,0,0,0,0,1,0,0,0,0,1], "m_ee": 0.73, "F_x_Cee": [-0.01,0,0.03], "I_ee": [0.001,0,0,0,0.0025,0,0,0,0.0017], "m_load": 0, "F_x_Cload": [0,0,0], "I_load": [0,0,0,0,0,0,0,0,0], "m_total": 0.73, "F_x_Ctotal": [-0.01,0,0.03], "I_total": [0.001,0,0,0,0.0025,0,0,0,0.0017], "elbow": [0.581249,-1], "elbow_d": [0.580965,-1], "elbow_c": [0.580965,-1], "delbow_c": [0,0], "ddelbow_c": [0,0], "tau_J": [-0.784355,-19.5293,-2.65379,19.447,1.63923,0.225815,0.102742], "tau_J_d": [0,0,0,0,0,0,0], "dtau_J": [53.3399,3.7971,56.3622,70.248,3.1924,30.8169,-40.7378], "q": [-1.02761,-0.097977,0.581249,-1.43871,-0.331866,2.90925,-1.97796], "dq": [-0.000604098,-0.000299744,0.000809323,-0.000763709,-8.36047e-05,-0.000515672,0.000941254], "q_d": [-1.02779,-0.0980942,0.580965,-1.43871,-0.331853,2.9091,-1.97794], "dq_d": [0,0,0,0,0,0,0], "ddq_d": [0,0,0,0,0,0,0], "joint_contact": [0,0,0,0,0,0,0], "cartesian_contact": [0,0,0,0,0,0], "joint_collision": [0,0,0,0,0,0,0], "cartesian_collision": [0,0,0,0,0,0], "tau_ext_hat_filtered": [-0.810607,-1.34148,-1.07159,-0.305891,0.261561,-1.32846,0.124146], "O_F_ext_hat_K": [-7.99541,2.15607,-0.946707,-0.755405,-5.19937,-0.839564], "K_F_ext_hat_K": [0.961111,-2.13327,-7.99981,0.231237,1.71346,0.117801], "O_dP_EE_d": [0,0,0,0,0,0], "O_ddP_O": [0,0,-9.81], "O_T_EE_c": [-0.00140562,0.00154344,-0.999988,0,0.500679,0.865621,0.000632274,0,0.865629,-0.500682,-0.00198954,0,0.582771,-0.233625,0.897611,1], "O_dP_EE_c": [0,0,0,0,0,0], "O_ddP_EE_c": [0,0,0,0,0,0], "theta": [-1.02766,-0.0993476,0.581062,-1.43734,-0.331685,2.90928,-1.97794], "dtheta": [0,0,0,0,0,0,0], "current_errors": [], "last_motion_errors": [], "control_command_success_rate": 0, "robot_mode": "User stopped", "time": 2489940}