{"O_T_EE": [-0.0162921,0.0125694,-0.999779,0,0.684966,0.728559,-0.0020024,0,0.728387,-0.68486,-0.0204798,0,0.514406,-0.36678,0.896704,1], "O_T_EE_d": [-0.0163427,0.0125428,-0.999778,0,0.685331,0.728215,-0.00206675,0,0.728042,-0.685226,-0.0204974,0,0.514202,-0.36696,0.896748,1], "F_T_NE": [0.7071,-0.7071,0,0,0.7071,0.7071,0,0,0,0,1,0,0,0,0.1034,1], "NE_T_EE": [1,0,0,0,0,1,0,0,0,0,1,0,0,0,0,1], "F_T_EE": [0.7071,-0.7071,0,0,0.7071,0.7071,0,0,0,0,1,0,0,0,0.1034,1], "EE_T_K": [1,0,0,0,0,1,0,0,0,0,1,0,0,0,0,1], "m_ee": 0.73, "F_x_Cee": [-0.01,0,0.03], "I_ee": [0.001,0,0,0,0.0025,0,0,0,0.0017], "m_load": 0, "F_x_Cload": [0,0,0], "I_load": [0,0,0,0,0,0,0,0,0], "m_total": 0.73, "F_x_Ctotal": [-0.01,0,0.03], "I_total": [0.001,0,0,0,0.0025,0,0,0,0.0017], "elbow": [0.462039,-1], "elbow_d": [0.461765,-1], "elbow_c": [0.461765,-1], "delbow_c": [0,0], "ddelbow_c": [0,0], "tau_J": [-0.0742106,-21.0012,-1.11845,18.9868,1.26477,0.28624,0.0313308], "tau_J_d": [0,0,0,0,0,0,0], "dtau_J": [-56.7688,-54.9328,-126.286,-41.5631,-2.20499,-0.380969,-15.3269], "q": [-1.12695,-0.075955,0.462039,-1.41572,-0.345958,2.88009,-1.98735], "dq": [0.000867354,0.000543024,-0.00282873,0.000396937,-1.78622e-05,9.53581e-05,0.00107813], "q_d": [-1.12713,-0.076104,0.461765,-1.41575,-0.345963,2.87995,-1.98737], "dq_d": [0,0,0,0,0,0,0], "ddq_d": [0,0,0,0,0,0,0], "joint_contact": [0,0,0,0,0,0,0], "cartesian_contact": [0,0,0,0,0,0], "joint_collision": [0,0,0,0,0,0,0], "cartesian_collision": [0,0,0,0,0,0], "tau_ext_hat_filtered": [-0.0771158,-0.190879,-0.038817,-0.694163,-0.079213,-1.29333,0.0569816], "O_F_ext_hat_K": [-0.640176,2.17965,0.38123,-1.13293,0.19841,-0.0787845], "K_F_ext_hat_K": [-0.343326,1.14876,-1.96686,0.961519,1.36611,0.056705], "O_dP_EE_d": [0,0,0,0,0,0], "O_ddP_O": [0,0,-9.81], "O_T_EE_c": [-0.0163427,0.0125428,-0.999778,0,0.685331,0.728215,-0.00206675,0,0.728042,-0.685226,-0.0204974,0,0.514202,-0.36696,0.896748,1], "O_dP_EE_c": [0,0,0,0,0,0], "O_ddP_EE_c": [0,0,0,0,0,0], "theta": [-1.12696,-0.0774277,0.461962,-1.41439,-0.345817,2.88013,-1.98735], "dtheta": [0,0,0,0,0,0,0], "current_errors": [], "last_motion_errors": [], "control_command_success_rate": 0, "robot_mode": "User stopped", "time": 2684044}