{"O_T_EE": [-0.0195224,0.0394921,-0.99902,0,0.745333,0.666574,0.0117852,0,0.666399,-0.744386,-0.0424487,0,0.484494,-0.408012,0.8966,1], "O_T_EE_d": [-0.019441,0.03935,-0.999027,0,0.745603,0.666273,0.011734,0,0.666099,-0.744663,-0.0422933,0,0.484279,-0.408057,0.896753,1], "F_T_NE": [0.7071,-0.7071,0,0,0.7071,0.7071,0,0,0,0,1,0,0,0,0.1034,1], "NE_T_EE": [1,0,0,0,0,1,0,0,0,0,1,0,0,0,0,1], "F_T_EE": [0.7071,-0.7071,0,0,0.7071,0.7071,0,0,0,0,1,0,0,0,0.1034,1], "EE_T_K": [1,0,0,0,0,1,0,0,0,0,1,0,0,0,0,1], "m_ee": 0.73, "F_x_Cee": [-0.01,0,0.03], "I_ee": [0.001,0,0,0,0.0025,0,0,0,0.0017], "m_load": 0, "F_x_Cload": [0,0,0], "I_load": [0,0,0,0,0,0,0,0,0], "m_total": 0.73, "F_x_Ctotal": [-0.01,0,0.03], "I_total": [0.001,0,0,0,0.0025,0,0,0,0.0017], "elbow": [0.451071,-1], "elbow_d": [0.450875,-1], "elbow_c": [0.450875,-1], "delbow_c": [0,0], "ddelbow_c": [0,0], "tau_J": [0.18763,-21.267,-0.630475,18.8718,1.45612,0.28624,0.102742], "tau_J_d": [0,0,0,0,0,0,0], "dtau_J": [-66.7049,-13.1558,-21.4245,-9.03783,13.2587,-11.9421,-85.9205], "q": [-1.18807,-0.0672747,0.451071,-1.39443,-0.3497,2.84181,-1.97532], "dq": [0.000934134,-0.000116862,-0.000703723,-0.000447325,0.000117868,0.000596894,0.00171895], "q_d": [-1.18822,-0.0675257,0.450875,-1.39435,-0.349696,2.84164,-1.97531], "dq_d": [0,0,0,0,0,0,0], "ddq_d": [0,0,0,0,0,0,0], "joint_contact": [0,0,0,0,0,0,0], "cartesian_contact": [0,0,0,0,0,0], "joint_collision": [0,0,0,0,0,0,0], "cartesian_collision": [0,0,0,0,0,0], "tau_ext_hat_filtered": [0.218479,-0.0587815,0.253487,-0.763813,0.153314,-1.33173,0.157672], "O_F_ext_hat_K": [-0.671361,2.18568,0.562363,-0.915198,0.0852422,0.224431], "K_F_ext_hat_K": [-0.462397,0.963176,-2.09825,0.57308,1.58257,0.158398], "O_dP_EE_d": [0,0,0,0,0,0], "O_ddP_O": [0,0,-9.81], "O_T_EE_c": [-0.019441,0.03935,-0.999027,0,0.745603,0.666273,0.011734,0,0.666099,-0.744663,-0.0422933,0,0.484279,-0.408057,0.896753,1], "O_dP_EE_c": [0,0,0,0,0,0], "O_ddP_EE_c": [0,0,0,0,0,0], "theta": [-1.18805,-0.0687671,0.451026,-1.3931,-0.349537,2.84184,-1.97531], "dtheta": [0,0,0,0,0,0,0], "current_errors": [], "last_motion_errors": [], "control_command_success_rate": 0, "robot_mode": "User stopped", "time": 2710571}