{"O_T_EE": [-0.00860357,0.0100015,-0.999903,0,0.567153,0.823594,0.00335795,0,0.823564,-0.56708,-0.0127585,0,0.563479,-0.279839,0.897443,1], "O_T_EE_d": [-0.00864266,0.00992353,-0.999904,0,0.567523,0.823339,0.00326584,0,0.823308,-0.567451,-0.0127479,0,0.563314,-0.27997,0.897513,1], "F_T_NE": [0.7071,-0.7071,0,0,0.7071,0.7071,0,0,0,0,1,0,0,0,0.1034,1], "NE_T_EE": [1,0,0,0,0,1,0,0,0,0,1,0,0,0,0,1], "F_T_EE": [0.7071,-0.7071,0,0,0.7071,0.7071,0,0,0,0,1,0,0,0,0.1034,1], "EE_T_K": [1,0,0,0,0,1,0,0,0,0,1,0,0,0,0,1], "m_ee": 0.73, "F_x_Cee": [-0.01,0,0.03], "I_ee": [0.001,0,0,0,0.0025,0,0,0,0.0017], "m_load": 0, "F_x_Cload": [0,0,0], "I_load": [0,0,0,0,0,0,0,0,0], "m_total": 0.73, "F_x_Ctotal": [-0.01,0,0.03], "I_total": [0.001,0,0,0,0.0025,0,0,0,0.0017], "elbow": [0.561182,-1], "elbow_d": [0.560985,-1], "elbow_c": [0.560985,-1], "delbow_c": [0,0], "ddelbow_c": [0,0], "tau_J": [0.151925,-18.9263,-1.38029,18.9868,1.58429,0.235886,0.0313308], "tau_J_d": [0,0,0,0,0,0,0], "dtau_J": [121.255,57.1865,59.8866,-75.3183,-22.8186,8.88678,-49.7911], "q": [-1.08099,-0.0910267,0.561182,-1.42796,-0.331808,2.89179,-1.98103], "dq": [-0.00154377,0.000312522,-0.000744828,-0.000627056,0.000125539,0.000426276,0.00167577], "q_d": [-1.08117,-0.0912549,0.560985,-1.42799,-0.331808,2.89161,-1.98103], "dq_d": [0,0,0,0,0,0,0], "ddq_d": [0,0,0,0,0,0,0], "joint_contact": [0,0,0,0,0,0,0], "cartesian_contact": [0,0,0,0,0,0], "joint_collision": [0,0,0,0,0,0,0], "cartesian_collision": [0,0,0,0,0,0], "tau_ext_hat_filtered": [0.109543,-0.115823,0.0566138,-0.727562,0.233914,-1.32512,0.075528], "O_F_ext_hat_K": [-2.64087,1.5376,0.515516,-0.454235,-1.23528,0.0982207], "K_F_ext_hat_K": [-0.477376,-0.229695,-3.05344,0.034207,1.78051,0.0733111], "O_dP_EE_d": [0,0,0,0,0,0], "O_ddP_O": [0,0,-9.81], "O_T_EE_c": [-0.00864266,0.00992353,-0.999904,0,0.567523,0.823339,0.00326584,0,0.823308,-0.567451,-0.0127479,0,0.563314,-0.27997,0.897513,1], "O_dP_EE_c": [0,0,0,0,0,0], "O_ddP_EE_c": [0,0,0,0,0,0], "theta": [-1.08098,-0.0923552,0.561085,-1.42662,-0.331632,2.89182,-1.98103], "dtheta": [0,0,0,0,0,0,0], "current_errors": [], "last_motion_errors": [], "control_command_success_rate": 0, "robot_mode": "User stopped", "time": 2517435}