{"O_T_EE": [0.0344121,-0.0371958,-0.998706,0,0.911776,0.410348,0.0161338,0,0.409225,-0.911168,0.0480361,0,0.324204,-0.542921,0.902222,1], "O_T_EE_d": [0.0345848,-0.0371541,-0.998701,0,0.91197,0.409908,0.0163318,0,0.408776,-0.911368,0.0480609,0,0.323923,-0.543051,0.902304,1], "F_T_NE": [0.7071,-0.7071,0,0,0.7071,0.7071,0,0,0,0,1,0,0,0,0.1034,1], "NE_T_EE": [1,0,0,0,0,1,0,0,0,0,1,0,0,0,0,1], "F_T_EE": [0.7071,-0.7071,0,0,0.7071,0.7071,0,0,0,0,1,0,0,0,0.1034,1], "EE_T_K": [1,0,0,0,0,1,0,0,0,0,1,0,0,0,0,1], "m_ee": 0.73, "F_x_Cee": [-0.01,0,0.03], "I_ee": [0.001,0,0,0,0.0025,0,0,0,0.0017], "m_load": 0, "F_x_Cload": [0,0,0], "I_load": [0,0,0,0,0,0,0,0,0], "m_total": 0.73, "F_x_Ctotal": [-0.01,0,0.03], "I_total": [0.001,0,0,0,0.0025,0,0,0,0.0017], "elbow": [-1.1219,-1], "elbow_d": [-1.1218,-1], "elbow_c": [-1.1218,-1], "delbow_c": [0,0], "ddelbow_c": [0,0], "tau_J": [-0.895439,16.0969,16.0559,13.4643,1.26477,-0.304275,0.0313308], "tau_J_d": [0,0,0,0,0,0,0], "dtau_J": [-77.4979,122.17,18.047,25.9991,-24.484,0.607306,28.455], "q": [0.813512,-0.665487,-1.1219,-1.32066,-1.70608,2.43409,-1.46844], "dq": [0.000235025,-0.00161055,0.00021241,-0.000961763,0.000466228,0.00202317,-0.000850306], "q_d": [0.813203,-0.66554,-1.1218,-1.32046,-1.70609,2.43391,-1.46845], "dq_d": [0,0,0,0,0,0,0], "ddq_d": [0,0,0,0,0,0,0], "joint_contact": [0,0,0,0,0,0,0], "cartesian_contact": [0,0,0,0,0,0], "joint_collision": [0,0,0,0,0,0,0], "cartesian_collision": [0,0,0,0,0,0], "tau_ext_hat_filtered": [-0.925736,-0.218031,0.814901,0.0471675,0.377689,-1.26302,0.00688074], "O_F_ext_hat_K": [-5.36273,7.28455,-1.89478,-4.09335,-3.63138,-1.04969], "K_F_ext_hat_K": [1.43686,-1.93102,-8.92303,0.527032,1.55729,0.0294041], "O_dP_EE_d": [0,0,0,0,0,0], "O_ddP_O": [0,0,-9.81], "O_T_EE_c": [0.0345848,-0.0371541,-0.998701,0,0.91197,0.409908,0.0163318,0,0.408776,-0.911368,0.0480609,0,0.323923,-0.543051,0.902304,1], "O_dP_EE_c": [0,0,0,0,0,0], "O_ddP_EE_c": [0,0,0,0,0,0], "theta": [0.813448,-0.664358,-1.12077,-1.31972,-1.70594,2.43405,-1.46844], "dtheta": [0,0,0,0,0,0,0], "current_errors": [], "last_motion_errors": [], "control_command_success_rate": 0, "robot_mode": "User stopped", "time": 3006743}