{"O_T_EE": [0.00466707,0.0401321,-0.999174,0,0.818528,0.573821,0.0268709,0,0.574436,-0.817993,-0.0301717,0,0.441065,-0.456001,0.896596,1], "O_T_EE_d": [0.00464798,0.0398072,-0.999187,0,0.81895,0.573229,0.0266468,0,0.573834,-0.818424,-0.0299364,0,0.440727,-0.456038,0.896819,1], "F_T_NE": [0.7071,-0.7071,0,0,0.7071,0.7071,0,0,0,0,1,0,0,0,0.1034,1], "NE_T_EE": [1,0,0,0,0,1,0,0,0,0,1,0,0,0,0,1], "F_T_EE": [0.7071,-0.7071,0,0,0.7071,0.7071,0,0,0,0,1,0,0,0,0.1034,1], "EE_T_K": [1,0,0,0,0,1,0,0,0,0,1,0,0,0,0,1], "m_ee": 0.73, "F_x_Cee": [-0.01,0,0.03], "I_ee": [0.001,0,0,0,0.0025,0,0,0,0.0017], "m_load": 0, "F_x_Cload": [0,0,0], "I_load": [0,0,0,0,0,0,0,0,0], "m_total": 0.73, "F_x_Ctotal": [-0.01,0,0.03], "I_total": [0.001,0,0,0,0.0025,0,0,0,0.0017], "elbow": [0.636141,-1], "elbow_d": [0.635809,-1], "elbow_c": [0.635809,-1], "delbow_c": [0,0], "ddelbow_c": [0,0], "tau_J": [-0.708976,-18.966,-2.13011,19.332,1.42865,0.166306,0.071614], "tau_J_d": [0,0,0,0,0,0,0], "dtau_J": [-116.252,63.8965,-45.7907,-114.829,27.729,23.6131,49.4536], "q": [-1.48944,-0.0725911,0.636141,-1.3955,-0.370021,2.85459,-1.92669], "dq": [0.000627094,-0.000795253,0.00113571,0.00043733,0.000141877,-8.29477e-05,-0.00135633], "q_d": [-1.48974,-0.0730523,0.635809,-1.39543,-0.370024,2.85432,-1.92671], "dq_d": [0,0,0,0,0,0,0], "ddq_d": [0,0,0,0,0,0,0], "joint_contact": [0,0,0,0,0,0,0], "cartesian_contact": [0,0,0,0,0,0], "joint_collision": [0,0,0,0,0,0,0], "cartesian_collision": [0,0,0,0,0,0], "tau_ext_hat_filtered": [-0.673219,-0.977096,-0.814063,-0.279218,0.0571923,-1.41973,0.0545352], "O_F_ext_hat_K": [0,0,0,0,0,0], "K_F_ext_hat_K": [0,0,0,0,0,0], "O_dP_EE_d": [0,0,0,0,0,0], "O_ddP_O": [0,0,-9.81], "O_T_EE_c": [0.00464798,0.0398072,-0.999187,0,0.81895,0.573229,0.0266468,0,0.573834,-0.818424,-0.0299364,0,0.440727,-0.456038,0.896819,1], "O_dP_EE_c": [0,0,0,0,0,0], "O_ddP_EE_c": [0,0,0,0,0,0], "theta": [-1.48949,-0.0739219,0.635992,-1.39414,-0.369862,2.8546,-1.92668], "dtheta": [0,0,0,0,0,0,0], "current_errors": [], "last_motion_errors": ["cartesian_reflex"], "control_command_success_rate": 0, "robot_mode": "User stopped", "time": 2918642}