{"O_T_EE": [0.0225993,0.009757,-0.999687,0,0.946682,0.321203,0.024536,0,0.321348,-0.946959,-0.00197786,0,0.280005,-0.570134,0.901161,1], "O_T_EE_d": [0.022702,0.0100944,-0.999682,0,0.946913,0.320507,0.02474,0,0.320661,-0.947191,-0.00228245,0,0.279616,-0.570401,0.901098,1], "F_T_NE": [0.7071,-0.7071,0,0,0.7071,0.7071,0,0,0,0,1,0,0,0,0.1034,1], "NE_T_EE": [1,0,0,0,0,1,0,0,0,0,1,0,0,0,0,1], "F_T_EE": [0.7071,-0.7071,0,0,0.7071,0.7071,0,0,0,0,1,0,0,0,0.1034,1], "EE_T_K": [1,0,0,0,0,1,0,0,0,0,1,0,0,0,0,1], "m_ee": 0.73, "F_x_Cee": [-0.01,0,0.03], "I_ee": [0.001,0,0,0,0.0025,0,0,0,0.0017], "m_load": 0, "F_x_Cload": [0,0,0], "I_load": [0,0,0,0,0,0,0,0,0], "m_total": 0.73, "F_x_Ctotal": [-0.01,0,0.03], "I_total": [0.001,0,0,0,0.0025,0,0,0,0.0017], "elbow": [-0.750408,-1], "elbow_d": [-0.750368,-1], "elbow_c": [-0.750368,-1], "delbow_c": [0,0], "ddelbow_c": [0,0], "tau_J": [-0.447135,29.8197,18.0078,2.00286,0.231144,-0.204483,0.194295], "tau_J_d": [0,0,0,0,0,0,0], "dtau_J": [70.9308,141.607,-62.5018,-15.1588,23.7651,0.0302759,108.964], "q": [1.17566,-1.12031,-0.750408,-1.34183,-2.28164,1.93714,-1.67731], "dq": [0.00299008,-0.0011026,0.000691504,-0.000297842,-0.000179953,-7.25691e-05,-0.00190769], "q_d": [1.17519,-1.1204,-0.750368,-1.34167,-2.28165,1.93688,-1.6773], "dq_d": [0,0,0,0,0,0,0], "ddq_d": [0,0,0,0,0,0,0], "joint_contact": [0,0,0,0,0,0,0], "cartesian_contact": [0,0,0,0,0,0], "joint_collision": [0,0,0,0,0,0,0], "cartesian_collision": [0,0,0,0,0,0], "tau_ext_hat_filtered": [-0.476215,-0.168623,0.480262,-0.227554,0.404941,-1.51601,0.151469], "O_F_ext_hat_K": [-2.88806,5.53102,-2.83508,-2.06972,-1.61769,-0.619656], "K_F_ext_hat_K": [2.82294,-1.02707,-6.16011,0.552829,1.27752,0.237273], "O_dP_EE_d": [0,0,0,0,0,0], "O_ddP_O": [0,0,-9.81], "O_T_EE_c": [0.022702,0.0100944,-0.999682,0,0.946913,0.320507,0.02474,0,0.320661,-0.947191,-0.00228245,0,0.279616,-0.570401,0.901098,1], "O_dP_EE_c": [0,0,0,0,0,0], "O_ddP_EE_c": [0,0,0,0,0,0], "theta": [1.17563,-1.11822,-0.749145,-1.34169,-2.28161,1.93712,-1.67728], "dtheta": [0,0,0,0,0,0,0], "current_errors": [], "last_motion_errors": [], "control_command_success_rate": 0, "robot_mode": "User stopped", "time": 3214187}