{"O_T_EE": [0.0222941,0.0539903,-0.998283,0,0.843938,0.534294,0.0477435,0,0.535964,-0.84357,-0.0336535,0,0.402748,-0.484981,0.902087,1], "O_T_EE_d": [0.0225924,0.0540034,-0.998275,0,0.844128,0.533972,0.0479899,0,0.535653,-0.843773,-0.0335227,0,0.402449,-0.485022,0.902273,1], "F_T_NE": [0.7071,-0.7071,0,0,0.7071,0.7071,0,0,0,0,1,0,0,0,0.1034,1], "NE_T_EE": [1,0,0,0,0,1,0,0,0,0,1,0,0,0,0,1], "F_T_EE": [0.7071,-0.7071,0,0,0.7071,0.7071,0,0,0,0,1,0,0,0,0.1034,1], "EE_T_K": [1,0,0,0,0,1,0,0,0,0,1,0,0,0,0,1], "m_ee": 0.73, "F_x_Cee": [-0.01,0,0.03], "I_ee": [0.001,0,0,0,0.0025,0,0,0,0.0017], "m_load": 0, "F_x_Cload": [0,0,0], "I_load": [0,0,0,0,0,0,0,0,0], "m_total": 0.73, "F_x_Ctotal": [-0.01,0,0.03], "I_total": [0.001,0,0,0,0.0025,0,0,0,0.0017], "elbow": [-0.955538,-1], "elbow_d": [-0.955112,-1], "elbow_c": [-0.955112,-1], "delbow_c": [0,0], "ddelbow_c": [0,0], "tau_J": [-0.633598,23.3729,19.317,8.25134,0.697147,-0.0845485,0.132954], "tau_J_d": [0,0,0,0,0,0,0], "dtau_J": [89.2223,-36.6942,140.145,7.7835,-22.1328,-0.429983,42.5588], "q": [1.16602,-0.864364,-0.955538,-1.30237,-1.90246,2.14056,-1.55472], "dq": [-0.00078258,0.00116212,-0.000937705,0.000735381,-0.0091347,0.000153402,6.55853e-05], "q_d": [1.16559,-0.864312,-0.955112,-1.30224,-1.90245,2.14033,-1.55472], "dq_d": [0,0,0,0,0,0,0], "ddq_d": [0,0,0,0,0,0,0], "joint_contact": [0,0,0,0,0,0,0], "cartesian_contact": [0,0,0,0,0,0], "joint_collision": [0,0,0,0,0,0,0], "cartesian_collision": [0,0,0,0,0,0], "tau_ext_hat_filtered": [-0.618114,0.904095,2.05082,-0.409706,0.441127,-1.3542,0.134265], "O_F_ext_hat_K": [-7.33403,8.4251,-2.58249,-5.04071,-4.94051,-0.767515], "K_F_ext_hat_K": [2.86948,-1.81132,-10.951,0.666235,1.4135,0.18489], "O_dP_EE_d": [0,0,0,0,0,0], "O_ddP_O": [0,0,-9.81], "O_T_EE_c": [0.0225924,0.0540034,-0.998275,0,0.844128,0.533972,0.0479899,0,0.535653,-0.843773,-0.0335227,0,0.402449,-0.485022,0.902273,1], "O_dP_EE_c": [0,0,0,0,0,0], "O_ddP_EE_c": [0,0,0,0,0,0], "theta": [1.16597,-0.862724,-0.954181,-1.30179,-1.90239,2.14056,-1.5547], "dtheta": [0,0,0,0,-0.0374578,0,0], "current_errors": [], "last_motion_errors": [], "control_command_success_rate": 0, "robot_mode": "User stopped", "time": 2918119}