{"O_T_EE": [0.0253927,-0.00215824,-0.999666,0,0.967143,0.253057,0.0240202,0,0.252925,-0.967448,0.00851328,0,0.23498,-0.591313,0.900126,1], "O_T_EE_d": [0.0256671,-0.0021669,-0.999659,0,0.967235,0.252682,0.0242868,0,0.252548,-0.967546,0.00858168,0,0.234639,-0.591276,0.900274,1], "F_T_NE": [0.7071,-0.7071,0,0,0.7071,0.7071,0,0,0,0,1,0,0,0,0.1034,1], "NE_T_EE": [1,0,0,0,0,1,0,0,0,0,1,0,0,0,0,1], "F_T_EE": [0.7071,-0.7071,0,0,0.7071,0.7071,0,0,0,0,1,0,0,0,0.1034,1], "EE_T_K": [1,0,0,0,0,1,0,0,0,0,1,0,0,0,0,1], "m_ee": 0.73, "F_x_Cee": [-0.01,0,0.03], "I_ee": [0.001,0,0,0,0.0025,0,0,0,0.0017], "m_load": 0, "F_x_Cload": [0,0,0], "I_load": [0,0,0,0,0,0,0,0,0], "m_total": 0.73, "F_x_Ctotal": [-0.01,0,0.03], "I_total": [0.001,0,0,0,0.0025,0,0,0,0.0017], "elbow": [-0.674736,-1], "elbow_d": [-0.674322,-1], "elbow_c": [-0.674322,-1], "delbow_c": [0,0], "ddelbow_c": [0,0], "tau_J": [-0.744682,32.4976,17.9682,-0.563971,0.0755044,-0.224624,0.0926712], "tau_J_d": [0,0,0,0,0,0,0], "dtau_J": [-29.0829,96.108,40.6543,-131.837,-14.5121,-12.3811,-51.4498], "q": [1.18294,-1.20269,-0.674736,-1.36176,-2.39878,1.88428,-1.73155], "dq": [-0.000154994,-0.000601057,0.000154935,0.00174918,-8.32467e-05,0.000252706,0.00178612], "q_d": [1.18257,-1.20264,-0.674322,-1.3618,-2.39881,1.88399,-1.73153], "dq_d": [0,0,0,0,0,0,0], "ddq_d": [0,0,0,0,0,0,0], "joint_contact": [0,0,0,0,0,0,0], "cartesian_contact": [0,0,0,0,0,0], "joint_collision": [0,0,0,0,0,0,0], "cartesian_collision": [0,0,0,0,0,0], "tau_ext_hat_filtered": [-0.754134,0.348504,1.03168,-0.664792,0.333613,-1.56019,0.131617], "O_F_ext_hat_K": [-3.78905,8.17098,-4.11207,-3.63404,-2.32805,-0.873431], "K_F_ext_hat_K": [3.99693,-1.69564,-8.89836,0.58524,1.26301,0.208875], "O_dP_EE_d": [0,0,0,0,0,0], "O_ddP_O": [0,0,-9.81], "O_T_EE_c": [0.0256671,-0.0021669,-0.999659,0,0.967235,0.252682,0.0242868,0,0.252548,-0.967546,0.00858168,0,0.234639,-0.591276,0.900274,1], "O_dP_EE_c": [0,0,0,0,0,0], "O_ddP_EE_c": [0,0,0,0,0,0], "theta": [1.18289,-1.20041,-0.673475,-1.3618,-2.39877,1.88425,-1.73154], "dtheta": [0,0,0,0,0,0,0], "current_errors": [], "last_motion_errors": [], "control_command_success_rate": 0, "robot_mode": "User stopped", "time": 3179474}