{"O_T_EE": [0.0233698,0.0122292,-0.999642,0,0.984598,0.17296,0.025134,0,0.173209,-0.984853,-0.007999,0,0.18869,-0.60946,0.901262,1], "O_T_EE_d": [0.0233529,0.0124682,-0.99964,0,0.984664,0.172582,0.0251556,0,0.172837,-0.984916,-0.00824682,0,0.18852,-0.609544,0.901202,1], "F_T_NE": [0.7071,-0.7071,0,0,0.7071,0.7071,0,0,0,0,1,0,0,0,0.1034,1], "NE_T_EE": [1,0,0,0,0,1,0,0,0,0,1,0,0,0,0,1], "F_T_EE": [0.7071,-0.7071,0,0,0.7071,0.7071,0,0,0,0,1,0,0,0,0.1034,1], "EE_T_K": [1,0,0,0,0,1,0,0,0,0,1,0,0,0,0,1], "m_ee": 0.73, "F_x_Cee": [-0.01,0,0.03], "I_ee": [0.001,0,0,0,0.0025,0,0,0,0.0017], "m_load": 0, "F_x_Cload": [0,0,0], "I_load": [0,0,0,0,0,0,0,0,0], "m_total": 0.73, "F_x_Ctotal": [-0.01,0,0.03], "I_total": [0.001,0,0,0,0.0025,0,0,0,0.0017], "elbow": [-0.829459,-1], "elbow_d": [-0.829442,-1], "elbow_c": [-0.829442,-1], "delbow_c": [0,0], "ddelbow_c": [0,0], "tau_J": [-0.0742106,28.1614,18.2697,3.45886,0.478336,-0.114761,0.143025], "tau_J_d": [0,0,0,0,0,0,0], "dtau_J": [35.4258,-11.6482,71.2088,-52.5338,0.668807,6.96378,58.2175], "q": [0.945638,-1.03874,-0.829459,-1.31347,-2.16298,2.01272,-1.63787], "dq": [-0.000223836,-8.09885e-05,-0.000571943,0.0026878,-3.77791e-05,-0.00010696,-0.000378583], "q_d": [0.945439,-1.03879,-0.829442,-1.31348,-2.16299,2.01242,-1.63789], "dq_d": [0,0,0,0,0,0,0], "ddq_d": [0,0,0,0,0,0,0], "joint_contact": [0,0,0,0,0,0,0], "cartesian_contact": [0,0,0,0,0,0], "joint_collision": [0,0,0,0,0,0,0], "cartesian_collision": [0,0,0,0,0,0], "tau_ext_hat_filtered": [-0.00937841,0.226328,0.371411,-0.774781,0.507711,-1.39106,0.13513], "O_F_ext_hat_K": [-1.23543,6.39919,-3.09814,-2.63425,-0.511132,-0.134312], "K_F_ext_hat_K": [3.14648,-0.187469,-6.49146,0.617929,1.2139,0.202881], "O_dP_EE_d": [0,0,0,0,0,0], "O_ddP_O": [0,0,-9.81], "O_T_EE_c": [0.0233529,0.0124682,-0.99964,0,0.984664,0.172582,0.0251556,0,0.172837,-0.984916,-0.00824682,0,0.18852,-0.609544,0.901202,1], "O_dP_EE_c": [0,0,0,0,0,0], "O_ddP_EE_c": [0,0,0,0,0,0], "theta": [0.945632,-1.03676,-0.828177,-1.31323,-2.16293,2.01271,-1.63786], "dtheta": [0,0,0,0,0,0,0], "current_errors": [], "last_motion_errors": [], "control_command_success_rate": 0, "robot_mode": "User stopped", "time": 3249119}