{"O_T_EE": [0.0290366,-0.0025081,-0.999566,0,0.998164,-0.0529298,0.0291287,0,-0.0529809,-0.998595,0.000966611,0,0.0414655,-0.646029,0.895585,1], "O_T_EE_d": [0.0290528,-0.00230202,-0.999566,0,0.998133,-0.0534948,0.0291344,0,-0.0535397,-0.998565,0.000743564,0,0.041143,-0.646065,0.89554,1], "F_T_NE": [0.7071,-0.7071,0,0,0.7071,0.7071,0,0,0,0,1,0,0,0,0.1034,1], "NE_T_EE": [1,0,0,0,0,1,0,0,0,0,1,0,0,0,0,1], "F_T_EE": [0.7071,-0.7071,0,0,0.7071,0.7071,0,0,0,0,1,0,0,0,0.1034,1], "EE_T_K": [1,0,0,0,0,1,0,0,0,0,1,0,0,0,0,1], "m_ee": 0.73, "F_x_Cee": [-0.01,0,0.03], "I_ee": [0.001,0,0,0,0.0025,0,0,0,0.0017], "m_load": 0, "F_x_Cload": [0,0,0], "I_load": [0,0,0,0,0,0,0,0,0], "m_total": 0.73, "F_x_Ctotal": [-0.01,0,0.03], "I_total": [0.001,0,0,0,0.0025,0,0,0,0.0017], "elbow": [0.531097,-1], "elbow_d": [0.53084,-1], "elbow_c": [0.53084,-1], "delbow_c": [0,0], "ddelbow_c": [0,0], "tau_J": [-0.0345378,-21.9811,-0.293255,19.0622,1.45612,0.146164,0.153096], "tau_J_d": [0,0,0,0,0,0,0], "dtau_J": [-22.2326,-77.0646,51.627,113.963,-21.5416,-12.7618,106.972], "q": [-2.06696,-0.0178815,0.531097,-1.36807,-0.386874,2.90683,-1.9408], "dq": [0.000620158,-0.0014908,0.000238861,0.000430779,0.000416553,0.000128641,-0.00338612], "q_d": [-2.06717,-0.0178892,0.53084,-1.36807,-0.386873,2.90659,-1.9408], "dq_d": [0,0,0,0,0,0,0], "ddq_d": [0,0,0,0,0,0,0], "joint_contact": [0,0,0,0,0,0,0], "cartesian_contact": [0,0,0,0,0,0], "joint_collision": [0,0,0,0,0,0,0], "cartesian_collision": [0,0,0,0,0,0], "tau_ext_hat_filtered": [-0.00387579,-0.245067,-0.00338293,-0.64259,0.0804795,-1.37044,0.0987917], "O_F_ext_hat_K": [0.895479,2.22091,0.814874,-0.865039,0.581098,-0.00535329], "K_F_ext_hat_K": [-0.794104,0.800034,-2.26445,0.724057,1.63758,0.0987339], "O_dP_EE_d": [0,0,0,0,0,0], "O_ddP_O": [0,0,-9.81], "O_T_EE_c": [0.0290528,-0.00230202,-0.999566,0,0.998133,-0.0534948,0.0291344,0,-0.0535397,-0.998565,0.000743564,0,0.041143,-0.646065,0.89554,1], "O_dP_EE_c": [0,0,0,0,0,0], "O_ddP_EE_c": [0,0,0,0,0,0], "theta": [-2.06696,-0.019424,0.531077,-1.36673,-0.386712,2.90685,-1.94079], "dtheta": [0,0,0,0,0,0,0], "current_errors": [], "last_motion_errors": [], "control_command_success_rate": 0, "robot_mode": "User stopped", "time": 3483358}