{"O_T_EE": [0.0232986,-0.0148513,-0.999609,0,0.995997,0.086548,0.0219286,0,0.0861902,-0.996137,0.0168087,0,0.140935,-0.622822,0.901236,1], "O_T_EE_d": [0.02332,-0.0146882,-0.999611,0,0.996016,0.08631,0.021968,0,0.0859554,-0.99616,0.0166428,0,0.140822,-0.622842,0.901206,1], "F_T_NE": [0.7071,-0.7071,0,0,0.7071,0.7071,0,0,0,0,1,0,0,0,0.1034,1], "NE_T_EE": [1,0,0,0,0,1,0,0,0,0,1,0,0,0,0,1], "F_T_EE": [0.7071,-0.7071,0,0,0.7071,0.7071,0,0,0,0,1,0,0,0,0.1034,1], "EE_T_K": [1,0,0,0,0,1,0,0,0,0,1,0,0,0,0,1], "m_ee": 0.73, "F_x_Cee": [-0.01,0,0.03], "I_ee": [0.001,0,0,0,0.0025,0,0,0,0.0017], "m_load": 0, "F_x_Cload": [0,0,0], "I_load": [0,0,0,0,0,0,0,0,0], "m_total": 0.73, "F_x_Ctotal": [-0.01,0,0.03], "I_total": [0.001,0,0,0,0.0025,0,0,0,0.0017], "elbow": [-0.882287,-1], "elbow_d": [-0.882209,-1], "elbow_c": [-0.882209,-1], "delbow_c": [0,0], "ddelbow_c": [0,0], "tau_J": [-0.149589,26.8403,18.7934,4.9942,0.642216,-0.154129,0.204366], "tau_J_d": [0,0,0,0,0,0,0], "dtau_J": [-178.306,-15.0296,14.7362,-89.5565,10.5757,8.81363,111.48], "q": [0.811058,-0.991017,-0.882287,-1.31864,-2.12096,2.07787,-1.59055], "dq": [0.00102125,0.000236368,-0.00105638,0.000587471,-0.000183197,0.000162837,-0.00103944], "q_d": [0.810901,-0.991065,-0.882209,-1.31871,-2.12095,2.07761,-1.59054], "dq_d": [0,0,0,0,0,0,0], "ddq_d": [0,0,0,0,0,0,0], "joint_contact": [0,0,0,0,0,0,0], "cartesian_contact": [0,0,0,0,0,0], "joint_collision": [0,0,0,0,0,0,0], "cartesian_collision": [0,0,0,0,0,0], "tau_ext_hat_filtered": [-0.0820582,0.352199,0.60985,-0.691201,0.555144,-1.32723,0.176774], "O_F_ext_hat_K": [-0.794311,6.679,-2.58994,-3.06553,-0.47881,-0.185475], "K_F_ext_hat_K": [2.47128,-0.269876,-6.76519,0.664953,1.31035,0.232402], "O_dP_EE_d": [0,0,0,0,0,0], "O_ddP_O": [0,0,-9.81], "O_T_EE_c": [0.02332,-0.0146882,-0.999611,0,0.996016,0.08631,0.021968,0,0.0859554,-0.99616,0.0166428,0,0.140822,-0.622842,0.901206,1], "O_dP_EE_c": [0,0,0,0,0,0], "O_ddP_EE_c": [0,0,0,0,0,0], "theta": [0.811048,-0.989133,-0.880968,-1.31829,-2.12089,2.07785,-1.59052], "dtheta": [0,0,0,0,0,0,0], "current_errors": [], "last_motion_errors": [], "control_command_success_rate": 0, "robot_mode": "User stopped", "time": 3274002}