{"O_T_EE": [0.0101562,0.0253036,-0.999619,0,0.990461,-0.137566,0.00658095,0,-0.13735,-0.990169,-0.0264599,0,-0.00809444,-0.64855,0.895524,1], "O_T_EE_d": [0.010149,0.0255099,-0.999613,0,0.99038,-0.138148,0.00652975,0,-0.137931,-0.990083,-0.0266671,0,-0.00843063,-0.648553,0.895486,1], "F_T_NE": [0.7071,-0.7071,0,0,0.7071,0.7071,0,0,0,0,1,0,0,0,0.1034,1], "NE_T_EE": [1,0,0,0,0,1,0,0,0,0,1,0,0,0,0,1], "F_T_EE": [0.7071,-0.7071,0,0,0.7071,0.7071,0,0,0,0,1,0,0,0,0.1034,1], "EE_T_K": [1,0,0,0,0,1,0,0,0,0,1,0,0,0,0,1], "m_ee": 0.73, "F_x_Cee": [-0.01,0,0.03], "I_ee": [0.001,0,0,0,0.0025,0,0,0,0.0017], "m_load": 0, "F_x_Cload": [0,0,0], "I_load": [0,0,0,0,0,0,0,0,0], "m_total": 0.73, "F_x_Ctotal": [-0.01,0,0.03], "I_total": [0.001,0,0,0,0.0025,0,0,0,0.0017], "elbow": [0.514317,-1], "elbow_d": [0.514035,-1], "elbow_c": [0.514035,-1], "delbow_c": [0,0], "ddelbow_c": [0,0], "tau_J": [-0.669303,-22.4731,-0.66618,19.1772,1.30048,0.206589,-0.0199387], "tau_J_d": [0,0,0,0,0,0,0], "dtau_J": [-37.3197,-36.5702,34.8611,146.393,10.7412,11.8695,-78.1775], "q": [-2.11731,-0.0108833,0.514317,-1.34513,-0.387456,2.85934,-1.96789], "dq": [-0.0001125,2.38964e-05,0.000335811,-0.0041445,-0.000232226,-0.00362,0.00116932], "q_d": [-2.11752,-0.0109044,0.514035,-1.34514,-0.387471,2.85909,-1.96792], "dq_d": [0,0,0,0,0,0,0], "ddq_d": [0,0,0,0,0,0,0], "joint_contact": [0,0,0,0,0,0,0], "cartesian_contact": [0,0,0,0,0,0], "joint_collision": [0,0,0,0,0,0,0], "cartesian_collision": [0,0,0,0,0,0], "tau_ext_hat_filtered": [-0.633623,-0.211748,-0.505437,-0.537145,-0.0488945,-1.38377,0.0376114], "O_F_ext_hat_K": [0.599244,2.0231,0.78995,-0.845458,0.323718,-0.569319], "K_F_ext_hat_K": [-0.732385,0.320422,-2.10642,0.950706,1.48846,0.0389862], "O_dP_EE_d": [0,0,0,0,0,0], "O_ddP_O": [0,0,-9.81], "O_T_EE_c": [0.010149,0.0255099,-0.999613,0,0.99038,-0.138148,0.00652975,0,-0.137931,-0.990083,-0.0266671,0,-0.00843063,-0.648553,0.895486,1], "O_dP_EE_c": [0,0,0,0,0,0], "O_ddP_EE_c": [0,0,0,0,0,0], "theta": [-2.11736,-0.0124604,0.51427,-1.34379,-0.387311,2.85936,-1.96789], "dtheta": [0,0,0,0,0,0,0], "current_errors": [], "last_motion_errors": [], "control_command_success_rate": 0, "robot_mode": "User stopped", "time": 3460107}