{"O_T_EE": [0.0106261,0.0219349,-0.999693,0,0.977739,-0.2097,0.0057916,0,-0.209513,-0.977519,-0.0236753,0,-0.0578314,-0.647162,0.895261,1], "O_T_EE_d": [0.0107081,0.0221386,-0.999688,0,0.97762,-0.210253,0.00581556,0,-0.210062,-0.977396,-0.023895,0,-0.0581583,-0.647145,0.895218,1], "F_T_NE": [0.7071,-0.7071,0,0,0.7071,0.7071,0,0,0,0,1,0,0,0,0.1034,1], "NE_T_EE": [1,0,0,0,0,1,0,0,0,0,1,0,0,0,0,1], "F_T_EE": [0.7071,-0.7071,0,0,0.7071,0.7071,0,0,0,0,1,0,0,0,0.1034,1], "EE_T_K": [1,0,0,0,0,1,0,0,0,0,1,0,0,0,0,1], "m_ee": 0.73, "F_x_Cee": [-0.01,0,0.03], "I_ee": [0.001,0,0,0,0.0025,0,0,0,0.0017], "m_load": 0, "F_x_Cload": [0,0,0], "I_load": [0,0,0,0,0,0,0,0,0], "m_total": 0.73, "F_x_Ctotal": [-0.01,0,0.03], "I_total": [0.001,0,0,0,0.0025,0,0,0,0.0017], "elbow": [0.416103,-1], "elbow_d": [0.415881,-1], "elbow_c": [0.415881,-1], "delbow_c": [0,0], "ddelbow_c": [0,0], "tau_J": [-0.669303,-24.2425,-0.741558,19.2169,1.39203,0.196518,0.174153], "tau_J_d": [0,0,0,0,0,0,0], "dtau_J": [76.6641,104.555,98.9206,-32.6579,26.2675,-21.0271,83.1656], "q": [-2.0941,-0.0065631,0.416103,-1.34344,-0.388516,2.86443,-1.9702], "dq": [-0.000323244,-0.000912014,-0.00560889,-0.00103122,-0.000336076,0.000337153,-0.00106143], "q_d": [-2.09435,-0.00657317,0.415881,-1.34345,-0.388512,2.86419,-1.97018], "dq_d": [0,0,0,0,0,0,0], "ddq_d": [0,0,0,0,0,0,0], "joint_contact": [0,0,0,0,0,0,0], "cartesian_contact": [0,0,0,0,0,0], "joint_collision": [0,0,0,0,0,0,0], "cartesian_collision": [0,0,0,0,0,0], "tau_ext_hat_filtered": [-0.720209,-0.617736,-0.69053,-0.401076,0.0386041,-1.37358,0.147895], "O_F_ext_hat_K": [0.763849,3.30625,0.390057,-1.80111,0.276821,-0.704384], "K_F_ext_hat_K": [-0.309304,0.0557833,-3.40119,1.01279,1.46408,0.148096], "O_dP_EE_d": [0,0,0,0,0,0], "O_ddP_O": [0,0,-9.81], "O_T_EE_c": [0.0107081,0.0221386,-0.999688,0,0.97762,-0.210253,0.00581556,0,-0.210062,-0.977396,-0.023895,0,-0.0581583,-0.647145,0.895218,1], "O_dP_EE_c": [0,0,0,0,0,0], "O_ddP_EE_c": [0,0,0,0,0,0], "theta": [-2.09414,-0.00826432,0.416051,-1.3421,-0.388361,2.86446,-1.97018], "dtheta": [0,0,0,0,0,0,0], "current_errors": [], "last_motion_errors": [], "control_command_success_rate": 0, "robot_mode": "User stopped", "time": 3569603}