{"O_T_EE": [0.016348,0.036579,-0.999187,0,0.957162,-0.289474,0.00506314,0,-0.28906,-0.956486,-0.0397451,0,-0.107502,-0.642819,0.895329,1], "O_T_EE_d": [0.0164139,0.0367664,-0.999179,0,0.957048,-0.289852,0.00505621,0,-0.289434,-0.956364,-0.0399455,0,-0.107717,-0.642791,0.895288,1], "F_T_NE": [0.7071,-0.7071,0,0,0.7071,0.7071,0,0,0,0,1,0,0,0,0.1034,1], "NE_T_EE": [1,0,0,0,0,1,0,0,0,0,1,0,0,0,0,1], "F_T_EE": [0.7071,-0.7071,0,0,0.7071,0.7071,0,0,0,0,1,0,0,0,0.1034,1], "EE_T_K": [1,0,0,0,0,1,0,0,0,0,1,0,0,0,0,1], "m_ee": 0.73, "F_x_Cee": [-0.01,0,0.03], "I_ee": [0.001,0,0,0,0.0025,0,0,0,0.0017], "m_load": 0, "F_x_Cload": [0,0,0], "I_load": [0,0,0,0,0,0,0,0,0], "m_total": 0.73, "F_x_Ctotal": [-0.01,0,0.03], "I_total": [0.001,0,0,0,0.0025,0,0,0,0.0017], "elbow": [0.358723,-1], "elbow_d": [0.358583,-1], "elbow_c": [0.358583,-1], "delbow_c": [0,0], "ddelbow_c": [0,0], "tau_J": [0.0011678,-25.147,0.043964,18.9868,1.26477,0.266098,0.163167], "tau_J_d": [0,0,0,0,0,0,0], "dtau_J": [110.916,-10.9613,-7.59288,-73.2063,10.7036,-8.60777,67.5119], "q": [-2.10618,0.00308803,0.358723,-1.32248,-0.394883,2.8339,-1.96946], "dq": [-0.000770975,-0.000454134,-0.000259555,-0.000174942,-0.00305153,-7.24386e-05,-0.000951991], "q_d": [-2.10635,0.00306468,0.358583,-1.3225,-0.394886,2.83368,-1.96946], "dq_d": [0,0,0,0,0,0,0], "ddq_d": [0,0,0,0,0,0,0], "joint_contact": [0,0,0,0,0,0,0], "cartesian_contact": [0,0,0,0,0,0], "joint_collision": [0,0,0,0,0,0,0], "cartesian_collision": [0,0,0,0,0,0], "tau_ext_hat_filtered": [-0.0210035,-0.491689,0.0275995,-0.584288,-0.0476647,-1.34789,0.135083], "O_F_ext_hat_K": [2.12676,2.26528,0.324991,-0.892943,1.43828,0.00420276], "K_F_ext_hat_K": [-0.207101,1.38159,-2.79439,1.12216,1.42584,0.134967], "O_dP_EE_d": [0,0,0,0,0,0], "O_ddP_O": [0,0,-9.81], "O_T_EE_c": [0.0164139,0.0367664,-0.999179,0,0.957048,-0.289852,0.00505621,0,-0.289434,-0.956364,-0.0399455,0,-0.107717,-0.642791,0.895288,1], "O_dP_EE_c": [0,0,0,0,0,0], "O_ddP_EE_c": [0,0,0,0,0,0], "theta": [-2.10617,0.00132306,0.358725,-1.32115,-0.394741,2.83393,-1.96944], "dtheta": [0,0,0,0,0,0,0], "current_errors": [], "last_motion_errors": [], "control_command_success_rate": 0, "robot_mode": "User stopped", "time": 3694626}