{"O_T_EE": [0.00374409,0.0394391,-0.999205,0,0.932492,-0.361004,-0.0107549,0,-0.361148,-0.931729,-0.0381291,0,-0.156386,-0.634404,0.895045,1], "O_T_EE_d": [0.003781,0.039579,-0.9992,0,0.932379,-0.361294,-0.010783,0,-0.361439,-0.93161,-0.0382694,0,-0.156536,-0.63435,0.895037,1], "F_T_NE": [0.7071,-0.7071,0,0,0.7071,0.7071,0,0,0,0,1,0,0,0,0.1034,1], "NE_T_EE": [1,0,0,0,0,1,0,0,0,0,1,0,0,0,0,1], "F_T_EE": [0.7071,-0.7071,0,0,0.7071,0.7071,0,0,0,0,1,0,0,0,0.1034,1], "EE_T_K": [1,0,0,0,0,1,0,0,0,0,1,0,0,0,0,1], "m_ee": 0.73, "F_x_Cee": [-0.01,0,0.03], "I_ee": [0.001,0,0,0,0.0025,0,0,0,0.0017], "m_load": 0, "F_x_Cload": [0,0,0], "I_load": [0,0,0,0,0,0,0,0,0], "m_total": 0.73, "F_x_Ctotal": [-0.01,0,0.03], "I_total": [0.001,0,0,0,0.0025,0,0,0,0.0017], "elbow": [0.292116,-1], "elbow_d": [0.292034,-1], "elbow_c": [0.292034,-1], "delbow_c": [0,0], "ddelbow_c": [0,0], "tau_J": [-0.0742106,-26.3927,0.159015,19.1376,1.20069,0.326523,0.0926712], "tau_J_d": [0,0,0,0,0,0,0], "dtau_J": [-202.023,-47.1345,202.215,96.3083,14.9291,-32.2755,83.4881], "q": [-2.11464,0.00870071,0.292116,-1.3171,-0.401063,2.83513,-1.98076], "dq": [0.00224673,-0.000102513,-0.00133037,-0.00070713,-0.000118354,0.000236202,-0.00191772], "q_d": [-2.11479,0.00863858,0.292034,-1.3171,-0.401074,2.83492,-1.98076], "dq_d": [0,0,0,0,0,0,0], "ddq_d": [0,0,0,0,0,0,0], "joint_contact": [0,0,0,0,0,0,0], "cartesian_contact": [0,0,0,0,0,0], "joint_collision": [0,0,0,0,0,0,0], "cartesian_collision": [0,0,0,0,0,0], "tau_ext_hat_filtered": [-0.0254539,-0.760408,-0.00451269,-0.567484,-0.12697,-1.29004,0.0695721], "O_F_ext_hat_K": [2.53337,3.15013,-0.321853,-1.40735,1.72056,-0.0124628], "K_F_ext_hat_K": [0.455329,1.22863,-3.83772,1.11107,1.31777,0.0693981], "O_dP_EE_d": [0,0,0,0,0,0], "O_ddP_O": [0,0,-9.81], "O_T_EE_c": [0.003781,0.039579,-0.9992,0,0.932379,-0.361294,-0.010783,0,-0.361439,-0.93161,-0.0382694,0,-0.156536,-0.63435,0.895037,1], "O_dP_EE_c": [0,0,0,0,0,0], "O_ddP_EE_c": [0,0,0,0,0,0], "theta": [-2.11464,0.00684859,0.292127,-1.31575,-0.40093,2.83517,-1.98075], "dtheta": [0,0,0,0,0,0,0], "current_errors": [], "last_motion_errors": [], "control_command_success_rate": 0, "robot_mode": "User stopped", "time": 3737722}