{"O_T_EE": [-0.000442523,0.00256869,-0.999987,0,0.905727,-0.423836,-0.00148953,0,-0.423843,-0.905733,-0.00213902,0,-0.205294,-0.620971,0.895098,1], "O_T_EE_d": [-0.00043688,0.00268454,-0.999987,0,0.905519,-0.42428,-0.00153462,0,-0.424287,-0.905525,-0.00224558,0,-0.20553,-0.620855,0.89512,1], "F_T_NE": [0.7071,-0.7071,0,0,0.7071,0.7071,0,0,0,0,1,0,0,0,0.1034,1], "NE_T_EE": [1,0,0,0,0,1,0,0,0,0,1,0,0,0,0,1], "F_T_EE": [0.7071,-0.7071,0,0,0.7071,0.7071,0,0,0,0,1,0,0,0,0.1034,1], "EE_T_K": [1,0,0,0,0,1,0,0,0,0,1,0,0,0,0,1], "m_ee": 0.73, "F_x_Cee": [-0.01,0,0.03], "I_ee": [0.001,0,0,0,0.0025,0,0,0,0.0017], "m_load": 0, "F_x_Cload": [0,0,0], "I_load": [0,0,0,0,0,0,0,0,0], "m_total": 0.73, "F_x_Ctotal": [-0.01,0,0.03], "I_total": [0.001,0,0,0,0.0025,0,0,0,0.0017], "elbow": [0.380207,-1], "elbow_d": [0.380002,-1], "elbow_c": [0.380002,-1], "delbow_c": [0,0], "ddelbow_c": [0,0], "tau_J": [-0.109916,-25.7143,0.0836368,19.4073,1.5019,0.276169,0.071614], "tau_J_d": [0,0,0,0,0,0,0], "dtau_J": [15.1973,39.9644,10.9932,40.2054,20.2294,4.05899,98.627], "q": [-2.28831,0.00904295,0.380207,-1.3366,-0.419759,2.89319,-1.95256], "dq": [-0.000378631,-0.000505414,0.000657929,-0.000222502,-0.000159441,-5.0646e-05,-0.00139986], "q_d": [-2.28851,0.00894634,0.380002,-1.33658,-0.419758,2.89295,-1.95258], "dq_d": [0,0,0,0,0,0,0], "ddq_d": [0,0,0,0,0,0,0], "joint_contact": [0,0,0,0,0,0,0], "cartesian_contact": [0,0,0,0,0,0], "joint_collision": [0,0,0,0,0,0,0], "cartesian_collision": [0,0,0,0,0,0], "tau_ext_hat_filtered": [-0.106755,-1.02271,-0.00696608,-0.289007,0.0941063,-1.23858,0.0334931], "O_F_ext_hat_K": [1.87637,3.69254,0.67014,-2.19892,1.0697,-0.0585257], "K_F_ext_hat_K": [-0.661489,0.133455,-4.14117,0.463046,1.69631,0.0326996], "O_dP_EE_d": [0,0,0,0,0,0], "O_ddP_O": [0,0,-9.81], "O_T_EE_c": [-0.00043688,0.00268454,-0.999987,0,0.905519,-0.42428,-0.00153462,0,-0.424287,-0.905525,-0.00224558,0,-0.20553,-0.620855,0.89512,1], "O_dP_EE_c": [0,0,0,0,0,0], "O_ddP_EE_c": [0,0,0,0,0,0], "theta": [-2.28832,0.00723847,0.380213,-1.33524,-0.419592,2.89322,-1.95256], "dtheta": [0,0,0,0,0,0,0], "current_errors": [], "last_motion_errors": [], "control_command_success_rate": 0, "robot_mode": "User stopped", "time": 3909597}