{"O_T_EE": [0.0198338,0.0136245,-0.999701,0,0.786094,-0.61805,0.00717276,0,-0.617779,-0.786016,-0.0229688,0,-0.341393,-0.562705,0.895142,1], "O_T_EE_d": [0.0198887,0.0136203,-0.9997,0,0.785975,-0.6182,0.0072141,0,-0.617928,-0.785898,-0.0230008,0,-0.341446,-0.562582,0.895212,1], "F_T_NE": [0.7071,-0.7071,0,0,0.7071,0.7071,0,0,0,0,1,0,0,0,0.1034,1], "NE_T_EE": [1,0,0,0,0,1,0,0,0,0,1,0,0,0,0,1], "F_T_EE": [0.7071,-0.7071,0,0,0.7071,0.7071,0,0,0,0,1,0,0,0,0.1034,1], "EE_T_K": [1,0,0,0,0,1,0,0,0,0,1,0,0,0,0,1], "m_ee": 0.73, "F_x_Cee": [-0.01,0,0.03], "I_ee": [0.001,0,0,0,0.0025,0,0,0,0.0017], "m_load": 0, "F_x_Cload": [0,0,0], "I_load": [0,0,0,0,0,0,0,0,0], "m_total": 0.73, "F_x_Ctotal": [-0.01,0,0.03], "I_total": [0.001,0,0,0,0.0025,0,0,0,0.0017], "elbow": [-0.191322,-1], "elbow_d": [-0.191429,-1], "elbow_c": [-0.191429,-1], "delbow_c": [0,0], "ddelbow_c": [0,0], "tau_J": [0.227303,-28.2415,0.270099,19.1772,1.38288,0.316452,0.0926712], "tau_J_d": [0,0,0,0,0,0,0], "dtau_J": [-111.76,50.1823,-74.6783,211.751,-17.3479,-20.2199,73.3482], "q": [-1.94346,0.0246487,-0.191322,-1.30768,-0.375926,2.86039,-1.97951], "dq": [0.00113688,-0.000677813,0.000849026,-0.00156506,-6.15775e-06,0.000324024,0.000131074], "q_d": [-1.94346,0.0244807,-0.191429,-1.30768,-0.375925,2.86018,-1.97952], "dq_d": [0,0,0,0,0,0,0], "ddq_d": [0,0,0,0,0,0,0], "joint_contact": [0,0,0,0,0,0,0], "cartesian_contact": [0,0,0,0,0,0], "joint_collision": [0,0,0,0,0,0,0], "cartesian_collision": [0,0,0,0,0,0], "tau_ext_hat_filtered": [0.296404,-0.837803,0.408404,-0.407368,0.0618463,-1.25346,0.0824789], "O_F_ext_hat_K": [3.44573,2.87577,0.274284,-1.47968,2.11225,0.360638], "K_F_ext_hat_K": [-0.166683,0.933286,-4.39541,0.606601,1.63615,0.0799138], "O_dP_EE_d": [0,0,0,0,0,0], "O_ddP_O": [0,0,-9.81], "O_T_EE_c": [0.0198887,0.0136203,-0.9997,0,0.785975,-0.6182,0.0072141,0,-0.617928,-0.785898,-0.0230008,0,-0.341446,-0.562582,0.895212,1], "O_dP_EE_c": [0,0,0,0,0,0], "O_ddP_EE_c": [0,0,0,0,0,0], "theta": [-1.94344,0.0226678,-0.191303,-1.30633,-0.375773,2.86042,-1.9795], "dtheta": [0,0,0,0,0,0,0], "current_errors": [], "last_motion_errors": [], "control_command_success_rate": 0, "robot_mode": "User stopped", "time": 4148124}