{"O_T_EE": [0.022827,0.0147493,-0.999621,0,0.678662,-0.734423,0.00466134,0,-0.73409,-0.678524,-0.026775,0,-0.423324,-0.506305,0.89547,1], "O_T_EE_d": [0.0228283,0.0146579,-0.999622,0,0.67843,-0.734637,0.00472091,0,-0.734305,-0.678294,-0.0267154,0,-0.423425,-0.506103,0.895577,1], "F_T_NE": [0.7071,-0.7071,0,0,0.7071,0.7071,0,0,0,0,1,0,0,0,0.1034,1], "NE_T_EE": [1,0,0,0,0,1,0,0,0,0,1,0,0,0,0,1], "F_T_EE": [0.7071,-0.7071,0,0,0.7071,0.7071,0,0,0,0,1,0,0,0,0.1034,1], "EE_T_K": [1,0,0,0,0,1,0,0,0,0,1,0,0,0,0,1], "m_ee": 0.73, "F_x_Cee": [-0.01,0,0.03], "I_ee": [0.001,0,0,0,0.0025,0,0,0,0.0017], "m_load": 0, "F_x_Cload": [0,0,0], "I_load": [0,0,0,0,0,0,0,0,0], "m_total": 0.73, "F_x_Ctotal": [-0.01,0,0.03], "I_total": [0.001,0,0,0,0.0025,0,0,0,0.0017], "elbow": [-0.323257,-1], "elbow_d": [-0.323389,-1], "elbow_c": [-0.323389,-1], "delbow_c": [0,0], "ddelbow_c": [0,0], "tau_J": [0.227303,-27.94,0.0836368,19.1772,1.45612,0.376877,0.0816849], "tau_J_d": [0,0,0,0,0,0,0], "dtau_J": [-126.563,-155.976,15.4884,-40.5256,-13.7291,24.8857,79.0299], "q": [-1.96631,0.0334294,-0.323257,-1.2945,-0.37557,2.84962,-1.97696], "dq": [0.000688756,0.00110085,-5.34493e-05,-0.000469532,-9.69695e-05,-0.000311704,0.000794239], "q_d": [-1.96644,0.0332714,-0.323389,-1.29443,-0.375571,2.84945,-1.97697], "dq_d": [0,0,0,0,0,0,0], "ddq_d": [0,0,0,0,0,0,0], "joint_contact": [0,0,0,0,0,0,0], "cartesian_contact": [0,0,0,0,0,0], "joint_collision": [0,0,0,0,0,0,0], "cartesian_collision": [0,0,0,0,0,0], "tau_ext_hat_filtered": [0.287543,-0.794973,0.356372,-0.378041,0.133922,-1.21994,0.0675154], "O_F_ext_hat_K": [3.38309,2.43078,0.492366,-1.3219,1.96132,0.33105], "K_F_ext_hat_K": [-0.379108,0.51306,-4.14602,0.359059,1.68516,0.0651361], "O_dP_EE_d": [0,0,0,0,0,0], "O_ddP_O": [0,0,-9.81], "O_T_EE_c": [0.0228283,0.0146579,-0.999622,0,0.67843,-0.734637,0.00472091,0,-0.734305,-0.678294,-0.0267154,0,-0.423425,-0.506103,0.895577,1], "O_dP_EE_c": [0,0,0,0,0,0], "O_ddP_EE_c": [0,0,0,0,0,0], "theta": [-1.9663,0.031469,-0.323251,-1.29316,-0.375408,2.84966,-1.97695], "dtheta": [0,0,0,0,0,0,0], "current_errors": [], "last_motion_errors": [], "control_command_success_rate": 0, "robot_mode": "User stopped", "time": 4182522}