{"O_T_EE": [0.0350797,0.0148602,-0.999264,0,0.732072,-0.681035,0.0155719,0,-0.680316,-0.732094,-0.0347699,0,-0.384103,-0.535927,0.895437,1], "O_T_EE_d": [0.035261,0.0150677,-0.999255,0,0.731848,-0.681276,0.015552,0,-0.680548,-0.731865,-0.0350505,0,-0.384262,-0.535844,0.895359,1], "F_T_NE": [0.7071,-0.7071,0,0,0.7071,0.7071,0,0,0,0,1,0,0,0,0.1034,1], "NE_T_EE": [1,0,0,0,0,1,0,0,0,0,1,0,0,0,0,1], "F_T_EE": [0.7071,-0.7071,0,0,0.7071,0.7071,0,0,0,0,1,0,0,0,0.1034,1], "EE_T_K": [1,0,0,0,0,1,0,0,0,0,1,0,0,0,0,1], "m_ee": 0.73, "F_x_Cee": [-0.01,0,0.03], "I_ee": [0.001,0,0,0,0.0025,0,0,0,0.0017], "m_load": 0, "F_x_Cload": [0,0,0], "I_load": [0,0,0,0,0,0,0,0,0], "m_total": 0.73, "F_x_Ctotal": [-0.01,0,0.03], "I_total": [0.001,0,0,0,0.0025,0,0,0,0.0017], "elbow": [-0.201398,-1], "elbow_d": [-0.201517,-1], "elbow_c": [-0.201517,-1], "delbow_c": [0,0], "ddelbow_c": [0,0], "tau_J": [0.112252,-28.3526,-0.0314144,19.1376,1.55683,0.336594,0.0414016], "tau_J_d": [0,0,0,0,0,0,0], "dtau_J": [9.18368,-77.5835,-123.256,106.034,21.063,7.45778,42.8724], "q": [-2.00825,0.0308287,-0.201398,-1.29222,-0.374522,2.83764,-1.97175], "dq": [-0.000125218,-0.000394207,0.00118066,-0.00201156,-5.95209e-05,-0.000214136,-0.000880029], "q_d": [-2.00837,0.0308113,-0.201517,-1.29229,-0.374522,2.83739,-1.97176], "dq_d": [0,0,0,0,0,0,0], "ddq_d": [0,0,0,0,0,0,0], "joint_contact": [0,0,0,0,0,0,0], "cartesian_contact": [0,0,0,0,0,0], "joint_collision": [0,0,0,0,0,0,0], "cartesian_collision": [0,0,0,0,0,0], "tau_ext_hat_filtered": [0.100369,-0.807094,0.149618,-0.463103,0.247455,-1.28187,0.0440638], "O_F_ext_hat_K": [2.35185,2.95698,0.730014,-1.72441,1.10611,0.124291], "K_F_ext_hat_K": [-0.603045,-0.280721,-3.79017,0.0274311,1.83423,0.0429077], "O_dP_EE_d": [0,0,0,0,0,0], "O_ddP_O": [0,0,-9.81], "O_T_EE_c": [0.035261,0.0150677,-0.999255,0,0.731848,-0.681276,0.015552,0,-0.680548,-0.731865,-0.0350505,0,-0.384262,-0.535844,0.895359,1], "O_dP_EE_c": [0,0,0,0,0,0], "O_ddP_EE_c": [0,0,0,0,0,0], "theta": [-2.00824,0.0288388,-0.201399,-1.29087,-0.374349,2.83767,-1.97175], "dtheta": [0,0,0,0,0,0,0], "current_errors": [], "last_motion_errors": [], "control_command_success_rate": 0, "robot_mode": "User stopped", "time": 4124321}