{"O_T_EE": [-0.0265573,0.00472449,-0.999626,0,-0.93888,-0.343425,0.0233203,0,-0.343193,0.939167,0.0135564,0,-0.278551,0.460593,0.996551,1], "O_T_EE_d": [-0.0265605,0.00473766,-0.999626,0,-0.939053,-0.342951,0.0233256,0,-0.342719,0.93934,0.0135581,0,-0.278288,0.460678,0.99659,1], "F_T_NE": [0.7071,-0.7071,0,0,0.7071,0.7071,0,0,0,0,1,0,0,0,0.1034,1], "NE_T_EE": [1,0,0,0,0,1,0,0,0,0,1,0,0,0,0,1], "F_T_EE": [0.7071,-0.7071,0,0,0.7071,0.7071,0,0,0,0,1,0,0,0,0.1034,1], "EE_T_K": [1,0,0,0,0,1,0,0,0,0,1,0,0,0,0,1], "m_ee": 0.73, "F_x_Cee": [-0.01,0,0.03], "I_ee": [0.001,0,0,0,0.0025,0,0,0,0.0017], "m_load": 0, "F_x_Cload": [0,0,0], "I_load": [0,0,0,0,0,0,0,0,0], "m_total": 0.73, "F_x_Ctotal": [-0.01,0,0.03], "I_total": [0.001,0,0,0,0.0025,0,0,0,0.0017], "elbow": [0.381501,-1], "elbow_d": [0.381198,-1], "elbow_c": [0.381198,-1], "delbow_c": [0,0], "ddelbow_c": [0,0], "tau_J": [-0.855766,-15.8755,-3.32823,16.5311,1.1366,0.336594,-0.0199387], "tau_J_d": [0,0,0,0,0,0,0], "dtau_J": [-22.0962,140.711,-79.4339,42.0666,-48.0311,-21.9144,-86.054], "q": [1.66134,-0.193002,0.381501,-1.26467,-0.246944,2.64864,-2.04396], "dq": [0.000364623,-0.000825598,0.000708743,-0.000390451,0.000605077,0.000323588,0.00105416], "q_d": [1.66118,-0.193083,0.381198,-1.26465,-0.246961,2.64853,-2.04398], "dq_d": [0,0,0,0,0,0,0], "ddq_d": [0,0,0,0,0,0,0], "joint_contact": [0,0,0,0,0,0,0], "cartesian_contact": [0,0,0,0,0,0], "joint_collision": [0,0,0,0,0,0,0], "cartesian_collision": [0,0,0,0,0,0], "tau_ext_hat_filtered": [-0.8171,-1.07375,-1.16674,0.0586204,0.154988,-1.20395,0.0448921], "O_F_ext_hat_K": [3.72838,-3.54609,-0.0343349,2.07839,3.22892,-0.817915], "K_F_ext_hat_K": [-0.0814484,-2.28353,-4.61039,0.124356,1.51337,0.044862], "O_dP_EE_d": [0,0,0,0,0,0], "O_ddP_O": [0,0,-9.81], "O_T_EE_c": [-0.0265605,0.00473766,-0.999626,0,-0.939053,-0.342951,0.0233256,0,-0.342719,0.93934,0.0135581,0,-0.278288,0.460678,0.99659,1], "O_dP_EE_c": [0,0,0,0,0,0], "O_ddP_EE_c": [0,0,0,0,0,0], "theta": [1.66128,-0.194116,0.381268,-1.26351,-0.246818,2.64868,-2.04396], "dtheta": [0,0,0,0,0,0,0], "current_errors": [], "last_motion_errors": [], "control_command_success_rate": 0, "robot_mode": "User stopped", "time": 5400387}