{"O_T_EE": [-0.0273724,0.0343015,-0.999027,0,-0.808244,-0.588828,0.00192777,0,-0.5882,0.807526,0.0438425,0,-0.394938,0.367498,0.998041,1], "O_T_EE_d": [-0.0276895,0.0336672,-0.99904,0,-0.80856,-0.588392,0.00258153,0,-0.587752,0.80787,0.0435151,0,-0.394426,0.367958,0.998024,1], "F_T_NE": [0.7071,-0.7071,0,0,0.7071,0.7071,0,0,0,0,1,0,0,0,0.1034,1], "NE_T_EE": [1,0,0,0,0,1,0,0,0,0,1,0,0,0,0,1], "F_T_EE": [0.7071,-0.7071,0,0,0.7071,0.7071,0,0,0,0,1,0,0,0,0.1034,1], "EE_T_K": [1,0,0,0,0,1,0,0,0,0,1,0,0,0,0,1], "m_ee": 0.73, "F_x_Cee": [-0.01,0,0.03], "I_ee": [0.001,0,0,0,0.0025,0,0,0,0.0017], "m_load": 0, "F_x_Cload": [0,0,0], "I_load": [0,0,0,0,0,0,0,0,0], "m_total": 0.73, "F_x_Ctotal": [-0.01,0,0.03], "I_total": [0.001,0,0,0,0.0025,0,0,0,0.0017], "elbow": [0.960644,-1], "elbow_d": [0.960162,-1], "elbow_c": [0.960162,-1], "delbow_c": [0,0], "ddelbow_c": [0,0], "tau_J": [-1.37945,10.7053,-12.1792,11.6632,0.286076,0.376877,0.0514724], "tau_J_d": [0,0,0,0,0,0,0], "dtau_J": [158.126,-3.52773,54.991,-50.8841,-34.9858,15.9468,-115.074], "q": [0.901593,-0.487682,0.960644,-1.24355,0.725728,2.60342,-2.56672], "dq": [-0.00482857,0.00118205,-0.00173059,0.00126989,0.000546202,-0.000400592,0.00255968], "q_d": [0.901442,-0.48719,0.960162,-1.24368,0.725763,2.6031,-2.56667], "dq_d": [0,0,0,0,0,0,0], "ddq_d": [0,0,0,0,0,0,0], "joint_contact": [0,0,0,0,0,0,0], "cartesian_contact": [0,0,0,0,0,0], "joint_collision": [0,0,0,0,0,0,0], "cartesian_collision": [0,0,0,0,0,0], "tau_ext_hat_filtered": [-1.40315,2.21002,-2.11631,-1.3222,-0.0542347,-1.14636,0.112159], "O_F_ext_hat_K": [0,0,0,0,0,0], "K_F_ext_hat_K": [0,0,0,0,0,0], "O_dP_EE_d": [0,0,0,0,0,0], "O_ddP_O": [0,0,-9.81], "O_T_EE_c": [-0.0276895,0.0336672,-0.99904,0,-0.80856,-0.588392,0.00258153,0,-0.587752,0.80787,0.0435151,0,-0.394426,0.367958,0.998024,1], "O_dP_EE_c": [0,0,0,0,0,0], "O_ddP_EE_c": [0,0,0,0,0,0], "theta": [0.901495,-0.48693,0.95979,-1.24273,0.72576,2.60346,-2.56671], "dtheta": [0,0,0,0,0,0,0], "current_errors": [], "last_motion_errors": ["cartesian_reflex"], "control_command_success_rate": 0, "robot_mode": "User stopped", "time": 3146592}