{"O_T_EE": [-0.0423294,-0.00582358,-0.999077,0,-0.904897,-0.423646,0.0408086,0,-0.423501,0.905807,0.0126632,0,-0.318157,0.434267,0.998099,1], "O_T_EE_d": [-0.042346,-0.00619495,-0.999074,0,-0.905123,-0.423147,0.0409876,0,-0.423018,0.906038,0.0123116,0,-0.317853,0.434524,0.998011,1], "F_T_NE": [0.7071,-0.7071,0,0,0.7071,0.7071,0,0,0,0,1,0,0,0,0.1034,1], "NE_T_EE": [1,0,0,0,0,1,0,0,0,0,1,0,0,0,0,1], "F_T_EE": [0.7071,-0.7071,0,0,0.7071,0.7071,0,0,0,0,1,0,0,0,0.1034,1], "EE_T_K": [1,0,0,0,0,1,0,0,0,0,1,0,0,0,0,1], "m_ee": 0.73, "F_x_Cee": [-0.01,0,0.03], "I_ee": [0.001,0,0,0,0.0025,0,0,0,0.0017], "m_load": 0, "F_x_Cload": [0,0,0], "I_load": [0,0,0,0,0,0,0,0,0], "m_total": 0.73, "F_x_Ctotal": [-0.01,0,0.03], "I_total": [0.001,0,0,0,0.0025,0,0,0,0.0017], "elbow": [0.835179,-1], "elbow_d": [0.834797,-1], "elbow_c": [0.834797,-1], "delbow_c": [0,0], "ddelbow_c": [0,0], "tau_J": [-1.0462,-1.62499,-7.8668,14.845,0.623905,0.346665,-0.00986788], "tau_J_d": [0,0,0,0,0,0,0], "dtau_J": [-16.0121,-164.658,-11.2687,-61.1078,-17.3602,23.4787,-117.288], "q": [1.09831,-0.303012,0.835179,-1.25568,0.195705,2.64578,-2.26272], "dq": [0.000844262,0.00169846,0.0007034,0.00118667,-0.00403833,-0.000350195,0.00315611], "q_d": [1.09819,-0.3029,0.834797,-1.25581,0.195693,2.64554,-2.2627], "dq_d": [0,0,0,0,0,0,0], "ddq_d": [0,0,0,0,0,0,0], "joint_contact": [0,0,0,0,0,0,0], "cartesian_contact": [0,0,0,0,0,0], "joint_collision": [0,0,0,0,0,0,0], "cartesian_collision": [0,0,0,0,0,0], "tau_ext_hat_filtered": [-1.03188,0.974521,-1.89699,-0.50996,-0.0884576,-1.27712,0.0851771], "O_F_ext_hat_K": [0,0,0,0,0,0], "K_F_ext_hat_K": [0,0,0,0,0,0], "O_dP_EE_d": [0,0,0,0,0,0], "O_ddP_O": [0,0,-9.81], "O_T_EE_c": [-0.042346,-0.00619495,-0.999074,0,-0.905123,-0.423147,0.0409876,0,-0.423018,0.906038,0.0123116,0,-0.317853,0.434524,0.998011,1], "O_dP_EE_c": [0,0,0,0,0,0], "O_ddP_EE_c": [0,0,0,0,0,0], "theta": [1.09823,-0.303127,0.834626,-1.25464,0.195774,2.64582,-2.26272], "dtheta": [0,0,0,0,0,0,0], "current_errors": [], "last_motion_errors": ["cartesian_reflex"], "control_command_success_rate": 0, "robot_mode": "User stopped", "time": 3525474}