{"O_T_EE": [-0.0319145,0.0112112,-0.999418,0,-0.965434,-0.259112,0.0279226,0,-0.258653,0.965782,0.0190935,0,-0.2335,0.483216,0.996521,1], "O_T_EE_d": [-0.0319347,0.0111852,-0.999418,0,-0.965617,-0.258423,0.0279624,0,-0.257965,0.965966,0.0190536,0,-0.233131,0.48327,0.996587,1], "F_T_NE": [0.7071,-0.7071,0,0,0.7071,0.7071,0,0,0,0,1,0,0,0,0.1034,1], "NE_T_EE": [1,0,0,0,0,1,0,0,0,0,1,0,0,0,0,1], "F_T_EE": [0.7071,-0.7071,0,0,0.7071,0.7071,0,0,0,0,1,0,0,0,0.1034,1], "EE_T_K": [1,0,0,0,0,1,0,0,0,0,1,0,0,0,0,1], "m_ee": 0.73, "F_x_Cee": [-0.01,0,0.03], "I_ee": [0.001,0,0,0,0.0025,0,0,0,0.0017], "m_load": 0, "F_x_Cload": [0,0,0], "I_load": [0,0,0,0,0,0,0,0,0], "m_total": 0.73, "F_x_Ctotal": [-0.01,0,0.03], "I_total": [0.001,0,0,0,0.0025,0,0,0,0.0017], "elbow": [0.339072,-1], "elbow_d": [0.338715,-1], "elbow_c": [0.338715,-1], "delbow_c": [0,0], "ddelbow_c": [0,0], "tau_J": [-1.60558,-16.4388,-4.07805,16.8762,1.0542,0.146164,0.0414016], "tau_J_d": [0,0,0,0,0,0,0], "dtau_J": [-7.16331,13.7253,-41.9916,-158.259,15.1136,-20.4211,-41.4075], "q": [1.61657,-0.196925,0.339072,-1.27626,-0.25668,2.65905,-2.0365], "dq": [0.000394474,0.000496788,0.00358072,9.55847e-05,0.00020861,-0.000147251,-0.000255037], "q_d": [1.6163,-0.197082,0.338715,-1.27621,-0.2567,2.65877,-2.03648], "dq_d": [0,0,0,0,0,0,0], "ddq_d": [0,0,0,0,0,0,0], "joint_contact": [0,0,0,0,0,0,0], "cartesian_contact": [0,0,0,0,0,0], "joint_collision": [0,0,0,0,0,0,0], "cartesian_collision": [0,0,0,0,0,0], "tau_ext_hat_filtered": [-1.60381,-1.18819,-2.08787,0.367281,0.0568481,-1.38105,0.0884301], "O_F_ext_hat_K": [3.98824,-3.21854,1.50314,2.14151,3.94365,-1.612], "K_F_ext_hat_K": [-1.66567,-2.9745,-4.11127,0.489007,1.8169,0.0865811], "O_dP_EE_d": [0,0,0,0,0,0], "O_ddP_O": [0,0,-9.81], "O_T_EE_c": [-0.0319347,0.0111852,-0.999418,0,-0.965617,-0.258423,0.0279624,0,-0.257965,0.965966,0.0190536,0,-0.233131,0.48327,0.996587,1], "O_dP_EE_c": [0,0,0,0,0,0], "O_ddP_EE_c": [0,0,0,0,0,0], "theta": [1.61646,-0.198078,0.338786,-1.27508,-0.256563,2.65907,-2.03649], "dtheta": [0,0,0,0,0,0,0], "current_errors": [], "last_motion_errors": [], "control_command_success_rate": 0, "robot_mode": "User stopped", "time": 5371818}