{"O_T_EE": [-0.0365306,0.0134623,-0.999232,0,-0.865892,-0.499591,0.024925,0,-0.498881,0.866154,0.0299078,0,-0.357628,0.402279,0.997668,1], "O_T_EE_d": [-0.0367768,0.0132509,-0.999226,0,-0.86621,-0.499021,0.0252635,0,-0.49831,0.866486,0.029831,0,-0.357154,0.402582,0.997722,1], "F_T_NE": [0.7071,-0.7071,0,0,0.7071,0.7071,0,0,0,0,1,0,0,0,0.1034,1], "NE_T_EE": [1,0,0,0,0,1,0,0,0,0,1,0,0,0,0,1], "F_T_EE": [0.7071,-0.7071,0,0,0.7071,0.7071,0,0,0,0,1,0,0,0,0.1034,1], "EE_T_K": [1,0,0,0,0,1,0,0,0,0,1,0,0,0,0,1], "m_ee": 0.73, "F_x_Cee": [-0.01,0,0.03], "I_ee": [0.001,0,0,0,0.0025,0,0,0,0.0017], "m_load": 0, "F_x_Cload": [0,0,0], "I_load": [0,0,0,0,0,0,0,0,0], "m_total": 0.73, "F_x_Ctotal": [-0.01,0,0.03], "I_total": [0.001,0,0,0,0.0025,0,0,0,0.0017], "elbow": [0.914557,-1], "elbow_d": [0.913958,-1], "elbow_c": [0.913958,-1], "delbow_c": [0,0], "ddelbow_c": [0,0], "tau_J": [-1.23266,3.80623,-10.5289,14.0396,0.651371,0.506882,0.0514724], "tau_J_d": [0,0,0,0,0,0,0], "dtau_J": [-61.016,52.1978,-46.0142,8.76664,-3.02933,11.2656,-65.4842], "q": [1.00867,-0.382781,0.914557,-1.26283,0.406985,2.6491,-2.38212], "dq": [-0.000586717,-0.000285588,-0.000688009,-0.00342847,-8.65316e-05,-0.000189078,0.000820501], "q_d": [1.00855,-0.382537,0.913958,-1.2628,0.407007,2.64891,-2.38212], "dq_d": [0,0,0,0,0,0,0], "ddq_d": [0,0,0,0,0,0,0], "joint_contact": [0,0,0,0,0,0,0], "cartesian_contact": [0,0,0,0,0,0], "joint_collision": [0,0,0,0,0,0,0], "cartesian_collision": [0,0,0,0,0,0], "tau_ext_hat_filtered": [-1.20091,1.19875,-2.65928,-0.512732,0.0760536,-1.0659,0.0868398], "O_F_ext_hat_K": [0,0,0,0,0,0], "K_F_ext_hat_K": [0,0,0,0,0,0], "O_dP_EE_d": [0,0,0,0,0,0], "O_ddP_O": [0,0,-9.81], "O_T_EE_c": [-0.0367768,0.0132509,-0.999226,0,-0.86621,-0.499021,0.0252635,0,-0.49831,0.866486,0.029831,0,-0.357154,0.402582,0.997722,1], "O_dP_EE_c": [0,0,0,0,0,0], "O_ddP_EE_c": [0,0,0,0,0,0], "theta": [1.00859,-0.382514,0.913818,-1.26185,0.407056,2.64916,-2.38212], "dtheta": [0,0,0,0,0,0,0], "current_errors": [], "last_motion_errors": ["cartesian_reflex"], "control_command_success_rate": 0, "robot_mode": "User stopped", "time": 3299140}