{"O_T_EE": [-0.0195535,0.044493,-0.998809,0,-0.987751,-0.155484,0.0124108,0,-0.15475,0.986836,0.0469892,0,-0.185606,0.50062,0.997259,1], "O_T_EE_d": [-0.0197169,0.0442349,-0.998817,0,-0.987816,-0.155053,0.0126328,0,-0.154314,0.986915,0.046754,0,-0.185294,0.50078,0.997202,1], "F_T_NE": [0.7071,-0.7071,0,0,0.7071,0.7071,0,0,0,0,1,0,0,0,0.1034,1], "NE_T_EE": [1,0,0,0,0,1,0,0,0,0,1,0,0,0,0,1], "F_T_EE": [0.7071,-0.7071,0,0,0.7071,0.7071,0,0,0,0,1,0,0,0,0.1034,1], "EE_T_K": [1,0,0,0,0,1,0,0,0,0,1,0,0,0,0,1], "m_ee": 0.73, "F_x_Cee": [-0.01,0,0.03], "I_ee": [0.001,0,0,0,0.0025,0,0,0,0.0017], "m_load": 0, "F_x_Cload": [0,0,0], "I_load": [0,0,0,0,0,0,0,0,0], "m_total": 0.73, "F_x_Ctotal": [-0.01,0,0.03], "I_total": [0.001,0,0,0,0.0025,0,0,0,0.0017], "elbow": [0.619458,-1], "elbow_d": [0.619067,-1], "elbow_c": [0.619067,-1], "delbow_c": [0,0], "ddelbow_c": [0,0], "tau_J": [-0.482841,-8.5598,-5.39122,15.5353,0.935185,0.245957,0.163167], "tau_J_d": [0,0,0,0,0,0,0], "dtau_J": [3.05931,-131.747,-32.1306,44.1493,17.7326,-21.093,109.371], "q": [1.13423,-0.259844,0.619458,-1.31167,-0.043802,2.71374,-2.15485], "dq": [-0.000548847,0.00174644,0.000875564,0.000538116,-0.000356407,-5.15185e-05,-0.00173194], "q_d": [1.1342,-0.259693,0.619067,-1.31169,-0.0437872,2.71359,-2.15481], "dq_d": [0,0,0,0,0,0,0], "ddq_d": [0,0,0,0,0,0,0], "joint_contact": [0,0,0,0,0,0,0], "cartesian_contact": [0,0,0,0,0,0], "joint_collision": [0,0,0,0,0,0,0], "cartesian_collision": [0,0,0,0,0,0], "tau_ext_hat_filtered": [-0.512767,0.479962,-1.14729,-0.784449,0.00567968,-1.25519,0.112394], "O_F_ext_hat_K": [2.63415,-2.93159,-0.901737,1.13804,2.27823,-0.698469], "K_F_ext_hat_K": [0.718734,-2.1573,-3.343,-0.0580177,1.34685,0.0310793], "O_dP_EE_d": [0,0,0,0,0,0], "O_ddP_O": [0,0,-9.81], "O_T_EE_c": [-0.0197169,0.0442349,-0.998817,0,-0.987816,-0.155053,0.0126328,0,-0.154314,0.986915,0.046754,0,-0.185294,0.50078,0.997202,1], "O_dP_EE_c": [0,0,0,0,0,0], "O_ddP_EE_c": [0,0,0,0,0,0], "theta": [1.1342,-0.260444,0.61908,-1.31059,-0.0436993,2.71377,-2.15484], "dtheta": [0,0,0,0,0,0,0], "current_errors": [], "last_motion_errors": ["cartesian_reflex"], "control_command_success_rate": 0, "robot_mode": "User stopped", "time": 3651451}