{"O_T_EE": [-0.028156,0.0252236,-0.999276,0,-0.977066,0.210342,0.0328396,0,0.211022,0.977302,0.0187231,0,0.00688916,0.52564,0.999113,1], "O_T_EE_d": [-0.0282521,0.025012,-0.999278,0,-0.97692,0.211011,0.0329016,0,0.211686,0.977163,0.0184735,0,0.00726846,0.525658,0.999065,1], "F_T_NE": [0.7071,-0.7071,0,0,0.7071,0.7071,0,0,0,0,1,0,0,0,0.1034,1], "NE_T_EE": [1,0,0,0,0,1,0,0,0,0,1,0,0,0,0,1], "F_T_EE": [0.7071,-0.7071,0,0,0.7071,0.7071,0,0,0,0,1,0,0,0,0.1034,1], "EE_T_K": [1,0,0,0,0,1,0,0,0,0,1,0,0,0,0,1], "m_ee": 0.73, "F_x_Cee": [-0.01,0,0.03], "I_ee": [0.001,0,0,0,0.0025,0,0,0,0.0017], "m_load": 0, "F_x_Cload": [0,0,0], "I_load": [0,0,0,0,0,0,0,0,0], "m_total": 0.73, "F_x_Ctotal": [-0.01,0,0.03], "I_total": [0.001,0,0,0,0.0025,0,0,0,0.0017], "elbow": [-0.532975,-1], "elbow_d": [-0.533351,-1], "elbow_c": [-0.533351,-1], "delbow_c": [0,0], "ddelbow_c": [0,0], "tau_J": [-1.30407,-13.0825,1.69435,16.2653,1.30048,-0.144058,0.132954], "tau_J_d": [0,0,0,0,0,0,0], "dtau_J": [-7.49282,113.249,-107.042,96.5141,13.5797,-4.38106,-14.9857], "q": [2.30355,-0.24717,-0.532975,-1.25421,-0.794084,2.53347,-1.77257], "dq": [0.00131465,-0.000526798,0.00118767,0.000907991,-4.99943e-06,-0.000209476,0.000698221], "q_d": [2.30341,-0.247232,-0.533351,-1.25418,-0.794125,2.53319,-1.77259], "dq_d": [0,0,0,0,0,0,0], "ddq_d": [0,0,0,0,0,0,0], "joint_contact": [0,0,0,0,0,0,0], "cartesian_contact": [0,0,0,0,0,0], "joint_collision": [0,0,0,0,0,0,0], "cartesian_collision": [0,0,0,0,0,0], "tau_ext_hat_filtered": [-1.24649,-1.03984,-1.28448,-0.0537275,0.265456,-1.51209,0.165748], "O_F_ext_hat_K": [1.06469,-2.10343,0.773831,1.01072,1.57542,-1.18828], "K_F_ext_hat_K": [-0.85632,-1.45733,-1.81652,0.668914,1.55183,0.177748], "O_dP_EE_d": [0,0,0,0,0,0], "O_ddP_O": [0,0,-9.81], "O_T_EE_c": [-0.0282521,0.025012,-0.999278,0,-0.97692,0.211011,0.0329016,0,0.211686,0.977163,0.0184735,0,0.00726846,0.525658,0.999065,1], "O_dP_EE_c": [0,0,0,0,0,0], "O_ddP_EE_c": [0,0,0,0,0,0], "theta": [2.30346,-0.248089,-0.532857,-1.25306,-0.793941,2.53346,-1.77256], "dtheta": [0,0,0,0,0,0,0], "current_errors": [], "last_motion_errors": [], "control_command_success_rate": 0, "robot_mode": "User stopped", "time": 6350734}