{"O_T_EE": [-0.0240095,-0.0015168,-0.999701,0,-0.999509,0.019673,0.023975,0,0.0196311,0.999805,-0.00198843,0,-0.0894342,0.524423,0.99695,1], "O_T_EE_d": [-0.024112,-0.00149886,-0.999699,0,-0.99949,0.0205215,0.0240762,0,0.0204796,0.999788,-0.00199295,0,-0.0889406,0.524427,0.997,1], "F_T_NE": [0.7071,-0.7071,0,0,0.7071,0.7071,0,0,0,0,1,0,0,0,0.1034,1], "NE_T_EE": [1,0,0,0,0,1,0,0,0,0,1,0,0,0,0,1], "F_T_EE": [0.7071,-0.7071,0,0,0.7071,0.7071,0,0,0,0,1,0,0,0,0.1034,1], "EE_T_K": [1,0,0,0,0,1,0,0,0,0,1,0,0,0,0,1], "m_ee": 0.73, "F_x_Cee": [-0.01,0,0.03], "I_ee": [0.001,0,0,0,0.0025,0,0,0,0.0017], "m_load": 0, "F_x_Cload": [0,0,0], "I_load": [0,0,0,0,0,0,0,0,0], "m_total": 0.73, "F_x_Ctotal": [-0.01,0,0.03], "I_total": [0.001,0,0,0,0.0025,0,0,0,0.0017], "elbow": [0.2942,-1], "elbow_d": [0.293687,-1], "elbow_c": [0.293687,-1], "delbow_c": [0,0], "ddelbow_c": [0,0], "tau_J": [-1.56591,-14.8956,-3.89158,16.1502,1.39203,0.426316,0.112813], "tau_J_d": [0,0,0,0,0,0,0], "dtau_J": [-30.4406,-116.34,81.3432,-93.4616,-21.4059,1.10533,50.0442], "q": [1.39227,-0.201526,0.2942,-1.26885,-0.262815,2.62206,-2.04397], "dq": [-0.000147457,0.000971766,0.00240092,0.000521746,5.08484e-05,0.000205032,-0.000994594], "q_d": [1.39195,-0.201618,0.293687,-1.26882,-0.262799,2.62192,-2.04397], "dq_d": [0,0,0,0,0,0,0], "ddq_d": [0,0,0,0,0,0,0], "joint_contact": [0,0,0,0,0,0,0], "cartesian_contact": [0,0,0,0,0,0], "joint_collision": [0,0,0,0,0,0,0], "cartesian_collision": [0,0,0,0,0,0], "tau_ext_hat_filtered": [-1.49299,0.528448,-2.0403,-0.286462,0.423861,-1.15503,0.10308], "O_F_ext_hat_K": [3.99494,-1.05235,1.53804,0.340784,4.25397,-1.49464], "K_F_ext_hat_K": [-1.63193,-3.97688,-0.976783,-0.469974,1.52898,0.102887], "O_dP_EE_d": [0,0,0,0,0,0], "O_ddP_O": [0,0,-9.81], "O_T_EE_c": [-0.024112,-0.00149886,-0.999699,0,-0.99949,0.0205215,0.0240762,0,0.0204796,0.999788,-0.00199295,0,-0.0889406,0.524427,0.997,1], "O_dP_EE_c": [0,0,0,0,0,0], "O_ddP_EE_c": [0,0,0,0,0,0], "theta": [1.39216,-0.202572,0.293927,-1.26771,-0.262661,2.62211,-2.04395], "dtheta": [0,0,0.0251586,0,0,0,0], "current_errors": [], "last_motion_errors": [], "control_command_success_rate": 0, "robot_mode": "User stopped", "time": 5521897}