{"O_T_EE": [-0.0225406,-0.00447434,-0.999726,0,-0.991098,0.131274,0.0217586,0,0.131143,0.991336,-0.00739364,0,-0.0434591,0.526365,0.998944,1], "O_T_EE_d": [-0.0226871,-0.00449667,-0.999723,0,-0.991029,0.131771,0.0218971,0,0.131639,0.99127,-0.00744598,0,-0.0431291,0.526317,0.998987,1], "F_T_NE": [0.7071,-0.7071,0,0,0.7071,0.7071,0,0,0,0,1,0,0,0,0.1034,1], "NE_T_EE": [1,0,0,0,0,1,0,0,0,0,1,0,0,0,0,1], "F_T_EE": [0.7071,-0.7071,0,0,0.7071,0.7071,0,0,0,0,1,0,0,0,0.1034,1], "EE_T_K": [1,0,0,0,0,1,0,0,0,0,1,0,0,0,0,1], "m_ee": 0.73, "F_x_Cee": [-0.01,0,0.03], "I_ee": [0.001,0,0,0,0.0025,0,0,0,0.0017], "m_load": 0, "F_x_Cload": [0,0,0], "I_load": [0,0,0,0,0,0,0,0,0], "m_total": 0.73, "F_x_Ctotal": [-0.01,0,0.03], "I_total": [0.001,0,0,0,0.0025,0,0,0,0.0017], "elbow": [-0.520639,-1], "elbow_d": [-0.520804,-1], "elbow_c": [-0.520804,-1], "delbow_c": [0,0], "ddelbow_c": [0,0], "tau_J": [-0.597892,-13.9156,2.18233,16.1859,0.880253,0.0555272,-0.00986788], "tau_J_d": [0,0,0,0,0,0,0], "dtau_J": [-8.211,9.28417,5.08259,-18.9321,16.6123,1.9527,-69.5848], "q": [2.3793,-0.22427,-0.520639,-1.22248,-0.7601,2.49453,-1.80405], "dq": [-0.000676865,0.00028499,0.000213554,3.01113e-05,8.69926e-05,-0.000112127,0.00217179], "q_d": [2.37909,-0.224445,-0.520804,-1.22243,-0.760139,2.49432,-1.80406], "dq_d": [0,0,0,0,0,0,0], "ddq_d": [0,0,0,0,0,0,0], "joint_contact": [0,0,0,0,0,0,0], "cartesian_contact": [0,0,0,0,0,0], "joint_collision": [0,0,0,0,0,0,0], "cartesian_collision": [0,0,0,0,0,0], "tau_ext_hat_filtered": [-0.596913,-1.10614,-0.45278,0.0754459,-0.093265,-1.38195,0.0329016], "O_F_ext_hat_K": [-0.112423,-4.74965,-0.669059,3.08512,0.0467041,-0.656911], "K_F_ext_hat_K": [0.692675,-0.52665,-4.71829,0.950883,1.30026,0.0218266], "O_dP_EE_d": [0,0,0,0,0,0], "O_ddP_O": [0,0,-9.81], "O_T_EE_c": [-0.0226871,-0.00449667,-0.999723,0,-0.991029,0.131771,0.0218971,0,0.131639,0.99127,-0.00744598,0,-0.0431291,0.526317,0.998987,1], "O_dP_EE_c": [0,0,0,0,0,0], "O_ddP_EE_c": [0,0,0,0,0,0], "theta": [2.37926,-0.225246,-0.520486,-1.22135,-0.760001,2.49454,-1.80405], "dtheta": [0,0,0,0,0,0,0], "current_errors": [], "last_motion_errors": [], "control_command_success_rate": 0, "robot_mode": "User stopped", "time": 6427993}