{"O_T_EE": [-0.0152443,0.00500312,-0.999862,0,-0.998181,-0.0582424,0.0149272,0,-0.0581608,0.99829,0.00588199,0,-0.138503,0.515405,0.996989,1], "O_T_EE_d": [-0.0152837,0.00489238,-0.999862,0,-0.998222,-0.0575308,0.0149771,0,-0.0574506,0.998332,0.00576307,0,-0.138108,0.515485,0.996981,1], "F_T_NE": [0.7071,-0.7071,0,0,0.7071,0.7071,0,0,0,0,1,0,0,0,0.1034,1], "NE_T_EE": [1,0,0,0,0,1,0,0,0,0,1,0,0,0,0,1], "F_T_EE": [0.7071,-0.7071,0,0,0.7071,0.7071,0,0,0,0,1,0,0,0,0.1034,1], "EE_T_K": [1,0,0,0,0,1,0,0,0,0,1,0,0,0,0,1], "m_ee": 0.73, "F_x_Cee": [-0.01,0,0.03], "I_ee": [0.001,0,0,0,0.0025,0,0,0,0.0017], "m_load": 0, "F_x_Cload": [0,0,0], "I_load": [0,0,0,0,0,0,0,0,0], "m_total": 0.73, "F_x_Ctotal": [-0.01,0,0.03], "I_total": [0.001,0,0,0,0.0025,0,0,0,0.0017], "elbow": [0.362037,-1], "elbow_d": [0.361658,-1], "elbow_c": [0.361658,-1], "delbow_c": [0,0], "ddelbow_c": [0,0], "tau_J": [-1.37945,-14.5187,-3.93126,15.9201,1.1366,0.146164,0.0111892], "tau_J_d": [0,0,0,0,0,0,0], "dtau_J": [4.2077,78.5675,-10.902,-5.19642,1.05879,-2.42778,-63.0118], "q": [1.40185,-0.202872,0.362037,-1.26805,-0.264431,2.63057,-2.03808], "dq": [0.000450977,-0.000800684,0.000296952,-0.000831504,5.37493e-05,2.77861e-05,0.000299836], "q_d": [1.40156,-0.202908,0.361658,-1.26807,-0.264434,2.63041,-2.03809], "dq_d": [0,0,0,0,0,0,0], "ddq_d": [0,0,0,0,0,0,0], "joint_contact": [0,0,0,0,0,0,0], "cartesian_contact": [0,0,0,0,0,0], "joint_collision": [0,0,0,0,0,0,0], "cartesian_collision": [0,0,0,0,0,0], "tau_ext_hat_filtered": [-1.40177,0.0631253,-1.78817,-0.467731,0.145024,-1.40655,0.0732483], "O_F_ext_hat_K": [3.14046,-2.65609,0.0844618,1.17527,3.12993,-1.3972], "K_F_ext_hat_K": [-0.145616,-2.97884,-2.8337,0.169501,1.51213,0.0745884], "O_dP_EE_d": [0,0,0,0,0,0], "O_ddP_O": [0,0,-9.81], "O_T_EE_c": [-0.0152837,0.00489238,-0.999862,0,-0.998222,-0.0575308,0.0149771,0,-0.0574506,0.998332,0.00576307,0,-0.138108,0.515485,0.996981,1], "O_dP_EE_c": [0,0,0,0,0,0], "O_ddP_EE_c": [0,0,0,0,0,0], "theta": [1.40175,-0.203892,0.361761,-1.26693,-0.264305,2.63059,-2.03808], "dtheta": [0,0,0,0,0,0,0], "current_errors": [], "last_motion_errors": [], "control_command_success_rate": 0, "robot_mode": "User stopped", "time": 5442203}