{"O_T_EE": [-0.0242085,0.000475578,-0.999697,0,-0.952169,0.304657,0.0232025,0,0.304582,0.952461,-0.00692261,0,0.056309,0.520576,0.999621,1], "O_T_EE_d": [-0.0243086,0.000320727,-0.999695,0,-0.952002,0.305175,0.0232468,0,0.305096,0.952295,-0.0071132,0,0.0565958,0.520569,0.999583,1], "F_T_NE": [0.7071,-0.7071,0,0,0.7071,0.7071,0,0,0,0,1,0,0,0,0.1034,1], "NE_T_EE": [1,0,0,0,0,1,0,0,0,0,1,0,0,0,0,1], "F_T_EE": [0.7071,-0.7071,0,0,0.7071,0.7071,0,0,0,0,1,0,0,0,0.1034,1], "EE_T_K": [1,0,0,0,0,1,0,0,0,0,1,0,0,0,0,1], "m_ee": 0.73, "F_x_Cee": [-0.01,0,0.03], "I_ee": [0.001,0,0,0,0.0025,0,0,0,0.0017], "m_load": 0, "F_x_Cload": [0,0,0], "I_load": [0,0,0,0,0,0,0,0,0], "m_total": 0.73, "F_x_Ctotal": [-0.01,0,0.03], "I_total": [0.001,0,0,0,0.0025,0,0,0,0.0017], "elbow": [-0.59518,-1], "elbow_d": [-0.595434,-1], "elbow_c": [-0.595434,-1], "delbow_c": [0,0], "ddelbow_c": [0,0], "tau_J": [-1.23266,-11.4242,2.14663,15.9558,1.16407,-0.0744777,0.163167], "tau_J_d": [0,0,0,0,0,0,0], "dtau_J": [56.1601,-8.80404,-87.9818,62.2943,-40.5142,-2.44872,92.9307], "q": [2.3168,-0.258432,-0.59518,-1.23012,-0.825526,2.475,-1.7855], "dq": [-0.000185721,-0.000403411,-0.00190565,0.00025742,-0.00690175,-1.08691e-05,-0.000775061], "q_d": [2.31665,-0.258458,-0.595434,-1.23009,-0.825565,2.47477,-1.78549], "dq_d": [0,0,0,0,0,0,0], "ddq_d": [0,0,0,0,0,0,0], "joint_contact": [0,0,0,0,0,0,0], "cartesian_contact": [0,0,0,0,0,0], "joint_collision": [0,0,0,0,0,0,0], "cartesian_collision": [0,0,0,0,0,0], "tau_ext_hat_filtered": [-1.26114,-1.10322,-1.33395,0.0543907,0.2097,-1.49053,0.127514], "O_F_ext_hat_K": [1.03375,-1.90002,1.09214,1.00232,1.57721,-1.22821], "K_F_ext_hat_K": [-1.11776,-1.53785,-1.50239,0.618679,1.56633,0.134233], "O_dP_EE_d": [0,0,0,0,0,0], "O_ddP_O": [0,0,-9.81], "O_T_EE_c": [-0.0243086,0.000320727,-0.999695,0,-0.952002,0.305175,0.0232468,0,0.305096,0.952295,-0.0071132,0,0.0565958,0.520569,0.999583,1], "O_dP_EE_c": [0,0,0,0,0,0], "O_ddP_EE_c": [0,0,0,0,0,0], "theta": [2.31672,-0.259233,-0.595028,-1.229,-0.825397,2.47499,-1.78548], "dtheta": [0,0,0,0,0,0,0], "current_errors": [], "last_motion_errors": [], "control_command_success_rate": 0, "robot_mode": "User stopped", "time": 6490247}