{"O_T_EE": [-0.0219369,0.0397852,-0.998958,0,-0.914349,0.403287,0.0361405,0,0.404313,0.914206,0.0275313,0,0.112031,0.510127,0.998427,1], "O_T_EE_d": [-0.0223149,0.0395891,-0.998957,0,-0.914136,0.403745,0.0364207,0,0.404773,0.914013,0.0271808,0,0.112466,0.510104,0.998339,1], "F_T_NE": [0.7071,-0.7071,0,0,0.7071,0.7071,0,0,0,0,1,0,0,0,0.1034,1], "NE_T_EE": [1,0,0,0,0,1,0,0,0,0,1,0,0,0,0,1], "F_T_EE": [0.7071,-0.7071,0,0,0.7071,0.7071,0,0,0,0,1,0,0,0,0.1034,1], "EE_T_K": [1,0,0,0,0,1,0,0,0,0,1,0,0,0,0,1], "m_ee": 0.73, "F_x_Cee": [-0.01,0,0.03], "I_ee": [0.001,0,0,0,0.0025,0,0,0,0.0017], "m_load": 0, "F_x_Cload": [0,0,0], "I_load": [0,0,0,0,0,0,0,0,0], "m_total": 0.73, "F_x_Ctotal": [-0.01,0,0.03], "I_total": [0.001,0,0,0,0.0025,0,0,0,0.0017], "elbow": [0.630294,-1], "elbow_d": [0.629905,-1], "elbow_c": [0.629905,-1], "delbow_c": [0,0], "ddelbow_c": [0,0], "tau_J": [-0.970817,-5.92156,-6.74009,15.4202,1.31879,0.276169,0.153096], "tau_J_d": [0,0,0,0,0,0,0], "dtau_J": [89.2734,218.773,90.7762,197.94,38.0701,26.3754,99.6586], "q": [0.513245,-0.305559,0.630294,-1.32547,0.0624387,2.67898,-2.19676], "dq": [-0.00110054,-0.00228234,-0.000199127,-0.000574842,-0.000743448,-0.00786783,-0.00130808], "q_d": [0.513145,-0.305316,0.629905,-1.32548,0.0624539,2.67876,-2.19673], "dq_d": [0,0,0,0,0,0,0], "ddq_d": [0,0,0,0,0,0,0], "joint_contact": [0,0,0,0,0,0,0], "cartesian_contact": [0,0,0,0,0,0], "joint_collision": [0,0,0,0,0,0,0], "cartesian_collision": [0,0,0,0,0,0], "tau_ext_hat_filtered": [-0.993692,0.918058,-1.73502,-0.580189,0.478457,-1.31093,0.107372], "O_F_ext_hat_K": [2.11145,-5.20984,-0.0133483,3.71168,2.87958,-0.961234], "K_F_ext_hat_K": [-0.240263,-4.03222,-3.90954,-0.635663,1.69188,0.123497], "O_dP_EE_d": [0,0,0,0,0,0], "O_ddP_O": [0,0,-9.81], "O_T_EE_c": [-0.0223149,0.0395891,-0.998957,0,-0.914136,0.403745,0.0364207,0,0.404773,0.914013,0.0271808,0,0.112466,0.510104,0.998339,1], "O_dP_EE_c": [0,0,0,0,0,0], "O_ddP_EE_c": [0,0,0,0,0,0], "theta": [0.513177,-0.305975,0.629821,-1.32439,0.0625864,2.67901,-2.19674], "dtheta": [0,0,0,0,0,0,0], "current_errors": [], "last_motion_errors": ["joint_reflex"], "control_command_success_rate": 0, "robot_mode": "User stopped", "time": 6811287}