{"O_T_EE": [-0.0126581,0.00787474,-0.999879,0,-0.76492,0.643942,0.0147551,0,0.643993,0.765029,-0.00212756,0,0.247422,0.45565,0.998006,1], "O_T_EE_d": [-0.0127991,0.00772235,-0.999879,0,-0.764485,0.644458,0.0147632,0,0.644506,0.764595,-0.00234489,0,0.247718,0.455447,0.997978,1], "F_T_NE": [0.7071,-0.7071,0,0,0.7071,0.7071,0,0,0,0,1,0,0,0,0.1034,1], "NE_T_EE": [1,0,0,0,0,1,0,0,0,0,1,0,0,0,0,1], "F_T_EE": [0.7071,-0.7071,0,0,0.7071,0.7071,0,0,0,0,1,0,0,0,0.1034,1], "EE_T_K": [1,0,0,0,0,1,0,0,0,0,1,0,0,0,0,1], "m_ee": 0.73, "F_x_Cee": [-0.01,0,0.03], "I_ee": [0.001,0,0,0,0.0025,0,0,0,0.0017], "m_load": 0, "F_x_Cload": [0,0,0], "I_load": [0,0,0,0,0,0,0,0,0], "m_total": 0.73, "F_x_Ctotal": [-0.01,0,0.03], "I_total": [0.001,0,0,0,0.0025,0,0,0,0.0017], "elbow": [-0.0552376,-1], "elbow_d": [-0.0555002,-1], "elbow_c": [-0.0555002,-1], "delbow_c": [0,0], "ddelbow_c": [0,0], "tau_J": [-1.26836,-15.9509,-1.49138,15.5353,0.916874,-0.0744777,0.143025], "tau_J_d": [0,0,0,0,0,0,0], "dtau_J": [-71.3631,-103.889,61.4373,15.2046,19.6302,-8.52356,105.245], "q": [1.17673,-0.227083,-0.0552376,-1.29125,-0.488546,2.58193,-1.93051], "dq": [7.25242e-05,0.000872586,3.55398e-05,0.000919446,-0.000326259,5.14374e-05,-0.00302179], "q_d": [1.17645,-0.227214,-0.0555002,-1.29133,-0.488585,2.58165,-1.93055], "dq_d": [0,0,0,0,0,0,0], "ddq_d": [0,0,0,0,0,0,0], "joint_contact": [0,0,0,0,0,0,0], "cartesian_contact": [0,0,0,0,0,0], "joint_collision": [0,0,0,0,0,0,0], "cartesian_collision": [0,0,0,0,0,0], "tau_ext_hat_filtered": [-1.26079,0.342725,-1.51647,-0.94088,-0.124595,-1.58529,0.0843899], "O_F_ext_hat_K": [-0.0066865,-1.93511,-0.717895,0.701001,1.02738,-1.30101], "K_F_ext_hat_K": [0.702668,-1.2516,-1.48319,0.843359,1.23014,0.0753325], "O_dP_EE_d": [0,0,0,0,0,0], "O_ddP_O": [0,0,-9.81], "O_T_EE_c": [-0.0127991,0.00772235,-0.999879,0,-0.764485,0.644458,0.0147632,0,0.644506,0.764595,-0.00234489,0,0.247718,0.455447,0.997978,1], "O_dP_EE_c": [0,0,0,0,0,0], "O_ddP_EE_c": [0,0,0,0,0,0], "theta": [1.17664,-0.228202,-0.0553416,-1.29016,-0.488443,2.58192,-1.9305], "dtheta": [0,0,0,0,0,0,0], "current_errors": [], "last_motion_errors": ["joint_reflex"], "control_command_success_rate": 0, "robot_mode": "User stopped", "time": 7409435}