{"O_T_EE": [-0.012505,0.0172116,-0.999764,0,-0.824898,0.564909,0.0200431,0,0.565131,0.82497,0.00713375,0,0.201859,0.47878,0.998291,1], "O_T_EE_d": [-0.0126133,0.0172656,-0.999762,0,-0.824611,0.565323,0.0201665,0,0.565547,0.824685,0.00710697,0,0.202097,0.478557,0.998349,1], "F_T_NE": [0.7071,-0.7071,0,0,0.7071,0.7071,0,0,0,0,1,0,0,0,0.1034,1], "NE_T_EE": [1,0,0,0,0,1,0,0,0,0,1,0,0,0,0,1], "F_T_EE": [0.7071,-0.7071,0,0,0.7071,0.7071,0,0,0,0,1,0,0,0,0.1034,1], "EE_T_K": [1,0,0,0,0,1,0,0,0,0,1,0,0,0,0,1], "m_ee": 0.73, "F_x_Cee": [-0.01,0,0.03], "I_ee": [0.001,0,0,0,0.0025,0,0,0,0.0017], "m_load": 0, "F_x_Cload": [0,0,0], "I_load": [0,0,0,0,0,0,0,0,0], "m_total": 0.73, "F_x_Ctotal": [-0.01,0,0.03], "I_total": [0.001,0,0,0,0.0025,0,0,0,0.0017], "elbow": [-0.201698,-1], "elbow_d": [-0.201926,-1], "elbow_c": [-0.201926,-1], "delbow_c": [0,0], "ddelbow_c": [0,0], "tau_J": [-1.34374,-15.8001,-0.705853,15.6503,0.94434,-0.133987,0.02126], "tau_J_d": [0,0,0,0,0,0,0], "dtau_J": [86.1806,23.5647,9.69454,-22.321,-7.61176,17.109,71.5371], "q": [1.46796,-0.229656,-0.201698,-1.2872,-0.584878,2.57562,-1.87647], "dq": [-0.000355431,-0.000191699,2.46867e-05,0.000747737,0.000197441,-0.000284525,-0.00236743], "q_d": [1.46778,-0.229876,-0.201926,-1.28721,-0.584898,2.5754,-1.87648], "dq_d": [0,0,0,0,0,0,0], "ddq_d": [0,0,0,0,0,0,0], "joint_contact": [0,0,0,0,0,0,0], "cartesian_contact": [0,0,0,0,0,0], "joint_collision": [0,0,0,0,0,0,0], "cartesian_collision": [0,0,0,0,0,0], "tau_ext_hat_filtered": [-1.38741,0.0192963,-1.61799,-0.802296,-0.106021,-1.59515,-0.00450106], "O_F_ext_hat_K": [0.444535,-2.15646,-0.600195,0.815568,1.28398,-1.39201], "K_F_ext_hat_K": [0.557389,-1.59696,-1.53208,0.769212,1.2573,-0.00541477], "O_dP_EE_d": [0,0,0,0,0,0], "O_ddP_O": [0,0,-9.81], "O_T_EE_c": [-0.0126133,0.0172656,-0.999762,0,-0.824611,0.565323,0.0201665,0,0.565547,0.824685,0.00710697,0,0.202097,0.478557,0.998349,1], "O_dP_EE_c": [0,0,0,0,0,0], "O_ddP_EE_c": [0,0,0,0,0,0], "theta": [1.46786,-0.230765,-0.201747,-1.2861,-0.584773,2.57561,-1.87647], "dtheta": [0,0,0,0,0,0,0], "current_errors": [], "last_motion_errors": ["cartesian_reflex"], "control_command_success_rate": 0, "robot_mode": "User stopped", "time": 3820287}