{"O_T_EE": [-0.00671413,0.0352306,-0.999347,0,-0.874566,0.484343,0.0229506,0,0.484844,0.874166,0.0275601,0,0.159632,0.495831,0.998564,1], "O_T_EE_d": [-0.00723724,0.0348544,-0.999357,0,-0.874351,0.484718,0.0232374,0,0.485226,0.873973,0.0269675,0,0.160101,0.495879,0.998355,1], "F_T_NE": [0.7071,-0.7071,0,0,0.7071,0.7071,0,0,0,0,1,0,0,0,0.1034,1], "NE_T_EE": [1,0,0,0,0,1,0,0,0,0,1,0,0,0,0,1], "F_T_EE": [0.7071,-0.7071,0,0,0.7071,0.7071,0,0,0,0,1,0,0,0,0.1034,1], "EE_T_K": [1,0,0,0,0,1,0,0,0,0,1,0,0,0,0,1], "m_ee": 0.73, "F_x_Cee": [-0.01,0,0.03], "I_ee": [0.001,0,0,0,0.0025,0,0,0,0.0017], "m_load": 0, "F_x_Cload": [0,0,0], "I_load": [0,0,0,0,0,0,0,0,0], "m_total": 0.73, "F_x_Ctotal": [-0.01,0,0.03], "I_total": [0.001,0,0,0,0.0025,0,0,0,0.0017], "elbow": [0.599326,-1], "elbow_d": [0.599065,-1], "elbow_c": [0.599065,-1], "delbow_c": [0,0], "ddelbow_c": [0,0], "tau_J": [-1.19299,-5.35423,-6.10533,14.6545,1.19153,0.196518,0.143025], "tau_J_d": [0,0,0,0,0,0,0], "dtau_J": [181.78,110.165,11.8566,62.8763,-2.00302,-2.72922,108.299], "q": [0.461067,-0.301595,0.599326,-1.33014,0.0457433,2.68051,-2.20518], "dq": [-0.00169202,5.28002e-05,-0.000466128,0.000219243,-0.000255352,-0.000344561,-0.00140465], "q_d": [0.460945,-0.301232,0.599065,-1.33026,0.0457441,2.68029,-2.20517], "dq_d": [0,0,0,0,0,0,0], "ddq_d": [0,0,0,0,0,0,0], "joint_contact": [0,0,0,0,0,0,0], "cartesian_contact": [0,0,0,0,0,0], "joint_collision": [0,0,0,0,0,0,0], "cartesian_collision": [0,0,0,0,0,0], "tau_ext_hat_filtered": [-1.20886,2.22577,-1.31834,-1.45679,0.354955,-1.35318,0.0986963], "O_F_ext_hat_K": [2.55277,-1.21589,0.370954,0.243815,3.27111,-1.13856], "K_F_ext_hat_K": [-0.430696,-2.81302,0.185035,-0.2858,1.39525,0.132132], "O_dP_EE_d": [0,0,0,0,0,0], "O_ddP_O": [0,0,-9.81], "O_T_EE_c": [-0.00723724,0.0348544,-0.999357,0,-0.874351,0.484718,0.0232374,0,0.485226,0.873973,0.0269675,0,0.160101,0.495879,0.998355,1], "O_dP_EE_c": [0,0,0,0,0,0], "O_ddP_EE_c": [0,0,0,0,0,0], "theta": [0.460984,-0.301971,0.598898,-1.32911,0.0458756,2.68053,-2.20517], "dtheta": [0,0,0,0,0,0,0], "current_errors": [], "last_motion_errors": ["joint_reflex"], "control_command_success_rate": 0, "robot_mode": "User stopped", "time": 6900686}