{"O_T_EE": [-0.00552055,-0.0122578,-0.9999,0,-0.702715,0.711442,-0.00484186,0,0.711444,0.702631,-0.0125416,0,0.289652,0.428952,0.998297,1], "O_T_EE_d": [-0.00576729,-0.0125025,-0.999896,0,-0.702411,0.711742,-0.00484806,0,0.711742,0.702323,-0.012887,0,0.289864,0.42887,0.998189,1], "F_T_NE": [0.7071,-0.7071,0,0,0.7071,0.7071,0,0,0,0,1,0,0,0,0.1034,1], "NE_T_EE": [1,0,0,0,0,1,0,0,0,0,1,0,0,0,0,1], "F_T_EE": [0.7071,-0.7071,0,0,0.7071,0.7071,0,0,0,0,1,0,0,0,0.1034,1], "EE_T_K": [1,0,0,0,0,1,0,0,0,0,1,0,0,0,0,1], "m_ee": 0.73, "F_x_Cee": [-0.01,0,0.03], "I_ee": [0.001,0,0,0,0.0025,0,0,0,0.0017], "m_load": 0, "F_x_Cload": [0,0,0], "I_load": [0,0,0,0,0,0,0,0,0], "m_total": 0.73, "F_x_Ctotal": [-0.01,0,0.03], "I_total": [0.001,0,0,0,0.0025,0,0,0,0.0017], "elbow": [-0.0708253,-1], "elbow_d": [-0.0710113,-1], "elbow_c": [-0.0710113,-1], "delbow_c": [0,0], "ddelbow_c": [0,0], "tau_J": [-1.45483,-15.0066,-1.64213,15.0751,1.09082,-0.133987,-0.00986788], "tau_J_d": [0,0,0,0,0,0,0], "dtau_J": [-138.401,-86.0695,-67.6792,78.4363,-19.6646,29.435,-74.2315], "q": [1.10283,-0.226532,-0.0708253,-1.28327,-0.481134,2.56565,-1.96151], "dq": [0.000860656,0.00137629,0.00075444,-0.00125486,-0.000236119,-0.000595876,0.00124261], "q_d": [1.10268,-0.226557,-0.0710113,-1.28341,-0.481143,2.5654,-1.96152], "dq_d": [0,0,0,0,0,0,0], "ddq_d": [0,0,0,0,0,0,0], "joint_contact": [0,0,0,0,0,0,0], "cartesian_contact": [0,0,0,0,0,0], "joint_collision": [0,0,0,0,0,0,0], "cartesian_collision": [0,0,0,0,0,0], "tau_ext_hat_filtered": [-1.42035,1.24735,-1.72316,-1.36543,0.0864238,-1.69307,0.0314322], "O_F_ext_hat_K": [1.60144,-1.02678,0.0121647,0.0214808,2.66444,-1.38831], "K_F_ext_hat_K": [-0.00841833,-1.85595,0.417731,0.396388,1.47158,0.0386739], "O_dP_EE_d": [0,0,0,0,0,0], "O_ddP_O": [0,0,-9.81], "O_T_EE_c": [-0.00576729,-0.0125025,-0.999896,0,-0.702411,0.711742,-0.00484806,0,0.711742,0.702323,-0.012887,0,0.289864,0.42887,0.998189,1], "O_dP_EE_c": [0,0,0,0,0,0], "O_ddP_EE_c": [0,0,0,0,0,0], "theta": [1.10273,-0.227585,-0.0709402,-1.28221,-0.481013,2.56563,-1.96151], "dtheta": [0,0,0,0,0,0,0], "current_errors": [], "last_motion_errors": ["joint_reflex"], "control_command_success_rate": 0, "robot_mode": "User stopped", "time": 7316914}