{"O_T_EE": [0.0189001,0.0380869,-0.999086,0,-0.582654,0.812464,0.0199502,0,0.812497,0.581755,0.0375478,0,0.348428,0.376209,0.998816,1], "O_T_EE_d": [0.018395,0.0378758,-0.999103,0,-0.582534,0.812546,0.0200781,0,0.812594,0.581654,0.0370115,0,0.348662,0.376207,0.998635,1], "F_T_NE": [0.7071,-0.7071,0,0,0.7071,0.7071,0,0,0,0,1,0,0,0,0.1034,1], "NE_T_EE": [1,0,0,0,0,1,0,0,0,0,1,0,0,0,0,1], "F_T_EE": [0.7071,-0.7071,0,0,0.7071,0.7071,0,0,0,0,1,0,0,0,0.1034,1], "EE_T_K": [1,0,0,0,0,1,0,0,0,0,1,0,0,0,0,1], "m_ee": 0.73, "F_x_Cee": [-0.01,0,0.03], "I_ee": [0.001,0,0,0,0.0025,0,0,0,0.0017], "m_load": 0, "F_x_Cload": [0,0,0], "I_load": [0,0,0,0,0,0,0,0,0], "m_total": 0.73, "F_x_Ctotal": [-0.01,0,0.03], "I_total": [0.001,0,0,0,0.0025,0,0,0,0.0017], "elbow": [0.530637,-1], "elbow_d": [0.530579,-1], "elbow_c": [0.530579,-1], "delbow_c": [0,0], "ddelbow_c": [0,0], "tau_J": [-0.371757,-6.93718,-5.39122,14.6149,1.04505,0.115952,0.163167], "tau_J_d": [0,0,0,0,0,0,0], "dtau_J": [112.914,6.27695,-33.1772,8.28743,1.59671,19.0974,18.7599], "q": [0.105963,-0.317277,0.530637,-1.36251,0.00193434,2.69549,-2.17928], "dq": [-0.00102264,-4.72379e-05,0.000368128,-0.000620041,-0.000244912,-0.000581154,-0.000102938], "q_d": [0.105942,-0.317054,0.530579,-1.36261,0.00193097,2.69523,-2.17927], "dq_d": [0,0,0,0,0,0,0], "ddq_d": [0,0,0,0,0,0,0], "joint_contact": [0,0,0,0,0,0,0], "cartesian_contact": [0,0,0,0,0,0], "joint_collision": [0,0,0,0,0,0,0], "cartesian_collision": [0,0,0,0,0,0], "tau_ext_hat_filtered": [-0.346487,1.30296,-0.756141,-1.49136,0.171786,-1.43377,0.137242], "O_F_ext_hat_K": [-0.436626,-2.80666,-1.53779,1.51164,1.20308,-0.473198], "K_F_ext_hat_K": [1.42127,-2.05663,-2.04529,-0.311613,1.31876,0.0752335], "O_dP_EE_d": [0,0,0,0,0,0], "O_ddP_O": [0,0,-9.81], "O_T_EE_c": [0.018395,0.0378758,-0.999103,0,-0.582534,0.812546,0.0200781,0,0.812594,0.581654,0.0370115,0,0.348662,0.376207,0.998635,1], "O_dP_EE_c": [0,0,0,0,0,0], "O_ddP_EE_c": [0,0,0,0,0,0], "theta": [0.105937,-0.317764,0.530259,-1.36148,0.0020517,2.6955,-2.17926], "dtheta": [0,0,0,0,0,0,0], "current_errors": [], "last_motion_errors": ["cartesian_reflex"], "control_command_success_rate": 0, "robot_mode": "User stopped", "time": 4056784}