{"O_T_EE": [0.0187045,0.0492132,-0.998604,0,-0.507125,0.861231,0.0329444,0,0.861666,0.505811,0.0410669,0,0.382606,0.339388,0.998633,1], "O_T_EE_d": [0.0183282,0.0490861,-0.998617,0,-0.5069,0.86136,0.0330359,0,0.861807,0.505603,0.0406697,0,0.382819,0.339298,0.998499,1], "F_T_NE": [0.7071,-0.7071,0,0,0.7071,0.7071,0,0,0,0,1,0,0,0,0.1034,1], "NE_T_EE": [1,0,0,0,0,1,0,0,0,0,1,0,0,0,0,1], "F_T_EE": [0.7071,-0.7071,0,0,0.7071,0.7071,0,0,0,0,1,0,0,0,0.1034,1], "EE_T_K": [1,0,0,0,0,1,0,0,0,0,1,0,0,0,0,1], "m_ee": 0.73, "F_x_Cee": [-0.01,0,0.03], "I_ee": [0.001,0,0,0,0.0025,0,0,0,0.0017], "m_load": 0, "F_x_Cload": [0,0,0], "I_load": [0,0,0,0,0,0,0,0,0], "m_total": 0.73, "F_x_Ctotal": [-0.01,0,0.03], "I_total": [0.001,0,0,0,0.0025,0,0,0,0.0017], "elbow": [0.485276,-1], "elbow_d": [0.485093,-1], "elbow_c": [0.485093,-1], "delbow_c": [0,0], "ddelbow_c": [0,0], "tau_J": [-0.371757,-8.03215,-4.97862,14.9997,1.20984,0.0756688,-0.0199387], "tau_J_d": [0,0,0,0,0,0,0], "dtau_J": [-70.6286,239.104,-152.049,1.97895,-1.33612,-23.779,-90.3732], "q": [0.0712348,-0.312662,0.485276,-1.37175,-0.0266817,2.70377,-2.15541], "dq": [0.000630006,-0.000966086,3.14558e-05,1.78815e-05,0.000254133,4.44608e-06,0.00274082], "q_d": [0.071212,-0.312536,0.485093,-1.37187,-0.0266803,2.70358,-2.15543], "dq_d": [0,0,0,0,0,0,0], "ddq_d": [0,0,0,0,0,0,0], "joint_contact": [0,0,0,0,0,0,0], "cartesian_contact": [0,0,0,0,0,0], "joint_collision": [0,0,0,0,0,0,0], "cartesian_collision": [0,0,0,0,0,0], "tau_ext_hat_filtered": [-0.358728,1.23574,-0.742646,-1.30499,0.324557,-1.44323,0.048466], "O_F_ext_hat_K": [-0.446234,-3.01583,-0.780684,1.98687,1.15331,-0.402766], "K_F_ext_hat_K": [0.62284,-2.39679,-1.942,-0.549061,1.52491,0.0275433], "O_dP_EE_d": [0,0,0,0,0,0], "O_ddP_O": [0,0,-9.81], "O_T_EE_c": [0.0183282,0.0490861,-0.998617,0,-0.5069,0.86136,0.0330359,0,0.861807,0.505603,0.0406697,0,0.382819,0.339298,0.998499,1], "O_dP_EE_c": [0,0,0,0,0,0], "O_ddP_EE_c": [0,0,0,0,0,0], "theta": [0.0712087,-0.313226,0.484927,-1.3707,-0.0265475,2.70378,-2.15542], "dtheta": [0,0,0,0,0,0,0], "current_errors": [], "last_motion_errors": ["cartesian_reflex"], "control_command_success_rate": 0, "robot_mode": "User stopped", "time": 4037841}