{"O_T_EE": [0.00410885,0.0173345,-0.999832,0,-0.250756,0.967912,0.0157506,0,0.968041,0.250654,0.00832389,0,0.458673,0.216672,1.00043,1], "O_T_EE_d": [0.00395906,0.0172741,-0.999833,0,-0.250709,0.967925,0.0157301,0,0.968054,0.25061,0.008163,0,0.458656,0.216692,1.0004,1], "F_T_NE": [0.7071,-0.7071,0,0,0.7071,0.7071,0,0,0,0,1,0,0,0,0.1034,1], "NE_T_EE": [1,0,0,0,0,1,0,0,0,0,1,0,0,0,0,1], "F_T_EE": [0.7071,-0.7071,0,0,0.7071,0.7071,0,0,0,0,1,0,0,0,0.1034,1], "EE_T_K": [1,0,0,0,0,1,0,0,0,0,1,0,0,0,0,1], "m_ee": 0.73, "F_x_Cee": [-0.01,0,0.03], "I_ee": [0.001,0,0,0,0.0025,0,0,0,0.0017], "m_load": 0, "F_x_Cload": [0,0,0], "I_load": [0,0,0,0,0,0,0,0,0], "m_total": 0.73, "F_x_Ctotal": [-0.01,0,0.03], "I_total": [0.001,0,0,0,0.0025,0,0,0,0.0017], "elbow": [-0.565419,-1], "elbow_d": [-0.565289,-1], "elbow_c": [-0.565289,-1], "delbow_c": [0,0], "ddelbow_c": [0,0], "tau_J": [-0.447135,-8.22258,3.83272,14.9997,0.953495,-0.214553,0.02126], "tau_J_d": [0,0,0,0,0,0,0], "dtau_J": [-68.2922,127.752,-68.6041,77.1899,2.17924,-8.55515,-152.651], "q": [1.31472,-0.325931,-0.565419,-1.2864,-0.904752,2.47175,-1.75887], "dq": [0.00172572,-0.000816038,0.000898608,-0.00138373,0.000108123,-0.00018941,0.00261415], "q_d": [1.31468,-0.325944,-0.565289,-1.28641,-0.904759,2.47151,-1.75888], "dq_d": [0,0,0,0,0,0,0], "ddq_d": [0,0,0,0,0,0,0], "joint_contact": [0,0,0,0,0,0,0], "cartesian_contact": [0,0,0,0,0,0], "joint_collision": [0,0,0,0,0,0,0], "cartesian_collision": [0,0,0,0,0,0], "tau_ext_hat_filtered": [-0.39054,0.0724776,-0.435508,-0.842817,0.0104033,-1.58272,0.104972], "O_F_ext_hat_K": [-3.54155,-0.708361,-1.86817,0.072398,-1.43861,-0.497587], "K_F_ext_hat_K": [1.84106,0.173014,-3.62147,0.960563,1.25074,0.080798], "O_dP_EE_d": [0,0,0,0,0,0], "O_ddP_O": [0,0,-9.81], "O_T_EE_c": [0.00395906,0.0172741,-0.999833,0,-0.250709,0.967925,0.0157301,0,0.968054,0.25061,0.008163,0,0.458656,0.216692,1.0004,1], "O_dP_EE_c": [0,0,0,0,0,0], "O_ddP_EE_c": [0,0,0,0,0,0], "theta": [1.31469,-0.326508,-0.565151,-1.28535,-0.904646,2.47172,-1.75887], "dtheta": [0,0,0,0,0,0,0], "current_errors": [], "last_motion_errors": ["joint_reflex"], "control_command_success_rate": 0, "robot_mode": "User stopped", "time": 8149767}