{"O_T_EE": [-0.00766363,0.0266369,-0.999606,0,-0.350976,0.935966,0.0276319,0,0.936352,0.351057,0.00217608,0,0.43561,0.260828,1.00008,1], "O_T_EE_d": [-0.00759694,0.0267928,-0.999603,0,-0.351128,0.935906,0.0277541,0,0.936295,0.351206,0.00229773,0,0.435458,0.260795,1.00019,1], "F_T_NE": [0.7071,-0.7071,0,0,0.7071,0.7071,0,0,0,0,1,0,0,0,0.1034,1], "NE_T_EE": [1,0,0,0,0,1,0,0,0,0,1,0,0,0,0,1], "F_T_EE": [0.7071,-0.7071,0,0,0.7071,0.7071,0,0,0,0,1,0,0,0,0.1034,1], "EE_T_K": [1,0,0,0,0,1,0,0,0,0,1,0,0,0,0,1], "m_ee": 0.73, "F_x_Cee": [-0.01,0,0.03], "I_ee": [0.001,0,0,0,0.0025,0,0,0,0.0017], "m_load": 0, "F_x_Cload": [0,0,0], "I_load": [0,0,0,0,0,0,0,0,0], "m_total": 0.73, "F_x_Ctotal": [-0.01,0,0.03], "I_total": [0.001,0,0,0,0.0025,0,0,0,0.0017], "elbow": [-0.546736,-1], "elbow_d": [-0.546428,-1], "elbow_c": [-0.546428,-1], "delbow_c": [0,0], "ddelbow_c": [0,0], "tau_J": [0.112252,-10.7101,4.95546,16.1105,1.11829,0.115952,0.02126], "tau_J_d": [0,0,0,0,0,0,0], "dtau_J": [195.652,-0.263647,43.3519,127.109,15.0821,4.32258,-126.907], "q": [1.37563,-0.31768,-0.546736,-1.28629,-0.862135,2.48011,-1.77032], "dq": [-0.00170237,-0.000176801,-4.56245e-05,-0.00281284,-0.000872048,-0.000309509,0.00209789], "q_d": [1.3756,-0.317864,-0.546428,-1.2862,-0.862144,2.47995,-1.77034], "dq_d": [0,0,0,0,0,0,0], "ddq_d": [0,0,0,0,0,0,0], "joint_contact": [0,0,0,0,0,0,0], "cartesian_contact": [0,0,0,0,0,0], "joint_collision": [0,0,0,0,0,0,0], "cartesian_collision": [0,0,0,0,0,0], "tau_ext_hat_filtered": [0.0232028,-1.85394,0.870212,0.320095,0.162174,-1.27935,0.0892519], "O_F_ext_hat_K": [-8.61644,-3.49133,-2.57607,2.39599,-6.14118,-0.0294075], "K_F_ext_hat_K": [2.54814,-0.314793,-9.29928,0.794958,1.39474,0.0768685], "O_dP_EE_d": [0,0,0,0,0,0], "O_ddP_O": [0,0,-9.81], "O_T_EE_c": [-0.00759694,0.0267928,-0.999603,0,-0.351128,0.935906,0.0277541,0,0.936295,0.351206,0.00229773,0,0.435458,0.260795,1.00019,1], "O_dP_EE_c": [0,0,0,0,0,0], "O_ddP_EE_c": [0,0,0,0,0,0], "theta": [1.37564,-0.318432,-0.546388,-1.28516,-0.862011,2.48013,-1.77031], "dtheta": [0,0,0,0,0,0,0], "current_errors": [], "last_motion_errors": ["joint_reflex"], "control_command_success_rate": 0, "robot_mode": "User stopped", "time": 8065417}