{"O_T_EE": [0.00423816,0.037556,-0.999276,0,-0.444397,0.895256,0.0317618,0,0.895818,0.443949,0.0204844,0,0.408757,0.302964,1.00007,1], "O_T_EE_d": [0.00421944,0.0378347,-0.999265,0,-0.444486,0.895203,0.0320177,0,0.895774,0.444033,0.0205946,0,0.408675,0.302825,1.00018,1], "F_T_NE": [0.7071,-0.7071,0,0,0.7071,0.7071,0,0,0,0,1,0,0,0,0.1034,1], "NE_T_EE": [1,0,0,0,0,1,0,0,0,0,1,0,0,0,0,1], "F_T_EE": [0.7071,-0.7071,0,0,0.7071,0.7071,0,0,0,0,1,0,0,0,0.1034,1], "EE_T_K": [1,0,0,0,0,1,0,0,0,0,1,0,0,0,0,1], "m_ee": 0.73, "F_x_Cee": [-0.01,0,0.03], "I_ee": [0.001,0,0,0,0.0025,0,0,0,0.0017], "m_load": 0, "F_x_Cload": [0,0,0], "I_load": [0,0,0,0,0,0,0,0,0], "m_total": 0.73, "F_x_Ctotal": [-0.01,0,0.03], "I_total": [0.001,0,0,0,0.0025,0,0,0,0.0017], "elbow": [-0.533931,-1], "elbow_d": [-0.533873,-1], "elbow_c": [-0.533873,-1], "delbow_c": [0,0], "ddelbow_c": [0,0], "tau_J": [0.0011678,-10.4443,4.39608,15.9955,1.27393,0.156235,0.0414016], "tau_J_d": [0,0,0,0,0,0,0], "dtau_J": [-95.4292,-133.334,-34.0625,-69.6063,12.5813,-8.06645,-39.9454], "q": [1.4424,-0.315762,-0.533931,-1.30047,-0.859061,2.51485,-1.75815], "dq": [0.00135517,0.00159747,0.000291309,-0.000112749,0.00140236,0.000463987,0.000184978], "q_d": [1.44252,-0.316042,-0.533873,-1.30041,-0.859056,2.51471,-1.75815], "dq_d": [0,0,0,0,0,0,0], "ddq_d": [0,0,0,0,0,0,0], "joint_contact": [0,0,0,0,0,0,0], "cartesian_contact": [0,0,0,0,0,0], "joint_collision": [0,0,0,0,0,0,0], "cartesian_collision": [0,0,0,0,0,0], "tau_ext_hat_filtered": [0.105529,-0.923561,0.509065,-0.0260991,0.2519,-1.167,0.0629506], "O_F_ext_hat_K": [-4.95567,-2.26149,-0.587628,1.46014,-3.31911,0.0549931], "K_F_ext_hat_K": [0.481276,0.159013,-5.4554,0.57143,1.51084,0.0508489], "O_dP_EE_d": [0,0,0,0,0,0], "O_ddP_O": [0,0,-9.81], "O_T_EE_c": [0.00421944,0.0378347,-0.999265,0,-0.444486,0.895203,0.0320177,0,0.895774,0.444033,0.0205946,0,0.408675,0.302825,1.00018,1], "O_dP_EE_c": [0,0,0,0,0,0], "O_ddP_EE_c": [0,0,0,0,0,0], "theta": [1.4424,-0.316495,-0.533624,-1.29935,-0.858919,2.51487,-1.75815], "dtheta": [0,0,0,0,0,0,0], "current_errors": [], "last_motion_errors": ["joint_reflex"], "control_command_success_rate": 0, "robot_mode": "User stopped", "time": 8099932}