{"O_T_EE": [0.0205995,0.0315618,-0.99928,0,-0.0609645,0.997672,0.0302543,0,0.997927,0.0602985,0.0224761,0,0.490048,0.121471,1.00102,1], "O_T_EE_d": [0.0203799,0.0315099,-0.999286,0,-0.0607685,0.997685,0.03022,0,0.997944,0.0601104,0.022248,0,0.490088,0.121436,1.00096,1], "F_T_NE": [0.7071,-0.7071,0,0,0.7071,0.7071,0,0,0,0,1,0,0,0,0.1034,1], "NE_T_EE": [1,0,0,0,0,1,0,0,0,0,1,0,0,0,0,1], "F_T_EE": [0.7071,-0.7071,0,0,0.7071,0.7071,0,0,0,0,1,0,0,0,0.1034,1], "EE_T_K": [1,0,0,0,0,1,0,0,0,0,1,0,0,0,0,1], "m_ee": 0.73, "F_x_Cee": [-0.01,0,0.03], "I_ee": [0.001,0,0,0,0.0025,0,0,0,0.0017], "m_load": 0, "F_x_Cload": [0,0,0], "I_load": [0,0,0,0,0,0,0,0,0], "m_total": 0.73, "F_x_Ctotal": [-0.01,0,0.03], "I_total": [0.001,0,0,0,0.0025,0,0,0,0.0017], "elbow": [-0.656645,-1], "elbow_d": [-0.65666,-1], "elbow_c": [-0.65666,-1], "delbow_c": [0,0], "ddelbow_c": [0,0], "tau_J": [-0.522514,-4.37432,5.44344,14.4244,0.94434,-0.3647,0.0615432], "tau_J_d": [0,0,0,0,0,0,0], "dtau_J": [-10.5242,85.4014,92.4351,183.733,-23.4989,-0.659636,-1.01555], "q": [1.31726,-0.384665,-0.656645,-1.28913,-1.06513,2.42694,-1.68757], "dq": [-0.0006049,-0.000185474,-0.00547412,-0.00188391,0.00108444,-4.89542e-06,0.000231859], "q_d": [1.31724,-0.384654,-0.65666,-1.28916,-1.06514,2.42668,-1.68757], "dq_d": [0,0,0,0,0,0,0], "ddq_d": [0,0,0,0,0,0,0], "joint_contact": [0,0,0,0,0,0,0], "cartesian_contact": [0,0,0,0,0,0], "joint_collision": [0,0,0,0,0,0,0], "cartesian_collision": [0,0,0,0,0,0], "tau_ext_hat_filtered": [-0.465213,-0.00762822,-0.370946,-0.936294,0.107999,-1.62072,0.0782507], "O_F_ext_hat_K": [-4.55719,-0.359535,-2.97209,0.010823,-1.89708,-0.531367], "K_F_ext_hat_K": [2.86478,-0.170793,-4.63623,0.94648,1.1772,0.0643529], "O_dP_EE_d": [0,0,0,0,0,0], "O_ddP_O": [0,0,-9.81], "O_T_EE_c": [0.0203799,0.0315099,-0.999286,0,-0.0607685,0.997685,0.03022,0,0.997944,0.0601104,0.022248,0,0.490088,0.121436,1.00096,1], "O_dP_EE_c": [0,0,0,0,0,0], "O_ddP_EE_c": [0,0,0,0,0,0], "theta": [1.31722,-0.384972,-0.656263,-1.28812,-1.06502,2.4269,-1.68756], "dtheta": [0,0,0,0,0,0,0], "current_errors": [], "last_motion_errors": ["cartesian_reflex"], "control_command_success_rate": 0, "robot_mode": "User stopped", "time": 4220948}