{"O_T_EE": [0.00335809,0.0192799,-0.999799,0,0.222762,0.974667,0.0195435,0,0.974867,-0.222787,-0.00102183,0,0.504536,-0.0271252,0.999175,1], "O_T_EE_d": [0.00377751,0.0196664,-0.99979,0,0.222501,0.974717,0.0200139,0,0.974925,-0.222534,-0.000693817,0,0.504209,-0.0271671,0.99943,1], "F_T_NE": [0.7071,-0.7071,0,0,0.7071,0.7071,0,0,0,0,1,0,0,0,0.1034,1], "NE_T_EE": [1,0,0,0,0,1,0,0,0,0,1,0,0,0,0,1], "F_T_EE": [0.7071,-0.7071,0,0,0.7071,0.7071,0,0,0,0,1,0,0,0,0.1034,1], "EE_T_K": [1,0,0,0,0,1,0,0,0,0,1,0,0,0,0,1], "m_ee": 0.73, "F_x_Cee": [-0.01,0,0.03], "I_ee": [0.001,0,0,0,0.0025,0,0,0,0.0017], "m_load": 0, "F_x_Cload": [0,0,0], "I_load": [0,0,0,0,0,0,0,0,0], "m_total": 0.73, "F_x_Ctotal": [-0.01,0,0.03], "I_total": [0.001,0,0,0,0.0025,0,0,0,0.0017], "elbow": [-0.551126,-1], "elbow_d": [-0.55073,-1], "elbow_c": [-0.55073,-1], "delbow_c": [0,0], "ddelbow_c": [0,0], "tau_J": [-0.109916,-9.6151,4.91976,15.5749,1.0542,-0.0946193,0.112813], "tau_J_d": [0,0,0,0,0,0,0], "dtau_J": [-98.5891,59.681,-16.6069,82.9797,0.835036,-27.2007,87.8932], "q": [0.800061,-0.332455,-0.551126,-1.29647,-0.868729,2.47654,-1.78177], "dq": [0.000933919,-0.00036288,-0.00050285,-0.000318137,-0.000154247,0.000160222,0.000176436], "q_d": [0.80008,-0.332973,-0.55073,-1.29632,-0.868727,2.47633,-1.78175], "dq_d": [0,0,0,0,0,0,0], "ddq_d": [0,0,0,0,0,0,0], "joint_contact": [0,0,0,0,0,0,0], "cartesian_contact": [0,0,0,0,0,0], "joint_collision": [0,0,0,0,0,0,0], "cartesian_collision": [0,0,0,0,0,0], "tau_ext_hat_filtered": [-0.130564,-1.35278,0.554209,-0.22548,0.0985307,-1.49521,0.0876221], "O_F_ext_hat_K": [-8.61336,1.76181,-3.54902,-1.29728,-5.52283,-0.201531], "K_F_ext_hat_K": [3.55342,-0.270913,-8.78576,0.882774,1.32489,0.0704477], "O_dP_EE_d": [0,0,0,0,0,0], "O_ddP_O": [0,0,-9.81], "O_T_EE_c": [0.00377751,0.0196664,-0.99979,0,0.222501,0.974717,0.0200139,0,0.974925,-0.222534,-0.000693817,0,0.504209,-0.0271671,0.99943,1], "O_dP_EE_c": [0,0,0,0,0,0], "O_ddP_EE_c": [0,0,0,0,0,0], "theta": [0.800054,-0.33313,-0.550782,-1.29538,-0.868612,2.47653,-1.78176], "dtheta": [0,0,0,0,0,0,0], "current_errors": [], "last_motion_errors": ["joint_reflex"], "control_command_success_rate": 0, "robot_mode": "User stopped", "time": 8766798}