{"O_T_EE": [0.0304082,0.0261082,-0.999187,0,0.111884,0.993278,0.0293588,0,0.993256,-0.112688,0.0272832,0,0.504548,0.0227257,0.999597,1], "O_T_EE_d": [0.0306194,0.0263642,-0.999174,0,0.111783,0.993281,0.0296343,0,0.993261,-0.1126,0.0274671,0,0.504356,0.0226518,0.999753,1], "F_T_NE": [0.7071,-0.7071,0,0,0.7071,0.7071,0,0,0,0,1,0,0,0,0.1034,1], "NE_T_EE": [1,0,0,0,0,1,0,0,0,0,1,0,0,0,0,1], "F_T_EE": [0.7071,-0.7071,0,0,0.7071,0.7071,0,0,0,0,1,0,0,0,0.1034,1], "EE_T_K": [1,0,0,0,0,1,0,0,0,0,1,0,0,0,0,1], "m_ee": 0.73, "F_x_Cee": [-0.01,0,0.03], "I_ee": [0.001,0,0,0,0.0025,0,0,0,0.0017], "m_load": 0, "F_x_Cload": [0,0,0], "I_load": [0,0,0,0,0,0,0,0,0], "m_total": 0.73, "F_x_Ctotal": [-0.01,0,0.03], "I_total": [0.001,0,0,0,0.0025,0,0,0,0.0017], "elbow": [-0.541844,-1], "elbow_d": [-0.541663,-1], "elbow_c": [-0.541663,-1], "delbow_c": [0,0], "ddelbow_c": [0,0], "tau_J": [0.298714,-8.37334,4.65792,15.4599,1.26477,0.0857396,0.112813], "tau_J_d": [0,0,0,0,0,0,0], "dtau_J": [143.327,-36.6052,54.2219,-18.1636,0.0402194,14.0085,59.8825], "q": [0.87129,-0.33879,-0.541844,-1.32142,-0.869086,2.52842,-1.76358], "dq": [-0.00133427,0.00090914,0.00023404,0.00470294,6.01922e-06,-2.92342e-05,-0.000623447], "q_d": [0.871327,-0.339103,-0.541663,-1.3213,-0.86909,2.52825,-1.76358], "dq_d": [0,0,0,0,0,0,0], "ddq_d": [0,0,0,0,0,0,0], "joint_contact": [0,0,0,0,0,0,0], "cartesian_contact": [0,0,0,0,0,0], "joint_collision": [0,0,0,0,0,0,0], "cartesian_collision": [0,0,0,0,0,0], "tau_ext_hat_filtered": [0.244811,0.128794,0.355441,-0.524076,0.237408,-1.24385,0.0909261], "O_F_ext_hat_K": [-2.94565,1.31384,0.209749,-1.04585,-1.47852,0.156154], "K_F_ext_hat_K": [-0.264853,0.981614,-3.06811,0.622246,1.57373,0.0681548], "O_dP_EE_d": [0,0,0,0,0,0], "O_ddP_O": [0,0,-9.81], "O_T_EE_c": [0.0306194,0.0263642,-0.999174,0,0.111783,0.993281,0.0296343,0,0.993261,-0.1126,0.0274671,0,0.504356,0.0226518,0.999753,1], "O_dP_EE_c": [0,0,0,0,0,0], "O_ddP_EE_c": [0,0,0,0,0,0], "theta": [0.871311,-0.339377,-0.541518,-1.32033,-0.868947,2.52843,-1.76357], "dtheta": [0,0,0,0,0,0,0], "current_errors": [], "last_motion_errors": ["joint_reflex"], "control_command_success_rate": 0, "robot_mode": "User stopped", "time": 8792947}