{"O_T_EE": [0.0156734,0.02761,-0.999486,0,0.0420287,0.998707,0.0282475,0,0.998993,-0.0424506,0.014493,0,0.499621,0.0723408,1.001,1], "O_T_EE_d": [0.0153881,0.0275482,-0.999492,0,0.0422611,0.9987,0.0281769,0,0.998988,-0.042674,0.0142042,0,0.499677,0.0723137,1.00092,1], "F_T_NE": [0.7071,-0.7071,0,0,0.7071,0.7071,0,0,0,0,1,0,0,0,0.1034,1], "NE_T_EE": [1,0,0,0,0,1,0,0,0,0,1,0,0,0,0,1], "F_T_EE": [0.7071,-0.7071,0,0,0.7071,0.7071,0,0,0,0,1,0,0,0,0.1034,1], "EE_T_K": [1,0,0,0,0,1,0,0,0,0,1,0,0,0,0,1], "m_ee": 0.73, "F_x_Cee": [-0.01,0,0.03], "I_ee": [0.001,0,0,0,0.0025,0,0,0,0.0017], "m_load": 0, "F_x_Cload": [0,0,0], "I_load": [0,0,0,0,0,0,0,0,0], "m_total": 0.73, "F_x_Ctotal": [-0.01,0,0.03], "I_total": [0.001,0,0,0,0.0025,0,0,0,0.0017], "elbow": [-0.643744,-1], "elbow_d": [-0.643769,-1], "elbow_c": [-0.643769,-1], "delbow_c": [0,0], "ddelbow_c": [0,0], "tau_J": [-0.482841,-4.75121,5.03084,14.23,0.880253,-0.274978,0.122884], "tau_J_d": [0,0,0,0,0,0,0], "dtau_J": [-97.2583,-0.320193,-69.1165,-7.51974,20.3054,14.0369,91.153], "q": [1.18997,-0.373405,-0.643744,-1.28428,-1.03721,2.4246,-1.70098], "dq": [0.000974784,-0.00042418,4.49306e-05,0.00025842,-0.00050608,0.000122362,-0.000583705], "q_d": [1.18994,-0.373357,-0.643769,-1.28432,-1.03722,2.4243,-1.70099], "dq_d": [0,0,0,0,0,0,0], "ddq_d": [0,0,0,0,0,0,0], "joint_contact": [0,0,0,0,0,0,0], "cartesian_contact": [0,0,0,0,0,0], "joint_collision": [0,0,0,0,0,0,0], "cartesian_collision": [0,0,0,0,0,0], "tau_ext_hat_filtered": [-0.463712,0.166155,-0.585225,-1.05612,0.00485983,-1.57351,0.108229], "O_F_ext_hat_K": [-3.68384,0.146776,-3.08095,-0.229966,-1.15433,-0.57682], "K_F_ext_hat_K": [3.02574,-0.0952714,-3.73102,0.945816,0.972538,0.0842193], "O_dP_EE_d": [0,0,0,0,0,0], "O_ddP_O": [0,0,-9.81], "O_T_EE_c": [0.0153881,0.0275482,-0.999492,0,0.0422611,0.9987,0.0281769,0,0.998988,-0.042674,0.0142042,0,0.499677,0.0723137,1.00092,1], "O_dP_EE_c": [0,0,0,0,0,0], "O_ddP_EE_c": [0,0,0,0,0,0], "theta": [1.18994,-0.373738,-0.64339,-1.28328,-1.03711,2.42457,-1.70097], "dtheta": [0,0,0,0,0,0,0], "current_errors": [], "last_motion_errors": ["cartesian_reflex"], "control_command_success_rate": 0, "robot_mode": "User stopped", "time": 4514266}