{"O_T_EE": [0.0266193,0.0269185,-0.999274,0,-0.159857,0.986878,0.0223262,0,0.986781,0.159149,0.0305737,0,0.476347,0.169716,1.00091,1], "O_T_EE_d": [0.0262217,0.0267455,-0.999289,0,-0.159468,0.986943,0.0222306,0,0.986855,0.158775,0.030145,0,0.476473,0.169652,1.00077,1], "F_T_NE": [0.7071,-0.7071,0,0,0.7071,0.7071,0,0,0,0,1,0,0,0,0.1034,1], "NE_T_EE": [1,0,0,0,0,1,0,0,0,0,1,0,0,0,0,1], "F_T_EE": [0.7071,-0.7071,0,0,0.7071,0.7071,0,0,0,0,1,0,0,0,0.1034,1], "EE_T_K": [1,0,0,0,0,1,0,0,0,0,1,0,0,0,0,1], "m_ee": 0.73, "F_x_Cee": [-0.01,0,0.03], "I_ee": [0.001,0,0,0,0.0025,0,0,0,0.0017], "m_load": 0, "F_x_Cload": [0,0,0], "I_load": [0,0,0,0,0,0,0,0,0], "m_total": 0.73, "F_x_Ctotal": [-0.01,0,0.03], "I_total": [0.001,0,0,0,0.0025,0,0,0,0.0017], "elbow": [-0.623304,-1], "elbow_d": [-0.623422,-1], "elbow_c": [-0.623422,-1], "delbow_c": [0,0], "ddelbow_c": [0,0], "tau_J": [-0.633598,-5.58037,4.28102,14.3848,1.0542,-0.635696,0.0615432], "tau_J_d": [0,0,0,0,0,0,0], "dtau_J": [116.115,140.168,190.39,8.9825,-32.774,9.95368,-11.2689], "q": [1.33306,-0.364184,-0.623304,-1.29885,-1.01316,2.46576,-1.7052], "dq": [-0.000394029,-0.0019889,-0.00143066,9.883e-05,-0.00342173,-0.000417491,-0.00674835], "q_d": [1.333,-0.364126,-0.623422,-1.29894,-1.01318,2.46539,-1.7052], "dq_d": [0,0,0,0,0,0,0], "ddq_d": [0,0,0,0,0,0,0], "joint_contact": [0,0,0,0,0,0,0], "cartesian_contact": [0,0,0,0,0,0], "joint_collision": [0,0,0,0,0,0,0], "cartesian_collision": [0,0,0,0,0,0], "tau_ext_hat_filtered": [-0.655241,0.244993,-1.07806,-1.21328,0.120007,-1.90101,0.0835282], "O_F_ext_hat_K": [-2.28195,-0.599636,-1.85368,0.126905,0.10534,-0.778952], "K_F_ext_hat_K": [1.77549,-0.268373,-2.40389,0.916298,1.4923,0.0562348], "O_dP_EE_d": [0,0,0,0,0,0], "O_ddP_O": [0,0,-9.81], "O_T_EE_c": [0.0262217,0.0267455,-0.999289,0,-0.159468,0.986943,0.0222306,0,0.986855,0.158775,0.030145,0,0.476473,0.169652,1.00077,1], "O_dP_EE_c": [0,0,0,0,0,0], "O_ddP_EE_c": [0,0,0,0,0,0], "theta": [1.33302,-0.364576,-0.623004,-1.29784,-1.01305,2.46569,-1.70519], "dtheta": [0,0,0,0,0,0,0], "current_errors": [], "last_motion_errors": ["cartesian_reflex"], "control_command_success_rate": 0, "robot_mode": "User stopped", "time": 4485837}