{"O_T_EE": [0.0398349,0.0202617,-0.998991,0,0.559769,0.827714,0.0391087,0,0.827687,-0.560773,0.0216305,0,0.457084,-0.221635,0.997787,1], "O_T_EE_d": [0.0403032,0.0204716,-0.998968,0,0.559834,0.827649,0.0395472,0,0.82762,-0.560861,0.0218966,0,0.456712,-0.221692,0.998016,1], "F_T_NE": [0.7071,-0.7071,0,0,0.7071,0.7071,0,0,0,0,1,0,0,0,0.1034,1], "NE_T_EE": [1,0,0,0,0,1,0,0,0,0,1,0,0,0,0,1], "F_T_EE": [0.7071,-0.7071,0,0,0.7071,0.7071,0,0,0,0,1,0,0,0,0.1034,1], "EE_T_K": [1,0,0,0,0,1,0,0,0,0,1,0,0,0,0,1], "m_ee": 0.73, "F_x_Cee": [-0.01,0,0.03], "I_ee": [0.001,0,0,0,0.0025,0,0,0,0.0017], "m_load": 0, "F_x_Cload": [0,0,0], "I_load": [0,0,0,0,0,0,0,0,0], "m_total": 0.73, "F_x_Ctotal": [-0.01,0,0.03], "I_total": [0.001,0,0,0,0.0025,0,0,0,0.0017], "elbow": [-0.411091,-1], "elbow_d": [-0.411026,-1], "elbow_c": [-0.411026,-1], "delbow_c": [0,0], "ddelbow_c": [0,0], "tau_J": [0.0368734,-13.0825,3.19399,15.9955,1.35541,0.0262303,0.153096], "tau_J_d": [0,0,0,0,0,0,0], "dtau_J": [-30.5206,13.4853,3.65095,10.807,18.4662,-0.172193,20.5008], "q": [0.145623,-0.300669,-0.411091,-1.33688,-0.689412,2.58759,-1.83934], "dq": [0.00113281,0.000671778,-0.000585522,-0.000679855,-0.000178271,-0.000463427,-0.000144245], "q_d": [0.145589,-0.301197,-0.411026,-1.33679,-0.689412,2.58734,-1.83928], "dq_d": [0,0,0,0,0,0,0], "ddq_d": [0,0,0,0,0,0,0], "joint_contact": [0,0,0,0,0,0,0], "cartesian_contact": [0,0,0,0,0,0], "joint_collision": [0,0,0,0,0,0,0], "cartesian_collision": [0,0,0,0,0,0], "tau_ext_hat_filtered": [0.0376095,-1.30571,0.293346,-0.362968,0.260651,-1.38744,0.158715], "O_F_ext_hat_K": [-5.37324,3.63641,-2.01425,-2.1867,-3.24534,-0.019354], "K_F_ext_hat_K": [1.87189,-0.0766441,-6.53013,0.553967,1.52721,0.14282], "O_dP_EE_d": [0,0,0,0,0,0], "O_ddP_O": [0,0,-9.81], "O_T_EE_c": [0.0403032,0.0204716,-0.998968,0,0.559834,0.827649,0.0395472,0,0.82762,-0.560861,0.0218966,0,0.456712,-0.221692,0.998016,1], "O_dP_EE_c": [0,0,0,0,0,0], "O_ddP_EE_c": [0,0,0,0,0,0], "theta": [0.145626,-0.301587,-0.410867,-1.33576,-0.689261,2.5876,-1.83932], "dtheta": [0,0,0,0,0,0,0], "current_errors": [], "last_motion_errors": ["joint_reflex"], "control_command_success_rate": 0, "robot_mode": "User stopped", "time": 9317329}