{"O_T_EE": [0.0453498,0.0141766,-0.998861,0,0.47599,0.878779,0.034083,0,0.878278,-0.477002,0.0331052,0,0.476068,-0.175254,0.99794,1], "O_T_EE_d": [0.0457326,0.0143488,-0.998841,0,0.476128,0.878691,0.0344226,0,0.878183,-0.47716,0.0333536,0,0.475737,-0.175375,0.998149,1], "F_T_NE": [0.7071,-0.7071,0,0,0.7071,0.7071,0,0,0,0,1,0,0,0,0.1034,1], "NE_T_EE": [1,0,0,0,0,1,0,0,0,0,1,0,0,0,0,1], "F_T_EE": [0.7071,-0.7071,0,0,0.7071,0.7071,0,0,0,0,1,0,0,0,0.1034,1], "EE_T_K": [1,0,0,0,0,1,0,0,0,0,1,0,0,0,0,1], "m_ee": 0.73, "F_x_Cee": [-0.01,0,0.03], "I_ee": [0.001,0,0,0,0.0025,0,0,0,0.0017], "m_load": 0, "F_x_Cload": [0,0,0], "I_load": [0,0,0,0,0,0,0,0,0], "m_total": 0.73, "F_x_Ctotal": [-0.01,0,0.03], "I_total": [0.001,0,0,0,0.0025,0,0,0,0.0017], "elbow": [-0.396766,-1], "elbow_d": [-0.396768,-1], "elbow_c": [-0.396768,-1], "delbow_c": [0,0], "ddelbow_c": [0,0], "tau_J": [-0.149589,-13.2333,2.63063,16.2256,1.28308,-0.0644069,0.0414016], "tau_J_d": [0,0,0,0,0,0,0], "dtau_J": [-128.883,-24.2471,-120.847,-49.5836,-0.386606,-3.66119,-74.7113], "q": [0.221038,-0.302793,-0.396766,-1.34766,-0.692011,2.60623,-1.83658], "dq": [0.00115078,0.00089204,0.00126313,0.000845594,-0.000125435,0.000336154,-0.00657064], "q_d": [0.220983,-0.303233,-0.396768,-1.34754,-0.692005,2.60601,-1.83658], "dq_d": [0,0,0,0,0,0,0], "ddq_d": [0,0,0,0,0,0,0], "joint_contact": [0,0,0,0,0,0,0], "cartesian_contact": [0,0,0,0,0,0], "joint_collision": [0,0,0,0,0,0,0], "cartesian_collision": [0,0,0,0,0,0], "tau_ext_hat_filtered": [-0.116388,-1.20029,-0.0896717,-0.229138,0.176078,-1.43447,0.0798776], "O_F_ext_hat_K": [-4.67165,2.15522,-0.595806,-1.15916,-2.87131,-0.236808], "K_F_ext_hat_K": [0.413831,-0.350008,-5.15078,0.505209,1.73149,0.0456257], "O_dP_EE_d": [0,0,0,0,0,0], "O_ddP_O": [0,0,-9.81], "O_T_EE_c": [0.0457326,0.0143488,-0.998841,0,0.476128,0.878691,0.0344226,0,0.878183,-0.47716,0.0333536,0,0.475737,-0.175375,0.998149,1], "O_dP_EE_c": [0,0,0,0,0,0], "O_ddP_EE_c": [0,0,0,0,0,0], "theta": [0.221027,-0.303722,-0.396582,-1.34652,-0.691868,2.60622,-1.83657], "dtheta": [0,0,0,0,0,0,0], "current_errors": [], "last_motion_errors": ["joint_reflex"], "control_command_success_rate": 0, "robot_mode": "User stopped", "time": 9371220}