{"O_T_EE": [0.0212458,0.0301456,-0.99931,0,0.299683,0.953382,0.0351316,0,0.953801,-0.300228,0.0112214,0,0.4993,-0.0773741,0.999367,1], "O_T_EE_d": [0.021604,0.0303634,-0.999296,0,0.299669,0.953374,0.0354467,0,0.953798,-0.30023,0.0114979,0,0.499047,-0.0774648,0.999579,1], "F_T_NE": [0.7071,-0.7071,0,0,0.7071,0.7071,0,0,0,0,1,0,0,0,0.1034,1], "NE_T_EE": [1,0,0,0,0,1,0,0,0,0,1,0,0,0,0,1], "F_T_EE": [0.7071,-0.7071,0,0,0.7071,0.7071,0,0,0,0,1,0,0,0,0.1034,1], "EE_T_K": [1,0,0,0,0,1,0,0,0,0,1,0,0,0,0,1], "m_ee": 0.73, "F_x_Cee": [-0.01,0,0.03], "I_ee": [0.001,0,0,0,0.0025,0,0,0,0.0017], "m_load": 0, "F_x_Cload": [0,0,0], "I_load": [0,0,0,0,0,0,0,0,0], "m_total": 0.73, "F_x_Ctotal": [-0.01,0,0.03], "I_total": [0.001,0,0,0,0.0025,0,0,0,0.0017], "elbow": [-0.57487,-1], "elbow_d": [-0.574635,-1], "elbow_c": [-0.574635,-1], "delbow_c": [0,0], "ddelbow_c": [0,0], "tau_J": [-0.296379,-8.71056,4.95546,16.0709,0.980961,0.0958104,0.0514724], "tau_J_d": [0,0,0,0,0,0,0], "dtau_J": [31.194,22.4868,-66.0158,93.3385,-19.6464,-16.5016,6.05611], "q": [0.734421,-0.346305,-0.57487,-1.30775,-0.879363,2.49803,-1.76837], "dq": [-3.64178e-05,-0.000933841,0.000906431,-0.00335455,0.000228227,0.00050697,-0.000135047], "q_d": [0.734354,-0.346629,-0.574635,-1.30751,-0.879381,2.49784,-1.76839], "dq_d": [0,0,0,0,0,0,0], "ddq_d": [0,0,0,0,0,0,0], "joint_contact": [0,0,0,0,0,0,0], "cartesian_contact": [0,0,0,0,0,0], "joint_collision": [0,0,0,0,0,0,0], "cartesian_collision": [0,0,0,0,0,0], "tau_ext_hat_filtered": [-0.33395,-1.25382,0.264648,0.249027,0.00131175,-1.27102,0.0646091], "O_F_ext_hat_K": [-6.25906,1.86171,-1.1932,-1.3061,-4.37157,-0.412158], "K_F_ext_hat_K": [1.11554,-0.142736,-6.54222,0.90547,1.33599,0.0445094], "O_dP_EE_d": [0,0,0,0,0,0], "O_ddP_O": [0,0,-9.81], "O_T_EE_c": [0.021604,0.0303634,-0.999296,0,0.299669,0.953374,0.0354467,0,0.953798,-0.30023,0.0114979,0,0.499047,-0.0774648,0.999579,1], "O_dP_EE_c": [0,0,0,0,0,0], "O_ddP_EE_c": [0,0,0,0,0,0], "theta": [0.7344,-0.346916,-0.574524,-1.30662,-0.879254,2.49804,-1.76837], "dtheta": [0,0,0,0,0,0,0], "current_errors": [], "last_motion_errors": ["joint_reflex"], "control_command_success_rate": 0, "robot_mode": "User stopped", "time": 8723857}