{"O_T_EE": [0.00583612,0.0188705,-0.999795,0,0.394984,0.918467,0.0196411,0,0.918668,-0.395026,-0.00209331,0,0.489512,-0.126094,0.999226,1], "O_T_EE_d": [0.00617411,0.0190934,-0.999789,0,0.394975,0.918464,0.0199795,0,0.918669,-0.395023,-0.00187077,0,0.489263,-0.126177,0.999412,1], "F_T_NE": [0.7071,-0.7071,0,0,0.7071,0.7071,0,0,0,0,1,0,0,0,0.1034,1], "NE_T_EE": [1,0,0,0,0,1,0,0,0,0,1,0,0,0,0,1], "F_T_EE": [0.7071,-0.7071,0,0,0.7071,0.7071,0,0,0,0,1,0,0,0,0.1034,1], "EE_T_K": [1,0,0,0,0,1,0,0,0,0,1,0,0,0,0,1], "m_ee": 0.73, "F_x_Cee": [-0.01,0,0.03], "I_ee": [0.001,0,0,0,0.0025,0,0,0,0.0017], "m_load": 0, "F_x_Cload": [0,0,0], "I_load": [0,0,0,0,0,0,0,0,0], "m_total": 0.73, "F_x_Ctotal": [-0.01,0,0.03], "I_total": [0.001,0,0,0,0.0025,0,0,0,0.0017], "elbow": [-0.584225,-1], "elbow_d": [-0.584016,-1], "elbow_c": [-0.584016,-1], "delbow_c": [0,0], "ddelbow_c": [0,0], "tau_J": [-0.41143,-8.33367,4.99514,15.5749,0.94434,-0.0039821,0.0615432], "tau_J_d": [0,0,0,0,0,0,0], "dtau_J": [-53.8659,53.3519,162.782,147.507,9.62634,13.3643,-35.6302], "q": [0.656486,-0.344686,-0.584225,-1.29549,-0.878875,2.47436,-1.79025], "dq": [0.00087733,-0.000185109,-0.00124109,-0.00268952,0.000103269,2.94267e-06,0.00112812], "q_d": [0.656429,-0.34503,-0.584016,-1.29531,-0.878884,2.47417,-1.79026], "dq_d": [0,0,0,0,0,0,0], "ddq_d": [0,0,0,0,0,0,0], "joint_contact": [0,0,0,0,0,0,0], "cartesian_contact": [0,0,0,0,0,0], "joint_collision": [0,0,0,0,0,0,0], "cartesian_collision": [0,0,0,0,0,0], "tau_ext_hat_filtered": [-0.40533,-1.16231,0.207992,-0.0913702,0.00479039,-1.41657,0.0786118], "O_F_ext_hat_K": [-6.85899,2.65667,-2.6975,-1.76642,-4.41523,-0.464494], "K_F_ext_hat_K": [2.7071,-0.322117,-7.34494,0.9242,1.22552,0.0637287], "O_dP_EE_d": [0,0,0,0,0,0], "O_ddP_O": [0,0,-9.81], "O_T_EE_c": [0.00617411,0.0190934,-0.999789,0,0.394975,0.918464,0.0199795,0,0.918669,-0.395023,-0.00187077,0,0.489263,-0.126177,0.999412,1], "O_dP_EE_c": [0,0,0,0,0,0], "O_ddP_EE_c": [0,0,0,0,0,0], "theta": [0.656458,-0.34527,-0.583875,-1.29439,-0.87877,2.47436,-1.79024], "dtheta": [0,0,0,0,0,0,0], "current_errors": [], "last_motion_errors": ["joint_reflex"], "control_command_success_rate": 0, "robot_mode": "User stopped", "time": 8888417}