{"O_T_EE": [0.00950825,0.0189679,-0.999765,0,0.652665,0.757354,0.020576,0,0.757581,-0.65272,-0.00517868,0,0.434399,-0.265929,0.997536,1], "O_T_EE_d": [0.0100622,0.019062,-0.999758,0,0.652866,0.757169,0.0210075,0,0.757401,-0.652932,-0.00482623,0,0.43395,-0.266037,0.997801,1], "F_T_NE": [0.7071,-0.7071,0,0,0.7071,0.7071,0,0,0,0,1,0,0,0,0.1034,1], "NE_T_EE": [1,0,0,0,0,1,0,0,0,0,1,0,0,0,0,1], "F_T_EE": [0.7071,-0.7071,0,0,0.7071,0.7071,0,0,0,0,1,0,0,0,0.1034,1], "EE_T_K": [1,0,0,0,0,1,0,0,0,0,1,0,0,0,0,1], "m_ee": 0.73, "F_x_Cee": [-0.01,0,0.03], "I_ee": [0.001,0,0,0,0.0025,0,0,0,0.0017], "m_load": 0, "F_x_Cload": [0,0,0], "I_load": [0,0,0,0,0,0,0,0,0], "m_total": 0.73, "F_x_Ctotal": [-0.01,0,0.03], "I_total": [0.001,0,0,0,0.0025,0,0,0,0.0017], "elbow": [-0.416403,-1], "elbow_d": [-0.416401,-1], "elbow_c": [-0.416401,-1], "delbow_c": [0,0], "ddelbow_c": [0,0], "tau_J": [-0.149589,-13.7649,3.15828,16.1859,1.04505,0.0454564,0.0926712], "tau_J_d": [0,0,0,0,0,0,0], "dtau_J": [35.0179,45.4136,-124.661,2.41086,47.3972,-11.7235,-34.2075], "q": [0.0643077,-0.288545,-0.416403,-1.30743,-0.694075,2.53635,-1.8573], "dq": [0.000450762,-0.00156778,-0.00266741,0.000118724,-0.00370666,0.000359182,0.000888362], "q_d": [0.0641459,-0.289068,-0.416401,-1.30725,-0.694086,2.53614,-1.85729], "dq_d": [0,0,0,0,0,0,0], "ddq_d": [0,0,0,0,0,0,0], "joint_contact": [0,0,0,0,0,0,0], "cartesian_contact": [0,0,0,0,0,0], "joint_collision": [0,0,0,0,0,0,0], "cartesian_collision": [0,0,0,0,0,0], "tau_ext_hat_filtered": [-0.123503,-1.82003,0.450235,-0.0434011,0.0229601,-1.41207,0.12514], "O_F_ext_hat_K": [-6.27986,5.67409,-2.98948,-3.92017,-4.04255,-0.150592], "K_F_ext_hat_K": [3.03675,0.137136,-8.44562,0.971689,1.29634,0.118176], "O_dP_EE_d": [0,0,0,0,0,0], "O_ddP_O": [0,0,-9.81], "O_T_EE_c": [0.0100622,0.019062,-0.999758,0,0.652866,0.757169,0.0210075,0,0.757401,-0.652932,-0.00482623,0,0.43395,-0.266037,0.997801,1], "O_dP_EE_c": [0,0,0,0,0,0], "O_ddP_EE_c": [0,0,0,0,0,0], "theta": [0.0642962,-0.28951,-0.416182,-1.30629,-0.693959,2.53636,-1.85729], "dtheta": [0,0,0,0,0,0,0], "current_errors": [], "last_motion_errors": ["joint_reflex"], "control_command_success_rate": 0, "robot_mode": "User stopped", "time": 9294109}