{"O_T_EE": [0.0121365,0.0170537,-0.999771,0,0.705951,0.707946,0.0206456,0,0.70815,-0.706054,-0.00344712,0,0.406932,-0.307758,0.997609,1], "O_T_EE_d": [0.012672,0.0171401,-0.999763,0,0.706321,0.707564,0.0210833,0,0.707772,-0.706434,-0.00314025,0,0.406433,-0.307969,0.99785,1], "F_T_NE": [0.7071,-0.7071,0,0,0.7071,0.7071,0,0,0,0,1,0,0,0,0.1034,1], "NE_T_EE": [1,0,0,0,0,1,0,0,0,0,1,0,0,0,0,1], "F_T_EE": [0.7071,-0.7071,0,0,0.7071,0.7071,0,0,0,0,1,0,0,0,0.1034,1], "EE_T_K": [1,0,0,0,0,1,0,0,0,0,1,0,0,0,0,1], "m_ee": 0.73, "F_x_Cee": [-0.01,0,0.03], "I_ee": [0.001,0,0,0,0.0025,0,0,0,0.0017], "m_load": 0, "F_x_Cload": [0,0,0], "I_load": [0,0,0,0,0,0,0,0,0], "m_total": 0.73, "F_x_Ctotal": [-0.01,0,0.03], "I_total": [0.001,0,0,0,0.0025,0,0,0,0.0017], "elbow": [-0.452733,-1], "elbow_d": [-0.452896,-1], "elbow_c": [-0.452896,-1], "delbow_c": [0,0], "ddelbow_c": [0,0], "tau_J": [-0.336051,-12.9714,3.23366,16.301,1.0542,0.186448,0.0414016], "tau_J_d": [0,0,0,0,0,0,0], "dtau_J": [-145.147,-108.911,22.1921,-142.905,30.1904,-13.4447,46.2524], "q": [0.0120017,-0.294809,-0.452733,-1.31025,-0.67775,2.54916,-1.88159], "dq": [0.00166388,0.000844005,-0.000507718,0.00118759,-0.000118305,0.000396028,-0.00136195], "q_d": [0.0117385,-0.295242,-0.452896,-1.31001,-0.677745,2.54896,-1.88158], "dq_d": [0,0,0,0,0,0,0], "ddq_d": [0,0,0,0,0,0,0], "joint_contact": [0,0,0,0,0,0,0], "cartesian_contact": [0,0,0,0,0,0], "joint_collision": [0,0,0,0,0,0,0], "cartesian_collision": [0,0,0,0,0,0], "tau_ext_hat_filtered": [-0.271361,-1.69377,0.128814,0.166286,0.0324961,-1.29697,0.0205242], "O_F_ext_hat_K": [-4.87163,4.49062,-1.18571,-3.06109,-3.329,-0.316689], "K_F_ext_hat_K": [1.20291,-0.284503,-6.61637,0.675307,1.47284,0.00824647], "O_dP_EE_d": [0,0,0,0,0,0], "O_ddP_O": [0,0,-9.81], "O_T_EE_c": [0.012672,0.0171401,-0.999763,0,0.706321,0.707564,0.0210833,0,0.707772,-0.706434,-0.00314025,0,0.406433,-0.307969,0.99785,1], "O_dP_EE_c": [0,0,0,0,0,0], "O_ddP_EE_c": [0,0,0,0,0,0], "theta": [0.0119778,-0.29572,-0.452505,-1.30911,-0.677631,2.54918,-1.88158], "dtheta": [0,0,0,0,0,0,0], "current_errors": [], "last_motion_errors": ["joint_reflex"], "control_command_success_rate": 0, "robot_mode": "User stopped", "time": 9500995}