{"O_T_EE": [0.0232502,0.0314601,-0.999225,0,0.936338,0.349537,0.0327919,0,0.350304,-0.936393,-0.0213309,0,0.239309,-0.455767,0.999174,1], "O_T_EE_d": [0.0238509,0.0315389,-0.999208,0,0.936438,0.349214,0.0333752,0,0.349997,-0.936511,-0.0212056,0,0.238818,-0.455792,0.999354,1], "F_T_NE": [0.7071,-0.7071,0,0,0.7071,0.7071,0,0,0,0,1,0,0,0,0.1034,1], "NE_T_EE": [1,0,0,0,0,1,0,0,0,0,1,0,0,0,0,1], "F_T_EE": [0.7071,-0.7071,0,0,0.7071,0.7071,0,0,0,0,1,0,0,0,0.1034,1], "EE_T_K": [1,0,0,0,0,1,0,0,0,0,1,0,0,0,0,1], "m_ee": 0.73, "F_x_Cee": [-0.01,0,0.03], "I_ee": [0.001,0,0,0,0.0025,0,0,0,0.0017], "m_load": 0, "F_x_Cload": [0,0,0], "I_load": [0,0,0,0,0,0,0,0,0], "m_total": 0.73, "F_x_Ctotal": [-0.01,0,0.03], "I_total": [0.001,0,0,0,0.0025,0,0,0,0.0017], "elbow": [-0.762128,-1], "elbow_d": [-0.761894,-1], "elbow_c": [-0.761894,-1], "delbow_c": [0,0], "ddelbow_c": [0,0], "tau_J": [-0.744682,-2.90642,7.35567,14.9203,0.935185,-0.133987,0.0816849], "tau_J_d": [0,0,0,0,0,0,0], "dtau_J": [-31.8192,68.153,-81.0753,30.5882,-11.1619,-44.8723,8.96314], "q": [0.155268,-0.398398,-0.762128,-1.23877,-1.02663,2.38706,-1.76635], "dq": [0.000810391,-0.00179259,0.00043613,-0.000151857,-0.000393725,0.000616849,-0.000935497], "q_d": [0.154934,-0.398864,-0.761894,-1.23852,-1.02663,2.38676,-1.76635], "dq_d": [0,0,0,0,0,0,0], "ddq_d": [0,0,0,0,0,0,0], "joint_contact": [0,0,0,0,0,0,0], "cartesian_contact": [0,0,0,0,0,0], "joint_collision": [0,0,0,0,0,0,0], "cartesian_collision": [0,0,0,0,0,0], "tau_ext_hat_filtered": [-0.682627,-1.81077,0.534283,0.344209,0.140737,-1.56552,0.0863827], "O_F_ext_hat_K": [-5.71075,9.72863,-4.65698,-6.36922,-4.17473,-0.823685], "K_F_ext_hat_K": [4.82675,-2.09943,-11.011,0.590315,1.27816,0.0518647], "O_dP_EE_d": [0,0,0,0,0,0], "O_ddP_O": [0,0,-9.81], "O_T_EE_c": [0.0238509,0.0315389,-0.999208,0,0.936438,0.349214,0.0333752,0,0.349997,-0.936511,-0.0212056,0,0.238818,-0.455792,0.999354,1], "O_dP_EE_c": [0,0,0,0,0,0], "O_ddP_EE_c": [0,0,0,0,0,0], "theta": [0.155217,-0.398602,-0.761612,-1.23772,-1.02653,2.38704,-1.76634], "dtheta": [0,0,0,0,0,0,0], "current_errors": [], "last_motion_errors": ["joint_reflex"], "control_command_success_rate": 0, "robot_mode": "User stopped", "time": 10264112}