{"O_T_EE": [0.0478742,-0.0223102,-0.998595,0,0.800492,0.598806,0.0249985,0,0.597418,-0.800579,0.0465274,0,0.358181,-0.364457,0.998696,1], "O_T_EE_d": [0.0484807,-0.0222331,-0.998567,0,0.800669,0.598546,0.025546,0,0.597132,-0.800775,0.0468202,0,0.357673,-0.36458,0.998933,1], "F_T_NE": [0.7071,-0.7071,0,0,0.7071,0.7071,0,0,0,0,1,0,0,0,0.1034,1], "NE_T_EE": [1,0,0,0,0,1,0,0,0,0,1,0,0,0,0,1], "F_T_EE": [0.7071,-0.7071,0,0,0.7071,0.7071,0,0,0,0,1,0,0,0,0.1034,1], "EE_T_K": [1,0,0,0,0,1,0,0,0,0,1,0,0,0,0,1], "m_ee": 0.73, "F_x_Cee": [-0.01,0,0.03], "I_ee": [0.001,0,0,0,0.0025,0,0,0,0.0017], "m_load": 0, "F_x_Cload": [0,0,0], "I_load": [0,0,0,0,0,0,0,0,0], "m_total": 0.73, "F_x_Ctotal": [-0.01,0,0.03], "I_total": [0.001,0,0,0,0.0025,0,0,0,0.0017], "elbow": [-0.624278,-1], "elbow_d": [-0.624268,-1], "elbow_c": [-0.624268,-1], "delbow_c": [0,0], "ddelbow_c": [0,0], "tau_J": [-0.669303,-7.92107,4.99514,15.8804,1.18238,-0.0543361,0.0514724], "tau_J_d": [0,0,0,0,0,0,0], "dtau_J": [-206.023,-83.855,-10.5258,-76.0983,12.2738,-7.42437,-3.75526], "q": [0.146986,-0.354046,-0.624278,-1.32159,-0.923718,2.55081,-1.75081], "dq": [0.00104999,0.000758063,-0.000820868,0.000795152,-0.000581,-0.00052,-0.000137689], "q_d": [0.146815,-0.354597,-0.624268,-1.32138,-0.923738,2.55061,-1.75084], "dq_d": [0,0,0,0,0,0,0], "ddq_d": [0,0,0,0,0,0,0], "joint_contact": [0,0,0,0,0,0,0], "cartesian_contact": [0,0,0,0,0,0], "joint_collision": [0,0,0,0,0,0,0], "cartesian_collision": [0,0,0,0,0,0], "tau_ext_hat_filtered": [-0.626245,-1.23443,-0.189216,-0.00547806,0.09859,-1.32793,0.0306008], "O_F_ext_hat_K": [-4.16121,4.25516,-1.65612,-2.52177,-2.78864,-0.662434], "K_F_ext_hat_K": [1.35967,-0.824414,-5.96964,0.705587,1.34658,0.020869], "O_dP_EE_d": [0,0,0,0,0,0], "O_ddP_O": [0,0,-9.81], "O_T_EE_c": [0.0484807,-0.0222331,-0.998567,0,0.800669,0.598546,0.025546,0,0.597132,-0.800775,0.0468202,0,0.357673,-0.36458,0.998933,1], "O_dP_EE_c": [0,0,0,0,0,0], "O_ddP_EE_c": [0,0,0,0,0,0], "theta": [0.146939,-0.354602,-0.623928,-1.32048,-0.923586,2.5508,-1.75081], "dtheta": [0,0,0,0,0,0,0], "current_errors": [], "last_motion_errors": ["cartesian_reflex"], "control_command_success_rate": 0, "robot_mode": "User stopped", "time": 4654831}