{"O_T_EE": [0.0424949,-0.0122163,-0.999012,0,0.966454,0.253973,0.0380043,0,0.253262,-0.967134,0.0225995,0,0.195041,-0.478457,0.998731,1], "O_T_EE_d": [0.0427229,-0.0120331,-0.999005,0,0.966587,0.253425,0.038284,0,0.252717,-0.96728,0.0224585,0,0.194628,-0.478577,0.998746,1], "F_T_NE": [0.7071,-0.7071,0,0,0.7071,0.7071,0,0,0,0,1,0,0,0,0.1034,1], "NE_T_EE": [1,0,0,0,0,1,0,0,0,0,1,0,0,0,0,1], "F_T_EE": [0.7071,-0.7071,0,0,0.7071,0.7071,0,0,0,0,1,0,0,0,0.1034,1], "EE_T_K": [1,0,0,0,0,1,0,0,0,0,1,0,0,0,0,1], "m_ee": 0.73, "F_x_Cee": [-0.01,0,0.03], "I_ee": [0.001,0,0,0,0.0025,0,0,0,0.0017], "m_load": 0, "F_x_Cload": [0,0,0], "I_load": [0,0,0,0,0,0,0,0,0], "m_total": 0.73, "F_x_Ctotal": [-0.01,0,0.03], "I_total": [0.001,0,0,0,0.0025,0,0,0,0.0017], "elbow": [-0.718689,-1], "elbow_d": [-0.718832,-1], "elbow_c": [-0.718832,-1], "delbow_c": [0,0], "ddelbow_c": [0,0], "tau_J": [-0.482841,-4.44969,6.00679,14.8846,0.907719,-0.184341,0.132954], "tau_J_d": [0,0,0,0,0,0,0], "dtau_J": [101.331,41.5587,98.0118,102.683,40.0359,12.6653,-5.25411], "q": [-0.0744856,-0.369371,-0.718689,-1.27906,-0.982362,2.486,-1.74044], "dq": [4.71178e-06,0.000366881,5.74869e-06,-0.000229073,0.00151077,-0.000185517,-0.000863165], "q_d": [-0.0747406,-0.369645,-0.718832,-1.27901,-0.98238,2.48573,-1.74046], "dq_d": [0,0,0,0,0,0,0], "ddq_d": [0,0,0,0,0,0,0], "joint_contact": [0,0,0,0,0,0,0], "cartesian_contact": [0,0,0,0,0,0], "joint_collision": [0,0,0,0,0,0,0], "cartesian_collision": [0,0,0,0,0,0], "tau_ext_hat_filtered": [-0.519122,-0.537858,-0.139259,-0.573816,-0.0678513,-1.53072,0.12922], "O_F_ext_hat_K": [-1.96721,6.55197,-3.93485,-3.62727,-1.05041,-0.64212], "K_F_ext_hat_K": [3.7674,-0.386744,-6.92378,1.01997,0.999035,0.0976689], "O_dP_EE_d": [0,0,0,0,0,0], "O_ddP_O": [0,0,-9.81], "O_T_EE_c": [0.0427229,-0.0120331,-0.999005,0,0.966587,0.253425,0.038284,0,0.252717,-0.96728,0.0224585,0,0.194628,-0.478577,0.998746,1], "O_dP_EE_c": [0,0,0,0,0,0], "O_ddP_EE_c": [0,0,0,0,0,0], "theta": [-0.0745195,-0.369683,-0.718267,-1.27801,-0.982261,2.48598,-1.74043], "dtheta": [0,0,0,0,0,0,0], "current_errors": [], "last_motion_errors": ["joint_reflex"], "control_command_success_rate": 0, "robot_mode": "User stopped", "time": 10616516}