{"O_T_EE": [0.024865,0.00756131,-0.999653,0,0.903436,0.42793,0.0257085,0,0.427984,-0.903778,0.00380937,0,0.281926,-0.429326,0.999348,1], "O_T_EE_d": [0.0251434,0.00774819,-0.999644,0,0.903687,0.427378,0.0260425,0,0.427436,-0.904038,0.00374387,0,0.281481,-0.429558,0.999387,1], "F_T_NE": [0.7071,-0.7071,0,0,0.7071,0.7071,0,0,0,0,1,0,0,0,0.1034,1], "NE_T_EE": [1,0,0,0,0,1,0,0,0,0,1,0,0,0,0,1], "F_T_EE": [0.7071,-0.7071,0,0,0.7071,0.7071,0,0,0,0,1,0,0,0,0.1034,1], "EE_T_K": [1,0,0,0,0,1,0,0,0,0,1,0,0,0,0,1], "m_ee": 0.73, "F_x_Cee": [-0.01,0,0.03], "I_ee": [0.001,0,0,0,0.0025,0,0,0,0.0017], "m_load": 0, "F_x_Cload": [0,0,0], "I_load": [0,0,0,0,0,0,0,0,0], "m_total": 0.73, "F_x_Ctotal": [-0.01,0,0.03], "I_total": [0.001,0,0,0,0.0025,0,0,0,0.0017], "elbow": [-0.720597,-1], "elbow_d": [-0.720817,-1], "elbow_c": [-0.720817,-1], "delbow_c": [0,0], "ddelbow_c": [0,0], "tau_J": [-0.371757,-3.43407,6.19326,14.7696,0.7887,0.0262303,0.0816849], "tau_J_d": [0,0,0,0,0,0,0], "dtau_J": [-56.6521,-63.9027,-111.145,-59.032,-38.1926,20.6921,47.8302], "q": [0.154552,-0.37978,-0.720597,-1.26567,-1.00461,2.43848,-1.75316], "dq": [0.000714098,5.55363e-05,0.000854195,0.000572891,0.00023517,-0.000256538,-0.000848638], "q_d": [0.154292,-0.380089,-0.720817,-1.26557,-1.00464,2.43829,-1.75318], "dq_d": [0,0,0,0,0,0,0], "ddq_d": [0,0,0,0,0,0,0], "joint_contact": [0,0,0,0,0,0,0], "cartesian_contact": [0,0,0,0,0,0], "joint_collision": [0,0,0,0,0,0,0], "cartesian_collision": [0,0,0,0,0,0], "tau_ext_hat_filtered": [-0.396839,-0.312855,-0.0775347,-0.296852,-0.0832482,-1.34889,0.0625739], "O_F_ext_hat_K": [-2.17937,4.54159,-1.93809,-2.6839,-1.1862,-0.522587], "K_F_ext_hat_K": [1.91761,-0.0752625,-5.04471,0.895823,1.09211,0.0318814], "O_dP_EE_d": [0,0,0,0,0,0], "O_ddP_O": [0,0,-9.81], "O_T_EE_c": [0.0251434,0.00774819,-0.999644,0,0.903687,0.427378,0.0260425,0,0.427436,-0.904038,0.00374387,0,0.281481,-0.429558,0.999387,1], "O_dP_EE_c": [0,0,0,0,0,0], "O_ddP_EE_c": [0,0,0,0,0,0], "theta": [0.154526,-0.380021,-0.720163,-1.26463,-1.00453,2.43848,-1.75315], "dtheta": [0,0,0,0,0,0,0], "current_errors": [], "last_motion_errors": ["joint_reflex"], "control_command_success_rate": 0, "robot_mode": "User stopped", "time": 10440527}