{"O_T_EE": [0.0476596,0.00231726,-0.998851,0,0.85129,0.523006,0.0418321,0,0.522513,-0.852322,0.022954,0,0.321701,-0.399116,0.998321,1], "O_T_EE_d": [0.0482315,0.00232094,-0.998824,0,0.851427,0.522743,0.0423287,0,0.522237,-0.852484,0.023237,0,0.321226,-0.399175,0.998549,1], "F_T_NE": [0.7071,-0.7071,0,0,0.7071,0.7071,0,0,0,0,1,0,0,0,0.1034,1], "NE_T_EE": [1,0,0,0,0,1,0,0,0,0,1,0,0,0,0,1], "F_T_EE": [0.7071,-0.7071,0,0,0.7071,0.7071,0,0,0,0,1,0,0,0,0.1034,1], "EE_T_K": [1,0,0,0,0,1,0,0,0,0,1,0,0,0,0,1], "m_ee": 0.73, "F_x_Cee": [-0.01,0,0.03], "I_ee": [0.001,0,0,0,0.0025,0,0,0,0.0017], "m_load": 0, "F_x_Cload": [0,0,0], "I_load": [0,0,0,0,0,0,0,0,0], "m_total": 0.73, "F_x_Ctotal": [-0.01,0,0.03], "I_total": [0.001,0,0,0,0.0025,0,0,0,0.0017], "elbow": [-0.608037,-1], "elbow_d": [-0.608042,-1], "elbow_c": [-0.608042,-1], "delbow_c": [0,0], "ddelbow_c": [0,0], "tau_J": [-0.0345378,-8.97637,5.22127,16.2256,1.24646,0.28624,0.000202917], "tau_J_d": [0,0,0,0,0,0,0], "dtau_J": [77.3919,111.417,-117.079,133.994,37.866,-2.74052,-95.9563], "q": [0.0119355,-0.334906,-0.608037,-1.3072,-0.847212,2.54037,-1.78322], "dq": [0.000338578,-0.00056962,0.00100852,-0.00118149,-0.00292597,0.000146898,0.00175879], "q_d": [0.0117673,-0.335384,-0.608042,-1.30697,-0.847206,2.54018,-1.78324], "dq_d": [0,0,0,0,0,0,0], "ddq_d": [0,0,0,0,0,0,0], "joint_contact": [0,0,0,0,0,0,0], "cartesian_contact": [0,0,0,0,0,0], "joint_collision": [0,0,0,0,0,0,0], "cartesian_collision": [0,0,0,0,0,0], "tau_ext_hat_filtered": [-0.0301664,-1.45858,0.519929,0.265518,0.191877,-1.0745,0.0610635], "O_F_ext_hat_K": [-3.82581,5.63522,-1.15996,-3.9198,-2.73858,-0.11725], "K_F_ext_hat_K": [0.989371,-0.358152,-6.82869,0.463577,1.41129,0.0370837], "O_dP_EE_d": [0,0,0,0,0,0], "O_ddP_O": [0,0,-9.81], "O_T_EE_c": [0.0482315,0.00232094,-0.998824,0,0.851427,0.522743,0.0423287,0,0.522237,-0.852484,0.023237,0,0.321226,-0.399175,0.998549,1], "O_dP_EE_c": [0,0,0,0,0,0], "O_ddP_EE_c": [0,0,0,0,0,0], "theta": [0.0119331,-0.335536,-0.607671,-1.30606,-0.847074,2.5404,-1.78322], "dtheta": [0,0,0,0,0,0,0], "current_errors": [], "last_motion_errors": ["joint_reflex"], "control_command_success_rate": 0, "robot_mode": "User stopped", "time": 9687612}