{"O_T_EE": [0.0480024,0.0271964,-0.998467,0,0.996915,0.0606867,0.0495807,0,0.0619432,-0.997786,-0.0241999,0,0.0964452,-0.510107,0.999412,1], "O_T_EE_d": [0.0484483,0.0273368,-0.998442,0,0.996911,0.0603785,0.0500271,0,0.0616532,-0.997801,-0.0243276,0,0.096075,-0.510066,0.999478,1], "F_T_NE": [0.7071,-0.7071,0,0,0.7071,0.7071,0,0,0,0,1,0,0,0,0.1034,1], "NE_T_EE": [1,0,0,0,0,1,0,0,0,0,1,0,0,0,0,1], "F_T_EE": [0.7071,-0.7071,0,0,0.7071,0.7071,0,0,0,0,1,0,0,0,0.1034,1], "EE_T_K": [1,0,0,0,0,1,0,0,0,0,1,0,0,0,0,1], "m_ee": 0.73, "F_x_Cee": [-0.01,0,0.03], "I_ee": [0.001,0,0,0,0.0025,0,0,0,0.0017], "m_load": 0, "F_x_Cload": [0,0,0], "I_load": [0,0,0,0,0,0,0,0,0], "m_total": 0.73, "F_x_Ctotal": [-0.01,0,0.03], "I_total": [0.001,0,0,0,0.0025,0,0,0,0.0017], "elbow": [-0.529369,-1], "elbow_d": [-0.5289,-1], "elbow_c": [-0.5289,-1], "delbow_c": [0,0], "ddelbow_c": [0,0], "tau_J": [-0.784355,24.1267,12.533,1.85211,-0.179928,-0.0442653,0.0514724], "tau_J_d": [0,0,0,0,0,0,0], "dtau_J": [71.7589,105.364,-70.3014,-111.583,-23.2705,5.68006,-103.67], "q": [0.936138,-0.955797,-0.529369,-1.23008,-2.22388,1.70516,-1.7881], "dq": [-0.00118481,-0.00171613,0.00117133,0.00111472,0.000214492,-0.000322852,0.00267681], "q_d": [0.93577,-0.955856,-0.5289,-1.22994,-2.22388,1.70486,-1.78809], "dq_d": [0,0,0,0,0,0,0], "ddq_d": [0,0,0,0,0,0,0], "joint_contact": [0,0,0,0,0,0,0], "cartesian_contact": [0,0,0,0,0,0], "joint_collision": [0,0,0,0,0,0,0], "cartesian_collision": [0,0,0,0,0,0], "tau_ext_hat_filtered": [-0.835201,-0.209569,0.874971,-0.156608,0.325197,-1.53172,0.117587], "O_F_ext_hat_K": [-2.82601,6.84829,-5.73633,-3.13532,-2.37474,-0.930197], "K_F_ext_hat_K": [5.77824,-2.68615,-6.86936,0.183635,0.766585,0.155506], "O_dP_EE_d": [0,0,0,0,0,0], "O_ddP_O": [0,0,-9.81], "O_T_EE_c": [0.0484483,0.0273368,-0.998442,0,0.996911,0.0603785,0.0500271,0,0.0616532,-0.997801,-0.0243276,0,0.096075,-0.510066,0.999478,1], "O_dP_EE_c": [0,0,0,0,0,0], "O_ddP_EE_c": [0,0,0,0,0,0], "theta": [0.936083,-0.954104,-0.528488,-1.22995,-2.2239,1.70515,-1.78809], "dtheta": [0,0,0,0,0,0,0], "current_errors": [], "last_motion_errors": ["joint_reflex"], "control_command_success_rate": 0, "robot_mode": "User stopped", "time": 10902001}