{"O_T_EE": [0.0120805,-0.0251303,-0.999602,0,0.975242,-0.220418,0.0173275,0,-0.22077,-0.975081,0.0218458,0,-0.0480605,-0.522334,0.999559,1], "O_T_EE_d": [0.0122032,-0.0249615,-0.999604,0,0.975148,-0.220827,0.017419,0,-0.221178,-0.974993,0.0216468,0,-0.0482955,-0.522328,0.999528,1], "F_T_NE": [0.7071,-0.7071,0,0,0.7071,0.7071,0,0,0,0,1,0,0,0,0.1034,1], "NE_T_EE": [1,0,0,0,0,1,0,0,0,0,1,0,0,0,0,1], "F_T_EE": [0.7071,-0.7071,0,0,0.7071,0.7071,0,0,0,0,1,0,0,0,0.1034,1], "EE_T_K": [1,0,0,0,0,1,0,0,0,0,1,0,0,0,0,1], "m_ee": 0.73, "F_x_Cee": [-0.01,0,0.03], "I_ee": [0.001,0,0,0,0.0025,0,0,0,0.0017], "m_load": 0, "F_x_Cload": [0,0,0], "I_load": [0,0,0,0,0,0,0,0,0], "m_total": 0.73, "F_x_Ctotal": [-0.01,0,0.03], "I_total": [0.001,0,0,0,0.0025,0,0,0,0.0017], "elbow": [-0.846477,-1], "elbow_d": [-0.846507,-1], "elbow_c": [-0.846507,-1], "delbow_c": [0,0], "ddelbow_c": [0,0], "tau_J": [-0.109916,4.59572,9.60512,12.9684,0.907719,-0.114761,0.0514724], "tau_J_d": [0,0,0,0,0,0,0], "dtau_J": [-120.298,59.1044,-24.2424,-110.04,1.49719,-27.5443,19.5102], "q": [-0.174393,-0.483651,-0.846477,-1.22644,-1.27925,2.34311,-1.69714], "dq": [0.000755501,0.00054431,-0.00115153,0.000712616,-1.16677e-05,0.000653908,0.000480057], "q_d": [-0.17461,-0.483734,-0.846507,-1.2264,-1.27926,2.34285,-1.69716], "dq_d": [0,0,0,0,0,0,0], "ddq_d": [0,0,0,0,0,0,0], "joint_contact": [0,0,0,0,0,0,0], "cartesian_contact": [0,0,0,0,0,0], "joint_collision": [0,0,0,0,0,0,0], "cartesian_collision": [0,0,0,0,0,0], "tau_ext_hat_filtered": [-0.0451865,0.0781056,0.630786,-0.439493,0.205921,-1.35838,0.0557832], "O_F_ext_hat_K": [1.37857,6.47667,-2.51005,-3.85281,0.917135,-0.201209], "K_F_ext_hat_K": [2.36299,-0.126632,-6.67446,0.634142,1.34181,0.0291972], "O_dP_EE_d": [0,0,0,0,0,0], "O_ddP_O": [0,0,-9.81], "O_T_EE_c": [0.0122032,-0.0249615,-0.999604,0,0.975148,-0.220827,0.017419,0,-0.221178,-0.974993,0.0216468,0,-0.0482955,-0.522328,0.999528,1], "O_dP_EE_c": [0,0,0,0,0,0], "O_ddP_EE_c": [0,0,0,0,0,0], "theta": [-0.174401,-0.483329,-0.845802,-1.22553,-1.27915,2.3431,-1.69714], "dtheta": [0,0,0,0,0,0,0], "current_errors": [], "last_motion_errors": ["joint_reflex"], "control_command_success_rate": 0, "robot_mode": "User stopped", "time": 11086841}