{"O_T_EE": [0.0403261,0.018856,-0.998999,0,0.986661,0.156999,0.0427914,0,0.157652,-0.987418,-0.0122735,0,0.144576,-0.496774,0.999437,1], "O_T_EE_d": [0.0406408,0.0191212,-0.998981,0,0.986715,0.15657,0.0431386,0,0.157238,-0.987482,-0.0125043,0,0.144206,-0.496882,0.999419,1], "F_T_NE": [0.7071,-0.7071,0,0,0.7071,0.7071,0,0,0,0,1,0,0,0,0.1034,1], "NE_T_EE": [1,0,0,0,0,1,0,0,0,0,1,0,0,0,0,1], "F_T_EE": [0.7071,-0.7071,0,0,0.7071,0.7071,0,0,0,0,1,0,0,0,0.1034,1], "EE_T_K": [1,0,0,0,0,1,0,0,0,0,1,0,0,0,0,1], "m_ee": 0.73, "F_x_Cee": [-0.01,0,0.03], "I_ee": [0.001,0,0,0,0.0025,0,0,0,0.0017], "m_load": 0, "F_x_Cload": [0,0,0], "I_load": [0,0,0,0,0,0,0,0,0], "m_total": 0.73, "F_x_Ctotal": [-0.01,0,0.03], "I_total": [0.001,0,0,0,0.0025,0,0,0,0.0017], "elbow": [-0.492872,-1], "elbow_d": [-0.492591,-1], "elbow_c": [-0.492591,-1], "delbow_c": [0,0], "ddelbow_c": [0,0], "tau_J": [-0.931144,24.9162,12.3425,1.35223,-0.399654,-0.0744777,0.143025], "tau_J_d": [0,0,0,0,0,0,0], "dtau_J": [1.4704,-112.623,-146.69,91.5505,11.1741,-1.88199,68.7789], "q": [1.08309,-0.993474,-0.492872,-1.25445,-2.30051,1.67426,-1.81297], "dq": [-0.000244397,0.00144749,0.000636567,-6.13806e-05,0.000532885,-0.00011606,-0.000534883], "q_d": [1.08268,-0.993622,-0.492591,-1.25436,-2.30053,1.67402,-1.81296], "dq_d": [0,0,0,0,0,0,0], "ddq_d": [0,0,0,0,0,0,0], "joint_contact": [0,0,0,0,0,0,0], "cartesian_contact": [0,0,0,0,0,0], "joint_collision": [0,0,0,0,0,0,0], "cartesian_collision": [0,0,0,0,0,0], "tau_ext_hat_filtered": [-0.934445,-0.313672,0.956301,-0.0735885,0.167026,-1.53829,0.125426], "O_F_ext_hat_K": [-3.64263,6.29001,-5.75095,-2.6904,-2.87393,-1.06384], "K_F_ext_hat_K": [5.71702,-2.85266,-6.71455,0.192068,0.711991,0.182522], "O_dP_EE_d": [0,0,0,0,0,0], "O_ddP_O": [0,0,-9.81], "O_T_EE_c": [0.0406408,0.0191212,-0.998981,0,0.986715,0.15657,0.0431386,0,0.157238,-0.987482,-0.0125043,0,0.144206,-0.496882,0.999419,1], "O_dP_EE_c": [0,0,0,0,0,0], "O_ddP_EE_c": [0,0,0,0,0,0], "theta": [1.08303,-0.991725,-0.492005,-1.25436,-2.30055,1.67425,-1.81295], "dtheta": [0,0,0,0,0,0,0], "current_errors": [], "last_motion_errors": ["joint_reflex"], "control_command_success_rate": 0, "robot_mode": "User stopped", "time": 10872316}