{"O_T_EE": [0.0258708,-0.0160254,-0.999527,0,0.999354,-0.0241429,0.0262534,0,-0.0245527,-0.99958,0.0153908,0,0.0513401,-0.518406,0.999325,1], "O_T_EE_d": [0.0262041,-0.0159125,-0.99952,0,0.999329,-0.0248191,0.0265942,0,-0.0252309,-0.999565,0.0152517,0,0.0508267,-0.518456,0.999339,1], "F_T_NE": [0.7071,-0.7071,0,0,0.7071,0.7071,0,0,0,0,1,0,0,0,0.1034,1], "NE_T_EE": [1,0,0,0,0,1,0,0,0,0,1,0,0,0,0,1], "F_T_EE": [0.7071,-0.7071,0,0,0.7071,0.7071,0,0,0,0,1,0,0,0,0.1034,1], "EE_T_K": [1,0,0,0,0,1,0,0,0,0,1,0,0,0,0,1], "m_ee": 0.73, "F_x_Cee": [-0.01,0,0.03], "I_ee": [0.001,0,0,0,0.0025,0,0,0,0.0017], "m_load": 0, "F_x_Cload": [0,0,0], "I_load": [0,0,0,0,0,0,0,0,0], "m_total": 0.73, "F_x_Ctotal": [-0.01,0,0.03], "I_total": [0.001,0,0,0,0.0025,0,0,0,0.0017], "elbow": [-0.819627,-1], "elbow_d": [-0.819821,-1], "elbow_c": [-0.819821,-1], "delbow_c": [0,0], "ddelbow_c": [0,0], "tau_J": [-0.482841,1.58058,8.407,14.1943,0.825321,-0.0543361,0.0313308], "tau_J_d": [0,0,0,0,0,0,0], "dtau_J": [-3.76838,92.8798,-8.10981,154.588,-23.6496,3.59365,-25.6458], "q": [-0.0875756,-0.44896,-0.819627,-1.24077,-1.17781,2.38411,-1.71462], "dq": [-0.000264059,-0.000575835,-0.000493127,-0.00113666,-0.00500014,-0.000166668,0.00091961], "q_d": [-0.0878665,-0.44922,-0.819821,-1.2406,-1.17783,2.38387,-1.71463], "dq_d": [0,0,0,0,0,0,0], "ddq_d": [0,0,0,0,0,0,0], "joint_contact": [0,0,0,0,0,0,0], "cartesian_contact": [0,0,0,0,0,0], "joint_collision": [0,0,0,0,0,0,0], "cartesian_collision": [0,0,0,0,0,0], "tau_ext_hat_filtered": [-0.442806,-0.580662,0.195225,-0.0101742,0.0480328,-1.36714,0.0711162], "O_F_ext_hat_K": [-0.573443,6.28505,-2.14029,-3.91065,-0.53902,-0.612594], "K_F_ext_hat_K": [2.02376,-0.781017,-6.30127,0.671522,1.2448,0.0350434], "O_dP_EE_d": [0,0,0,0,0,0], "O_ddP_O": [0,0,-9.81], "O_T_EE_c": [0.0262041,-0.0159125,-0.99952,0,0.999329,-0.0248191,0.0265942,0,-0.0252309,-0.999565,0.0152517,0,0.0508267,-0.518456,0.999339,1], "O_dP_EE_c": [0,0,0,0,0,0], "O_ddP_EE_c": [0,0,0,0,0,0], "theta": [-0.0876095,-0.448849,-0.819037,-1.23978,-1.17772,2.38411,-1.71461], "dtheta": [0,0,0,0,0,0,0], "current_errors": [], "last_motion_errors": ["joint_reflex"], "control_command_success_rate": 0, "robot_mode": "User stopped", "time": 11189438}