{"O_T_EE": [0.0330437,-0.00928247,-0.999401,0,0.991554,-0.125099,0.0339461,0,-0.125341,-0.992101,0.00507045,0,0.00129457,-0.522635,0.999231,1], "O_T_EE_d": [0.0333255,-0.00926729,-0.999392,0,0.991481,-0.125595,0.0342263,0,-0.125839,-0.992038,0.00500291,0,0.00092798,-0.522607,0.999272,1], "F_T_NE": [0.7071,-0.7071,0,0,0.7071,0.7071,0,0,0,0,1,0,0,0,0.1034,1], "NE_T_EE": [1,0,0,0,0,1,0,0,0,0,1,0,0,0,0,1], "F_T_EE": [0.7071,-0.7071,0,0,0.7071,0.7071,0,0,0,0,1,0,0,0,0.1034,1], "EE_T_K": [1,0,0,0,0,1,0,0,0,0,1,0,0,0,0,1], "m_ee": 0.73, "F_x_Cee": [-0.01,0,0.03], "I_ee": [0.001,0,0,0,0.0025,0,0,0,0.0017], "m_load": 0, "F_x_Cload": [0,0,0], "I_load": [0,0,0,0,0,0,0,0,0], "m_total": 0.73, "F_x_Ctotal": [-0.01,0,0.03], "I_total": [0.001,0,0,0,0.0025,0,0,0,0.0017], "elbow": [-0.834281,-1], "elbow_d": [-0.834335,-1], "elbow_c": [-0.834335,-1], "delbow_c": [0,0], "ddelbow_c": [0,0], "tau_J": [-0.371757,2.37404,8.74422,13.7341,1.1366,-0.0543361,0.0926712], "tau_J_d": [0,0,0,0,0,0,0], "dtau_J": [4.56454,-85.6928,-14.8083,-12.4495,50.9965,12.5028,-86.0235], "q": [-0.141806,-0.45435,-0.834281,-1.22489,-1.19865,2.3554,-1.70824], "dq": [-9.89405e-05,0.00022437,7.44962e-05,-0.00133907,-0.000622646,8.85559e-05,0.00183349], "q_d": [-0.142071,-0.454509,-0.834335,-1.22471,-1.19866,2.35519,-1.70824], "dq_d": [0,0,0,0,0,0,0], "ddq_d": [0,0,0,0,0,0,0], "joint_contact": [0,0,0,0,0,0,0], "cartesian_contact": [0,0,0,0,0,0], "joint_collision": [0,0,0,0,0,0,0], "cartesian_collision": [0,0,0,0,0,0], "tau_ext_hat_filtered": [-0.381818,-0.617037,0.376479,-0.0652937,0.388784,-1.39093,0.145396], "O_F_ext_hat_K": [-0.0120876,6.73008,-2.24845,-4.12306,-0.322483,-0.4596], "K_F_ext_hat_K": [2.18428,-0.930254,-6.68681,0.511768,1.43809,0.129671], "O_dP_EE_d": [0,0,0,0,0,0], "O_ddP_O": [0,0,-9.81], "O_T_EE_c": [0.0333255,-0.00926729,-0.999392,0,0.991481,-0.125595,0.0342263,0,-0.125839,-0.992038,0.00500291,0,0.00092798,-0.522607,0.999272,1], "O_dP_EE_c": [0,0,0,0,0,0], "O_ddP_EE_c": [0,0,0,0,0,0], "theta": [-0.141833,-0.454183,-0.833667,-1.22393,-1.19853,2.35539,-1.70823], "dtheta": [0,0,0,0,0,0,0], "current_errors": [], "last_motion_errors": ["joint_reflex"], "control_command_success_rate": 0, "robot_mode": "User stopped", "time": 11146719}