{"O_T_EE": [0.0224208,-0.0436869,-0.998784,0,0.873825,-0.484506,0.040808,0,-0.485709,-0.873694,0.0273122,0,-0.199909,-0.495812,0.994715,1], "O_T_EE_d": [0.0224315,-0.0436621,-0.998785,0,0.873475,-0.485135,0.040825,0,-0.486337,-0.873346,0.027256,0,-0.200228,-0.495563,0.994753,1], "F_T_NE": [0.7071,-0.7071,0,0,0.7071,0.7071,0,0,0,0,1,0,0,0,0.1034,1], "NE_T_EE": [1,0,0,0,0,1,0,0,0,0,1,0,0,0,0,1], "F_T_EE": [0.7071,-0.7071,0,0,0.7071,0.7071,0,0,0,0,1,0,0,0,0.1034,1], "EE_T_K": [1,0,0,0,0,1,0,0,0,0,1,0,0,0,0,1], "m_ee": 0.73, "F_x_Cee": [-0.01,0,0.03], "I_ee": [0.001,0,0,0,0.0025,0,0,0,0.0017], "m_load": 0, "F_x_Cload": [0,0,0], "I_load": [0,0,0,0,0,0,0,0,0], "m_total": 0.73, "F_x_Ctotal": [-0.01,0,0.03], "I_total": [0.001,0,0,0,0.0025,0,0,0,0.0017], "elbow": [0.254251,-1], "elbow_d": [0.253783,-1], "elbow_c": [0.253783,-1], "delbow_c": [0,0], "ddelbow_c": [0,0], "tau_J": [-0.149589,-17.268,-2.05473,16.301,1.28308,0.146164,-0.0400803], "tau_J_d": [0,0,0,0,0,0,0], "dtau_J": [29.4085,-43.4815,51.3531,44.6308,-16.4178,17.1596,-104.151], "q": [-2.26489,-0.20872,0.254251,-1.31374,-0.149867,2.7021,-2.12903], "dq": [0.000756421,6.73462e-05,0.000184805,-0.000642753,0.000131479,-5.57596e-05,0.00247261], "q_d": [-2.2651,-0.20895,0.253783,-1.31385,-0.149872,2.70191,-2.12905], "dq_d": [0,0,0,0,0,0,0], "ddq_d": [0,0,0,0,0,0,0], "joint_contact": [0,0,0,0,0,0,0], "cartesian_contact": [0,0,0,0,0,0], "joint_collision": [0,0,0,0,0,0,0], "cartesian_collision": [0,0,0,0,0,0], "tau_ext_hat_filtered": [-0.132191,-1.392,-0.421556,-0.496734,0.369589,-1.41579,0.0190218], "O_F_ext_hat_K": [1.46486,6.96342,-2.28826,-4.36888,0.198966,-0.118135], "K_F_ext_hat_K": [2.01415,-2.18721,-6.8579,-0.480087,1.65382,0.0232718], "O_dP_EE_d": [0,0,0,0,0,0], "O_ddP_O": [0,0,-9.81], "O_T_EE_c": [0.0224315,-0.0436621,-0.998785,0,0.873475,-0.485135,0.040825,0,-0.486337,-0.873346,0.027256,0,-0.200228,-0.495563,0.994753,1], "O_dP_EE_c": [0,0,0,0,0,0], "O_ddP_EE_c": [0,0,0,0,0,0], "theta": [-2.2649,-0.209932,0.254107,-1.3126,-0.149726,2.70212,-2.12903], "dtheta": [0,0,0,0,0,0,0], "current_errors": [], "last_motion_errors": ["joint_reflex"], "control_command_success_rate": 0, "robot_mode": "User stopped", "time": 11705110}