{"O_T_EE": [0.0157823,0.00420493,-0.999857,0,0.91508,-0.403048,0.0127491,0,-0.402944,-0.915167,-0.0102091,0,-0.148846,-0.511561,0.995009,1], "O_T_EE_d": [0.0159296,0.00413057,-0.999855,0,0.914876,-0.403504,0.0129088,0,-0.4034,-0.914967,-0.0102068,0,-0.149099,-0.511284,0.995121,1], "F_T_NE": [0.7071,-0.7071,0,0,0.7071,0.7071,0,0,0,0,1,0,0,0,0.1034,1], "NE_T_EE": [1,0,0,0,0,1,0,0,0,0,1,0,0,0,0,1], "F_T_EE": [0.7071,-0.7071,0,0,0.7071,0.7071,0,0,0,0,1,0,0,0,0.1034,1], "EE_T_K": [1,0,0,0,0,1,0,0,0,0,1,0,0,0,0,1], "m_ee": 0.73, "F_x_Cee": [-0.01,0,0.03], "I_ee": [0.001,0,0,0,0.0025,0,0,0,0.0017], "m_load": 0, "F_x_Cload": [0,0,0], "I_load": [0,0,0,0,0,0,0,0,0], "m_total": 0.73, "F_x_Ctotal": [-0.01,0,0.03], "I_total": [0.001,0,0,0,0.0025,0,0,0,0.0017], "elbow": [-0.214206,-1], "elbow_d": [-0.21439,-1], "elbow_c": [-0.21439,-1], "delbow_c": [0,0], "ddelbow_c": [0,0], "tau_J": [-0.669303,-17.5695,0.159015,15.5353,1.17322,-0.204483,0.0514724], "tau_J_d": [0,0,0,0,0,0,0], "dtau_J": [-70.7711,-53.0911,40.7918,84.5341,15.9966,6.32206,-55.8805], "q": [-1.56767,-0.197696,-0.214206,-1.26828,-0.416362,2.60582,-2.02061], "dq": [0.000267821,0.000827429,-0.000536134,-0.00102074,-1.73973e-05,-0.000507568,-0.000171427], "q_d": [-1.56788,-0.19805,-0.21439,-1.26827,-0.416382,2.60549,-2.02061], "dq_d": [0,0,0,0,0,0,0], "ddq_d": [0,0,0,0,0,0,0], "joint_contact": [0,0,0,0,0,0,0], "cartesian_contact": [0,0,0,0,0,0], "joint_collision": [0,0,0,0,0,0,0], "cartesian_collision": [0,0,0,0,0,0], "tau_ext_hat_filtered": [-0.647111,-0.72882,-0.715555,-1.01709,0.185503,-1.79287,0.0806169], "O_F_ext_hat_K": [0.846676,5.12804,-2.28545,-2.43504,-0.245049,-0.63486], "K_F_ext_hat_K": [2.32009,-1.32123,-5.01085,0.325156,1.66828,0.0833184], "O_dP_EE_d": [0,0,0,0,0,0], "O_ddP_O": [0,0,-9.81], "O_T_EE_c": [0.0159296,0.00413057,-0.999855,0,0.914876,-0.403504,0.0129088,0,-0.4034,-0.914967,-0.0102068,0,-0.149099,-0.511284,0.995121,1], "O_dP_EE_c": [0,0,0,0,0,0], "O_ddP_EE_c": [0,0,0,0,0,0], "theta": [-1.56772,-0.198929,-0.214195,-1.26719,-0.416231,2.6058,-2.0206], "dtheta": [0,0,0,0,0,0,0], "current_errors": [], "last_motion_errors": ["cartesian_reflex"], "control_command_success_rate": 0, "robot_mode": "User stopped", "time": 5118992}