{"O_T_EE": [-0.00593786,-0.0438734,-0.99901,0,0.764078,-0.644671,0.0237705,0,-0.645088,-0.763195,0.0373514,0,-0.289706,-0.453095,0.994624,1], "O_T_EE_d": [-0.00562865,-0.043568,-0.999025,0,0.763481,-0.645375,0.0238436,0,-0.645797,-0.762617,0.0368966,0,-0.290191,-0.452868,0.994482,1], "F_T_NE": [0.7071,-0.7071,0,0,0.7071,0.7071,0,0,0,0,1,0,0,0,0.1034,1], "NE_T_EE": [1,0,0,0,0,1,0,0,0,0,1,0,0,0,0,1], "F_T_EE": [0.7071,-0.7071,0,0,0.7071,0.7071,0,0,0,0,1,0,0,0,0.1034,1], "EE_T_K": [1,0,0,0,0,1,0,0,0,0,1,0,0,0,0,1], "m_ee": 0.73, "F_x_Cee": [-0.01,0,0.03], "I_ee": [0.001,0,0,0,0.0025,0,0,0,0.0017], "m_load": 0, "F_x_Cload": [0,0,0], "I_load": [0,0,0,0,0,0,0,0,0], "m_total": 0.73, "F_x_Ctotal": [-0.01,0,0.03], "I_total": [0.001,0,0,0,0.0025,0,0,0,0.0017], "elbow": [0.15704,-1], "elbow_d": [0.156561,-1], "elbow_c": [0.156561,-1], "delbow_c": [0,0], "ddelbow_c": [0,0], "tau_J": [-0.82006,-17.383,-2.09044,15.3448,1.219,-0.404983,0.153096], "tau_J_d": [0,0,0,0,0,0,0], "dtau_J": [39.0856,31.2481,-124.156,44.8142,38.8498,23.2156,77.2444], "q": [-2.32745,-0.194594,0.15704,-1.30821,-0.241608,2.71018,-2.08553], "dq": [-0.00142787,1.23951e-05,0.00124796,0.00692138,-0.000381123,-0.000271874,-0.000811169], "q_d": [-2.32782,-0.194612,0.156561,-1.30841,-0.241611,2.70989,-2.08553], "dq_d": [0,0,0,0,0,0,0], "ddq_d": [0,0,0,0,0,0,0], "joint_contact": [0,0,0,0,0,0,0], "cartesian_contact": [0,0,0,0,0,0], "joint_collision": [0,0,0,0,0,0,0], "cartesian_collision": [0,0,0,0,0,0], "tau_ext_hat_filtered": [-0.838042,-0.237207,-0.979318,-1.59106,0.210352,-1.92242,0.114736], "O_F_ext_hat_K": [2.46446,5.98791,-4.10698,-2.96556,0.134424,-0.800176], "K_F_ext_hat_K": [3.82565,-2.07486,-6.31314,0.224624,1.58499,0.124787], "O_dP_EE_d": [0,0,0,0,0,0], "O_ddP_O": [0,0,-9.81], "O_T_EE_c": [-0.00562865,-0.043568,-0.999025,0,0.763481,-0.645375,0.0238436,0,-0.645797,-0.762617,0.0368966,0,-0.290191,-0.452868,0.994482,1], "O_dP_EE_c": [0,0,0,0,0,0], "O_ddP_EE_c": [0,0,0,0,0,0], "theta": [-2.32751,-0.195813,0.156894,-1.30713,-0.241473,2.71014,-2.08551], "dtheta": [0,0,0,0.024709,0,0,0], "current_errors": [], "last_motion_errors": ["joint_reflex"], "control_command_success_rate": 0, "robot_mode": "User stopped", "time": 11550670}