{"O_T_EE": [0.00451749,-0.014999,-0.999868,0,0.950115,-0.311739,0.00896909,0,-0.311838,-0.950048,0.0128427,0,-0.0994778,-0.521219,0.994784,1], "O_T_EE_d": [0.00464384,-0.0149609,-0.999868,0,0.949873,-0.312473,0.00908714,0,-0.312574,-0.949808,0.0127601,0,-0.0998987,-0.520929,0.994869,1], "F_T_NE": [0.7071,-0.7071,0,0,0.7071,0.7071,0,0,0,0,1,0,0,0,0.1034,1], "NE_T_EE": [1,0,0,0,0,1,0,0,0,0,1,0,0,0,0,1], "F_T_EE": [0.7071,-0.7071,0,0,0.7071,0.7071,0,0,0,0,1,0,0,0,0.1034,1], "EE_T_K": [1,0,0,0,0,1,0,0,0,0,1,0,0,0,0,1], "m_ee": 0.73, "F_x_Cee": [-0.01,0,0.03], "I_ee": [0.001,0,0,0,0.0025,0,0,0,0.0017], "m_load": 0, "F_x_Cload": [0,0,0], "I_load": [0,0,0,0,0,0,0,0,0], "m_total": 0.73, "F_x_Ctotal": [-0.01,0,0.03], "I_total": [0.001,0,0,0,0.0025,0,0,0,0.0017], "elbow": [-0.175338,-1], "elbow_d": [-0.175591,-1], "elbow_c": [-0.175591,-1], "delbow_c": [0,0], "ddelbow_c": [0,0], "tau_J": [-0.970817,-17.871,-0.253582,15.3448,1.06336,-0.484634,0.0111892], "tau_J_d": [0,0,0,0,0,0,0], "dtau_J": [-82.0038,-36.969,135.343,-28.2816,55.0517,-33.4251,-18.821], "q": [-1.52571,-0.210303,-0.175338,-1.29993,-0.410453,2.64837,-2.02076], "dq": [0.00153359,0.000623854,-0.000524747,0.00294522,-0.000650905,0.000242262,0.00185665], "q_d": [-1.52611,-0.210748,-0.175591,-1.30005,-0.410481,2.64799,-2.02081], "dq_d": [0,0,0,0,0,0,0], "ddq_d": [0,0,0,0,0,0,0], "joint_contact": [0,0,0,0,0,0,0], "cartesian_contact": [0,0,0,0,0,0], "joint_collision": [0,0,0,0,0,0,0], "cartesian_collision": [0,0,0,0,0,0], "tau_ext_hat_filtered": [-0.850791,-0.918247,-0.948364,-1.47498,0.0122316,-2.01177,0.0338026], "O_F_ext_hat_K": [0.758441,7.35557,-4.91885,-3.34565,-0.236335,-0.864029], "K_F_ext_hat_K": [4.8114,-1.61656,-7.28783,0.541439,1.48902,0.0306863], "O_dP_EE_d": [0,0,0,0,0,0], "O_ddP_O": [0,0,-9.81], "O_T_EE_c": [0.00464384,-0.0149609,-0.999868,0,0.949873,-0.312473,0.00908714,0,-0.312574,-0.949808,0.0127601,0,-0.0998987,-0.520929,0.994869,1], "O_dP_EE_c": [0,0,0,0,0,0], "O_ddP_EE_c": [0,0,0,0,0,0], "theta": [-1.52578,-0.211558,-0.175356,-1.29885,-0.410335,2.64832,-2.02076], "dtheta": [0,0,0,0,0,0,0], "current_errors": [], "last_motion_errors": ["cartesian_reflex"], "control_command_success_rate": 0, "robot_mode": "User stopped", "time": 5200585}