{"O_T_EE": [0.0111154,-0.057845,-0.998254,0,0.820057,-0.570707,0.0422015,0,-0.572162,-0.81911,0.0410933,0,-0.246194,-0.4764,0.994633,1], "O_T_EE_d": [0.0110999,-0.0577936,-0.998257,0,0.819717,-0.571197,0.0421839,0,-0.572651,-0.818772,0.041035,0,-0.246404,-0.476158,0.994671,1], "F_T_NE": [0.7071,-0.7071,0,0,0.7071,0.7071,0,0,0,0,1,0,0,0,0.1034,1], "NE_T_EE": [1,0,0,0,0,1,0,0,0,0,1,0,0,0,0,1], "F_T_EE": [0.7071,-0.7071,0,0,0.7071,0.7071,0,0,0,0,1,0,0,0,0.1034,1], "EE_T_K": [1,0,0,0,0,1,0,0,0,0,1,0,0,0,0,1], "m_ee": 0.73, "F_x_Cee": [-0.01,0,0.03], "I_ee": [0.001,0,0,0,0.0025,0,0,0,0.0017], "m_load": 0, "F_x_Cload": [0,0,0], "I_load": [0,0,0,0,0,0,0,0,0], "m_total": 0.73, "F_x_Ctotal": [-0.01,0,0.03], "I_total": [0.001,0,0,0,0.0025,0,0,0,0.0017], "elbow": [0.209928,-1], "elbow_d": [0.20966,-1], "elbow_c": [0.20966,-1], "delbow_c": [0,0], "ddelbow_c": [0,0], "tau_J": [-0.41143,-17.9861,-1.90397,16.2653,1.35541,0.0857396,0.02126], "tau_J_d": [0,0,0,0,0,0,0], "dtau_J": [-39.792,21.1147,100.584,-63.8874,33.9878,38.437,15.2073], "q": [-2.30321,-0.203262,0.209928,-1.31819,-0.207933,2.71971,-2.08501], "dq": [0.000778723,-0.000388291,-0.000359143,0.000823416,-0.000491159,-0.000626954,-0.0009489], "q_d": [-2.30349,-0.203527,0.20966,-1.31831,-0.207935,2.71949,-2.08504], "dq_d": [0,0,0,0,0,0,0], "ddq_d": [0,0,0,0,0,0,0], "joint_contact": [0,0,0,0,0,0,0], "cartesian_contact": [0,0,0,0,0,0], "joint_collision": [0,0,0,0,0,0,0], "cartesian_collision": [0,0,0,0,0,0], "tau_ext_hat_filtered": [-0.338006,-1.50282,-0.515502,-0.582817,0.349739,-1.42699,0.0188757], "O_F_ext_hat_K": [2.31722,7.12272,-2.82464,-4.46113,0.691152,-0.276781], "K_F_ext_hat_K": [2.4335,-2.28398,-7.27619,-0.304918,1.58746,0.0363931], "O_dP_EE_d": [0,0,0,0,0,0], "O_ddP_O": [0,0,-9.81], "O_T_EE_c": [0.0110999,-0.0577936,-0.998257,0,0.819717,-0.571197,0.0421839,0,-0.572651,-0.818772,0.041035,0,-0.246404,-0.476158,0.994671,1], "O_dP_EE_c": [0,0,0,0,0,0], "O_ddP_EE_c": [0,0,0,0,0,0], "theta": [-2.30324,-0.204524,0.209794,-1.31705,-0.207783,2.71971,-2.08501], "dtheta": [0,0,0,0,0,0,0], "current_errors": [], "last_motion_errors": ["joint_reflex"], "control_command_success_rate": 0, "robot_mode": "User stopped", "time": 11638126}