{"O_T_EE": [-0.00872472,-0.0305459,-0.999486,0,0.636912,-0.770714,0.0179945,0,-0.770882,-0.63644,0.0261798,0,-0.370936,-0.394215,0.994806,1], "O_T_EE_d": [-0.0087969,-0.0305475,-0.999485,0,0.636537,-0.771024,0.0179626,0,-0.771191,-0.636064,0.0262278,0,-0.370994,-0.393943,0.994887,1], "F_T_NE": [0.7071,-0.7071,0,0,0.7071,0.7071,0,0,0,0,1,0,0,0,0.1034,1], "NE_T_EE": [1,0,0,0,0,1,0,0,0,0,1,0,0,0,0,1], "F_T_EE": [0.7071,-0.7071,0,0,0.7071,0.7071,0,0,0,0,1,0,0,0,0.1034,1], "EE_T_K": [1,0,0,0,0,1,0,0,0,0,1,0,0,0,0,1], "m_ee": 0.73, "F_x_Cee": [-0.01,0,0.03], "I_ee": [0.001,0,0,0,0.0025,0,0,0,0.0017], "m_load": 0, "F_x_Cload": [0,0,0], "I_load": [0,0,0,0,0,0,0,0,0], "m_total": 0.73, "F_x_Ctotal": [-0.01,0,0.03], "I_total": [0.001,0,0,0,0.0025,0,0,0,0.0017], "elbow": [0.172555,-1], "elbow_d": [0.172394,-1], "elbow_c": [0.172394,-1], "delbow_c": [0,0], "ddelbow_c": [0,0], "tau_J": [-0.0742106,-18.474,-1.15416,16.1105,1.04505,0.196518,0.122884], "tau_J_d": [0,0,0,0,0,0,0], "dtau_J": [-53.4051,79.2135,13.6965,44.6676,21.3515,56.5037,32.6872], "q": [-2.52863,-0.180877,0.172555,-1.28649,-0.216702,2.69327,-2.11375], "dq": [0.000182741,-0.000355929,0.00015404,-0.000765361,-0.000225253,-0.000175181,-0.00116109], "q_d": [-2.52892,-0.181194,0.172394,-1.2866,-0.21671,2.69311,-2.11377], "dq_d": [0,0,0,0,0,0,0], "ddq_d": [0,0,0,0,0,0,0], "joint_contact": [0,0,0,0,0,0,0], "cartesian_contact": [0,0,0,0,0,0], "joint_collision": [0,0,0,0,0,0,0], "cartesian_collision": [0,0,0,0,0,0], "tau_ext_hat_filtered": [-0.0630819,-1.10287,-0.0893574,-0.680952,0.0742695,-1.35395,0.109345], "O_F_ext_hat_K": [4.29163,3.74831,-2.48217,-1.99753,2.25036,-0.064303], "K_F_ext_hat_K": [2.329,-0.20015,-5.7589,0.392537,1.31925,0.109079], "O_dP_EE_d": [0,0,0,0,0,0], "O_ddP_O": [0,0,-9.81], "O_T_EE_c": [-0.0087969,-0.0305475,-0.999485,0,0.636537,-0.771024,0.0179626,0,-0.771191,-0.636064,0.0262278,0,-0.370994,-0.393943,0.994887,1], "O_dP_EE_c": [0,0,0,0,0,0], "O_ddP_EE_c": [0,0,0,0,0,0], "theta": [-2.52864,-0.182173,0.172474,-1.28535,-0.216588,2.6933,-2.11373], "dtheta": [0,0,0,0,0,0,0], "current_errors": [], "last_motion_errors": ["joint_reflex"], "control_command_success_rate": 0, "robot_mode": "User stopped", "time": 11821527}