{"O_T_EE": [0.00854989,-0.0376674,-0.999244,0,0.701453,-0.711946,0.0328393,0,-0.712658,-0.701217,0.0203352,0,-0.331937,-0.424962,0.99475,1], "O_T_EE_d": [0.00859099,-0.0375789,-0.999247,0,0.701059,-0.712335,0.0328163,0,-0.713045,-0.700826,0.0202258,0,-0.33209,-0.42472,0.994774,1], "F_T_NE": [0.7071,-0.7071,0,0,0.7071,0.7071,0,0,0,0,1,0,0,0,0.1034,1], "NE_T_EE": [1,0,0,0,0,1,0,0,0,0,1,0,0,0,0,1], "F_T_EE": [0.7071,-0.7071,0,0,0.7071,0.7071,0,0,0,0,1,0,0,0,0.1034,1], "EE_T_K": [1,0,0,0,0,1,0,0,0,0,1,0,0,0,0,1], "m_ee": 0.73, "F_x_Cee": [-0.01,0,0.03], "I_ee": [0.001,0,0,0,0.0025,0,0,0,0.0017], "m_load": 0, "F_x_Cload": [0,0,0], "I_load": [0,0,0,0,0,0,0,0,0], "m_total": 0.73, "F_x_Ctotal": [-0.01,0,0.03], "I_total": [0.001,0,0,0,0.0025,0,0,0,0.0017], "elbow": [0.214467,-1], "elbow_d": [0.214247,-1], "elbow_c": [0.214247,-1], "delbow_c": [0,0], "ddelbow_c": [0,0], "tau_J": [-0.221,-18.5494,-1.64213,15.7654,1.18238,-0.154129,0.0615432], "tau_J_d": [0,0,0,0,0,0,0], "dtau_J": [60.0627,-18.3538,-33.2489,11.3168,27.57,19.4111,58.2474], "q": [-2.48856,-0.188282,0.214467,-1.28884,-0.198815,2.68468,-2.10624], "dq": [-9.67439e-05,-0.000792363,0.000529677,-0.0012184,-3.5315e-05,0.000333504,-0.00108734], "q_d": [-2.48883,-0.188503,0.214247,-1.28893,-0.198827,2.68443,-2.10626], "dq_d": [0,0,0,0,0,0,0], "ddq_d": [0,0,0,0,0,0,0], "joint_contact": [0,0,0,0,0,0,0], "cartesian_contact": [0,0,0,0,0,0], "joint_collision": [0,0,0,0,0,0,0], "cartesian_collision": [0,0,0,0,0,0], "tau_ext_hat_filtered": [-0.178766,-1.78405,-0.281035,-0.94393,0.215138,-1.71055,0.0381189], "O_F_ext_hat_K": [5.40759,7.44669,-4.83065,-4.30864,2.64509,-0.139716], "K_F_ext_hat_K": [4.59282,-1.66714,-9.17374,0.0174454,1.53973,0.0479946], "O_dP_EE_d": [0,0,0,0,0,0], "O_ddP_O": [0,0,-9.81], "O_T_EE_c": [0.00859099,-0.0375789,-0.999247,0,0.701059,-0.712335,0.0328163,0,-0.713045,-0.700826,0.0202258,0,-0.33209,-0.42472,0.994774,1], "O_dP_EE_c": [0,0,0,0,0,0], "O_ddP_EE_c": [0,0,0,0,0,0], "theta": [-2.48857,-0.189584,0.214351,-1.28774,-0.198684,2.68467,-2.10623], "dtheta": [0,0,0,0,0,0,0], "current_errors": [], "last_motion_errors": ["joint_reflex"], "control_command_success_rate": 0, "robot_mode": "User stopped", "time": 11763025}