{"O_T_EE": [0.0104377,-0.0148046,-0.999826,0,-0.522033,0.852722,-0.0180762,0,0.852858,0.522141,0.00117194,0,0.552173,0.514974,-0.104136,1], "O_T_EE_d": [0.0106571,-0.0147187,-0.999825,0,-0.52207,0.852699,-0.0181175,0,0.852833,0.522182,0.00140314,0,0.552207,0.515005,-0.104023,1], "F_T_NE": [0.7071,-0.7071,0,0,0.7071,0.7071,0,0,0,0,1,0,0,0,0.1034,1], "NE_T_EE": [1,0,0,0,0,1,0,0,0,0,1,0,0,0,0,1], "F_T_EE": [0.7071,-0.7071,0,0,0.7071,0.7071,0,0,0,0,1,0,0,0,0.1034,1], "EE_T_K": [1,0,0,0,0,1,0,0,0,0,1,0,0,0,0,1], "m_ee": 0.73, "F_x_Cee": [-0.01,0,0.03], "I_ee": [0.001,0,0,0,0.0025,0,0,0,0.0017], "m_load": 0, "F_x_Cload": [0,0,0], "I_load": [0,0,0,0,0,0,0,0,0], "m_total": 0.73, "F_x_Ctotal": [-0.01,0,0.03], "I_total": [0.001,0,0,0,0.0025,0,0,0,0.0017], "elbow": [-0.845355,-1], "elbow_d": [-0.845471,-1], "elbow_c": [-0.845471,-1], "delbow_c": [0,0], "ddelbow_c": [0,0], "tau_J": [0.151925,-40.2663,-19.7171,3.68896,-0.564449,-2.49879,0.143025], "tau_J_d": [0,0,0,0,0,0,0], "dtau_J": [-40.853,141.002,-31.7213,19.8628,2.12763,-11.922,-4.38038], "q": [1.48416,1.72308,-0.845355,-1.26554,-2.15389,2.33607,1.13929], "dq": [0.00115083,-0.000996358,0.000743198,-0.000345715,0.00380557,0.000590643,0.000330108], "q_d": [1.48422,1.723,-0.845471,-1.26563,-2.15387,2.33594,1.13931], "dq_d": [0,0,0,0,0,0,0], "ddq_d": [0,0,0,0,0,0,0], "joint_contact": [0,0,0,0,0,0,0], "cartesian_contact": [0,0,0,0,0,0], "joint_collision": [0,0,0,0,0,0,0], "cartesian_collision": [0,0,0,0,0,0], "tau_ext_hat_filtered": [0.172701,0.130082,0.395607,-0.49417,0.101663,-0.942513,0.159644], "O_F_ext_hat_K": [-3.55326,-3.52193,1.0013,0.907634,-0.929067,0.304616], "K_F_ext_hat_K": [-0.98609,-1.16643,-4.8682,-0.400476,-1.03999,0.257977], "O_dP_EE_d": [0,0,0,0,0,0], "O_ddP_O": [0,0,-9.81], "O_T_EE_c": [0.0106571,-0.0147187,-0.999825,0,-0.52207,0.852699,-0.0181175,0,0.852833,0.522182,0.00140314,0,0.552207,0.515005,-0.104023,1], "O_dP_EE_c": [0,0,0,0,0,0], "O_ddP_EE_c": [0,0,0,0,0,0], "theta": [1.48417,1.72025,-0.846738,-1.26528,-2.15395,2.33579,1.13931], "dtheta": [0,0,0,0,0,0,0], "current_errors": [], "last_motion_errors": [], "control_command_success_rate": 0, "robot_mode": "User stopped", "time": 2326256}