{"O_T_EE": [0.00667566,-0.0137932,-0.999873,0,0.76805,0.640364,-0.00370589,0,0.640346,-0.767942,0.014869,0,0.565979,-0.496382,-0.10617,1], "O_T_EE_d": [0.00670224,-0.0139342,-0.999871,0,0.768085,0.640322,-0.00377494,0,0.640304,-0.767975,0.0149945,0,0.565935,-0.496392,-0.106121,1], "F_T_NE": [0.7071,-0.7071,0,0,0.7071,0.7071,0,0,0,0,1,0,0,0,0.1034,1], "NE_T_EE": [1,0,0,0,0,1,0,0,0,0,1,0,0,0,0,1], "F_T_EE": [0.7071,-0.7071,0,0,0.7071,0.7071,0,0,0,0,1,0,0,0,0.1034,1], "EE_T_K": [1,0,0,0,0,1,0,0,0,0,1,0,0,0,0,1], "m_ee": 0.73, "F_x_Cee": [-0.01,0,0.03], "I_ee": [0.001,0,0,0,0.0025,0,0,0,0.0017], "m_load": 0, "F_x_Cload": [0,0,0], "I_load": [0,0,0,0,0,0,0,0,0], "m_total": 0.73, "F_x_Ctotal": [-0.01,0,0.03], "I_total": [0.001,0,0,0,0.0025,0,0,0,0.0017], "elbow": [-0.870331,-1], "elbow_d": [-0.870338,-1], "elbow_c": [-0.870338,-1], "delbow_c": [0,0], "ddelbow_c": [0,0], "tau_J": [1.08424,-39.8895,-19.6417,1.622,-0.134151,-2.6288,0.102742], "tau_J_d": [0,0,0,0,0,0,0], "dtau_J": [1.75848,-115.754,-44.0005,218.744,-9.82505,52.3278,-70.4632], "q": [0.0337799,1.7548,-0.870331,-1.27449,-2.17985,2.31072,1.21715], "dq": [9.59699e-05,0.001336,0.000104456,-0.000315392,-1.24937e-05,-0.00092894,0.00197717], "q_d": [0.0338938,1.75473,-0.870338,-1.27477,-2.17981,2.31056,1.21716], "dq_d": [0,0,0,0,0,0,0], "ddq_d": [0,0,0,0,0,0,0], "joint_contact": [0,0,0,0,0,0,0], "cartesian_contact": [0,0,0,0,0,0], "joint_collision": [0,0,0,0,0,0,0], "cartesian_collision": [0,0,0,0,0,0], "tau_ext_hat_filtered": [1.00176,-0.20055,0.892199,-1.66774,0.501074,-1.10766,0.172093], "O_F_ext_hat_K": [-10.2029,10.5576,6.28934,-2.64178,-3.38344,1.15201], "K_F_ext_hat_K": [-6.5024,-1.09892,-14.5475,-0.232915,-1.07387,0.289826], "O_dP_EE_d": [0,0,0,0,0,0], "O_ddP_O": [0,0,-9.81], "O_T_EE_c": [0.00670224,-0.0139342,-0.999871,0,0.768085,0.640322,-0.00377494,0,0.640304,-0.767975,0.0149945,0,0.565935,-0.496392,-0.106121,1], "O_dP_EE_c": [0,0,0,0,0,0], "O_ddP_EE_c": [0,0,0,0,0,0], "theta": [0.0338562,1.752,-0.87171,-1.27438,-2.17987,2.31042,1.21716], "dtheta": [0,0,0,0,0,0,0], "current_errors": [], "last_motion_errors": [], "control_command_success_rate": 0, "robot_mode": "User stopped", "time": 3481518}