{"O_T_EE": [0.0213176,-0.0335073,-0.999201,0,0.911248,0.411797,0.00563197,0,0.411287,-0.910658,0.0393127,0,0.416031,-0.631858,-0.10666,1], "O_T_EE_d": [0.0213989,-0.0335029,-0.9992,0,0.911277,0.411732,0.00571063,0,0.411219,-0.910687,0.0393418,0,0.416001,-0.631844,-0.106669,1], "F_T_NE": [0.7071,-0.7071,0,0,0.7071,0.7071,0,0,0,0,1,0,0,0,0.1034,1], "NE_T_EE": [1,0,0,0,0,1,0,0,0,0,1,0,0,0,0,1], "F_T_EE": [0.7071,-0.7071,0,0,0.7071,0.7071,0,0,0,0,1,0,0,0,0.1034,1], "EE_T_K": [1,0,0,0,0,1,0,0,0,0,1,0,0,0,0,1], "m_ee": 0.73, "F_x_Cee": [-0.01,0,0.03], "I_ee": [0.001,0,0,0,0.0025,0,0,0,0.0017], "m_load": 0, "F_x_Cload": [0,0,0], "I_load": [0,0,0,0,0,0,0,0,0], "m_total": 0.73, "F_x_Ctotal": [-0.01,0,0.03], "I_total": [0.001,0,0,0,0.0025,0,0,0,0.0017], "elbow": [-0.813976,-1], "elbow_d": [-0.813897,-1], "elbow_c": [-0.813897,-1], "delbow_c": [0,0], "ddelbow_c": [0,0], "tau_J": [-0.185295,-40.306,-18.7411,3.72863,-0.0618247,-2.49879,0.153096], "tau_J_d": [0,0,0,0,0,0,0], "dtau_J": [-0.897072,33.644,52.0494,33.6073,1.76109,14.9157,53.4756], "q": [-0.283777,1.72829,-0.813976,-1.25278,-2.20784,2.25383,1.17727], "dq": [-0.000300058,0.00040244,-0.00459616,0.00527017,-2.23401e-05,-0.000260197,0.000686894], "q_d": [-0.283764,1.72825,-0.813897,-1.25288,-2.2078,2.25374,1.1773], "dq_d": [0,0,0,0,0,0,0], "ddq_d": [0,0,0,0,0,0,0], "joint_contact": [0,0,0,0,0,0,0], "cartesian_contact": [0,0,0,0,0,0], "joint_collision": [0,0,0,0,0,0,0], "cartesian_collision": [0,0,0,0,0,0], "tau_ext_hat_filtered": [-0.175269,0.392304,0.779617,-0.900186,0.501182,-0.88477,0.147588], "O_F_ext_hat_K": [-3.28058,5.05534,0.779184,-0.992475,-0.722408,-0.0344306], "K_F_ext_hat_K": [-1.01791,-0.903275,-5.92232,0.0675999,-1.25556,0.251294], "O_dP_EE_d": [0,0,0,0,0,0], "O_ddP_O": [0,0,-9.81], "O_T_EE_c": [0.0213989,-0.0335029,-0.9992,0,0.911277,0.411732,0.00571063,0,0.411219,-0.910687,0.0393418,0,0.416001,-0.631844,-0.106669,1], "O_dP_EE_c": [0,0,0,0,0,0], "O_ddP_EE_c": [0,0,0,0,0,0], "theta": [-0.28379,1.72546,-0.815292,-1.25251,-2.20785,2.25355,1.17728], "dtheta": [0,0,0,0,0,0,0], "current_errors": [], "last_motion_errors": [], "control_command_success_rate": 0, "robot_mode": "User stopped", "time": 3687691}