{"O_T_EE": [0.0163531,-0.0519709,-0.998505,0,0.960241,0.279136,0.00119779,0,0.278662,-0.958843,0.0544704,0,0.329221,-0.682194,-0.107223,1], "O_T_EE_d": [0.016301,-0.0519979,-0.998505,0,0.960263,0.279059,0.00114446,0,0.278588,-0.958864,0.0544816,0,0.329157,-0.682181,-0.107235,1], "F_T_NE": [0.7071,-0.7071,0,0,0.7071,0.7071,0,0,0,0,1,0,0,0,0.1034,1], "NE_T_EE": [1,0,0,0,0,1,0,0,0,0,1,0,0,0,0,1], "F_T_EE": [0.7071,-0.7071,0,0,0.7071,0.7071,0,0,0,0,1,0,0,0,0.1034,1], "EE_T_K": [1,0,0,0,0,1,0,0,0,0,1,0,0,0,0,1], "m_ee": 0.73, "F_x_Cee": [-0.01,0,0.03], "I_ee": [0.001,0,0,0,0.0025,0,0,0,0.0017], "m_load": 0, "F_x_Cload": [0,0,0], "I_load": [0,0,0,0,0,0,0,0,0], "m_total": 0.73, "F_x_Ctotal": [-0.01,0,0.03], "I_total": [0.001,0,0,0,0.0025,0,0,0,0.0017], "elbow": [-0.800798,-1], "elbow_d": [-0.800767,-1], "elbow_c": [-0.800767,-1], "delbow_c": [0,0], "ddelbow_c": [0,0], "tau_J": [0.18763,-40.4925,-18.4039,3.68896,-0.40881,-2.61873,0.071614], "tau_J_d": [0,0,0,0,0,0,0], "dtau_J": [73.2768,5.05325,-174.706,4.96202,6.2158,-4.01751,-3.47163], "q": [-0.428829,1.72867,-0.800798,-1.23976,-2.1949,2.23573,1.14862], "dq": [-0.000662202,-0.000953043,0.00200233,0.00012336,-3.34309e-06,0.000297571,-0.00144801], "q_d": [-0.428801,1.72865,-0.800767,-1.23992,-2.19488,2.23564,1.14862], "dq_d": [0,0,0,0,0,0,0], "ddq_d": [0,0,0,0,0,0,0], "joint_contact": [0,0,0,0,0,0,0], "cartesian_contact": [0,0,0,0,0,0], "joint_collision": [0,0,0,0,0,0,0], "cartesian_collision": [0,0,0,0,0,0], "tau_ext_hat_filtered": [0.158123,0.343641,0.83855,-1.2484,0.13225,-0.955442,0.0475817], "O_F_ext_hat_K": [-3.81627,8.1655,2.9731,-1.96054,-0.991431,0.367355], "K_F_ext_hat_K": [-3.45549,-1.38172,-8.73094,-0.273427,-0.893118,0.194732], "O_dP_EE_d": [0,0,0,0,0,0], "O_ddP_O": [0,0,-9.81], "O_T_EE_c": [0.016301,-0.0519979,-0.998505,0,0.960263,0.279059,0.00114446,0,0.278588,-0.958864,0.0544816,0,0.329157,-0.682181,-0.107235,1], "O_dP_EE_c": [0,0,0,0,0,0], "O_ddP_EE_c": [0,0,0,0,0,0], "theta": [-0.428815,1.72583,-0.80209,-1.2395,-2.19494,2.23544,1.14863], "dtheta": [0,0,0,0,0,0,0], "current_errors": [], "last_motion_errors": [], "control_command_success_rate": 0, "robot_mode": "User stopped", "time": 3719957}