{"O_T_EE": [-0.0234155,-0.00804704,-0.999684,0,0.822699,-0.56827,-0.0146956,0,-0.567983,-0.822799,0.019927,0,-0.348498,-0.688351,-0.108762,1], "O_T_EE_d": [-0.0233716,-0.0080913,-0.999684,0,0.822703,-0.568266,-0.0146345,0,-0.567979,-0.822801,0.0199384,0,-0.348482,-0.688365,-0.108754,1], "F_T_NE": [0.7071,-0.7071,0,0,0.7071,0.7071,0,0,0,0,1,0,0,0,0.1034,1], "NE_T_EE": [1,0,0,0,0,1,0,0,0,0,1,0,0,0,0,1], "F_T_EE": [0.7071,-0.7071,0,0,0.7071,0.7071,0,0,0,0,1,0,0,0,0.1034,1], "EE_T_K": [1,0,0,0,0,1,0,0,0,0,1,0,0,0,0,1], "m_ee": 0.73, "F_x_Cee": [-0.01,0,0.03], "I_ee": [0.001,0,0,0,0.0025,0,0,0,0.0017], "m_load": 0, "F_x_Cload": [0,0,0], "I_load": [0,0,0,0,0,0,0,0,0], "m_total": 0.73, "F_x_Ctotal": [-0.01,0,0.03], "I_total": [0.001,0,0,0,0.0025,0,0,0,0.0017], "elbow": [-0.836526,-1], "elbow_d": [-0.836494,-1], "elbow_c": [-0.836494,-1], "delbow_c": [0,0], "ddelbow_c": [0,0], "tau_J": [0.338387,-40.4925,-17.6541,5.2243,-0.436275,-2.21773,0.184224], "tau_J_d": [0,0,0,0,0,0,0], "dtau_J": [64.8281,-88.6064,-47.1337,-18.1374,27.0385,1.24992,53.755], "q": [-1.37724,1.75369,-0.836526,-1.16807,-2.23288,2.29967,1.15738], "dq": [-0.00488556,0.00100817,0.00023301,-0.00440229,-0.000259827,-0.000150929,-0.00211448], "q_d": [-1.37724,1.75366,-0.836494,-1.16806,-2.23288,2.29966,1.1574], "dq_d": [0,0,0,0,0,0,0], "ddq_d": [0,0,0,0,0,0,0], "joint_contact": [0,0,0,0,0,0,0], "cartesian_contact": [0,0,0,0,0,0], "joint_collision": [0,0,0,0,0,0,0], "cartesian_collision": [0,0,0,0,0,0], "tau_ext_hat_filtered": [0.41981,1.13548,1.38789,0.141244,0.172544,-0.6445,0.154648], "O_F_ext_hat_K": [1.09844,0.92906,-3.37874,1.17033,-0.70707,0.513738], "K_F_ext_hat_K": [3.34454,0.425392,-1.45565,-0.0567033,-1.37014,0.229926], "O_dP_EE_d": [0,0,0,0,0,0], "O_ddP_O": [0,0,-9.81], "O_T_EE_c": [-0.0233716,-0.0080913,-0.999684,0,0.822703,-0.568266,-0.0146345,0,-0.567979,-0.822801,0.0199384,0,-0.348482,-0.688365,-0.108754,1], "O_dP_EE_c": [0,0,0,0,0,0], "O_ddP_EE_c": [0,0,0,0,0,0], "theta": [-1.37722,1.75085,-0.837765,-1.1677,-2.23293,2.29942,1.1574], "dtheta": [0,0,0,0,0,0,0], "current_errors": [], "last_motion_errors": [], "control_command_success_rate": 0, "robot_mode": "User stopped", "time": 5458360}