{"O_T_EE": [0.0187111,-0.0308978,-0.999338,0,-0.843057,-0.537806,0.000843077,0,-0.537486,0.842499,-0.0361122,0,-0.564434,0.612596,0.0058331,1], "O_T_EE_d": [0.0186516,-0.030979,-0.999336,0,-0.843116,-0.537713,0.000933021,0,-0.537396,0.842555,-0.0361488,0,-0.564387,0.612584,0.00578891,1], "F_T_NE": [0.7071,-0.7071,0,0,0.7071,0.7071,0,0,0,0,1,0,0,0,0.1034,1], "NE_T_EE": [1,0,0,0,0,1,0,0,0,0,1,0,0,0,0,1], "F_T_EE": [0.7071,-0.7071,0,0,0.7071,0.7071,0,0,0,0,1,0,0,0,0.1034,1], "EE_T_K": [1,0,0,0,0,1,0,0,0,0,1,0,0,0,0,1], "m_ee": 0.73, "F_x_Cee": [-0.01,0,0.03], "I_ee": [0.001,0,0,0,0.0025,0,0,0,0.0017], "m_load": 0, "F_x_Cload": [0,0,0], "I_load": [0,0,0,0,0,0,0,0,0], "m_total": 0.73, "F_x_Ctotal": [-0.01,0,0.03], "I_total": [0.001,0,0,0,0.0025,0,0,0,0.0017], "elbow": [-2.0067,-1], "elbow_d": [-2.00673,-1], "elbow_c": [-2.00673,-1], "delbow_c": [0,0], "ddelbow_c": [0,0], "tau_J": [-0.82006,42.3365,22.3917,0.737299,0.221989,-1.91743,-0.0400803], "tau_J_d": [0,0,0,0,0,0,0], "dtau_J": [-58.0092,85.1219,68.6958,2.85386,14.3177,-6.92408,-71.5826], "q": [-1.52913,-1.75482,-2.0067,-1.20071,2.68175,2.32621,-0.154872], "dq": [0.000165464,-0.000633197,0.00291237,0.00167357,0.00333475,-0.000173901,0.00106536], "q_d": [-1.52926,-1.75488,-2.00673,-1.20088,2.68178,2.32605,-0.154865], "dq_d": [0,0,0,0,0,0,0], "ddq_d": [0,0,0,0,0,0,0], "joint_contact": [0,0,0,0,0,0,0], "cartesian_contact": [0,0,0,0,0,0], "joint_collision": [0,0,0,0,0,0,0], "cartesian_collision": [0,0,0,0,0,0], "tau_ext_hat_filtered": [-0.750662,-0.557444,-0.763755,-1.21691,0.143725,-1.03024,0.00615225], "O_F_ext_hat_K": [9.2539,-11.0648,3.72134,2.98404,2.32785,-0.828194], "K_F_ext_hat_K": [-3.20391,-1.84775,-14.4303,1.41031,-0.633875,-0.147065], "O_dP_EE_d": [0,0,0,0,0,0], "O_ddP_O": [0,0,-9.81], "O_T_EE_c": [0.0186516,-0.030979,-0.999336,0,-0.843116,-0.537713,0.000933021,0,-0.537396,0.842555,-0.0361488,0,-0.564387,0.612584,0.00578891,1], "O_dP_EE_c": [0,0,0,0,0,0], "O_ddP_EE_c": [0,0,0,0,0,0], "theta": [-1.52919,-1.75185,-2.00513,-1.20066,2.68177,2.32599,-0.154875], "dtheta": [0,0,0.0241578,0,0,0,0], "current_errors": [], "last_motion_errors": [], "control_command_success_rate": 0, "robot_mode": "User stopped", "time": 6182411}