{"O_T_EE": [0.000252432,-0.00658821,-0.999969,0,-0.908029,-0.418877,0.00253051,0,-0.418888,0.908017,-0.00608814,0,-0.48508,0.674866,0.00564133,1], "O_T_EE_d": [0.000220707,-0.00650136,-0.999969,0,-0.908078,-0.418772,0.00252224,0,-0.418783,0.908066,-0.00599628,0,-0.485038,0.674885,0.00565725,1], "F_T_NE": [0.7071,-0.7071,0,0,0.7071,0.7071,0,0,0,0,1,0,0,0,0.1034,1], "NE_T_EE": [1,0,0,0,0,1,0,0,0,0,1,0,0,0,0,1], "F_T_EE": [0.7071,-0.7071,0,0,0.7071,0.7071,0,0,0,0,1,0,0,0,0.1034,1], "EE_T_K": [1,0,0,0,0,1,0,0,0,0,1,0,0,0,0,1], "m_ee": 0.73, "F_x_Cee": [-0.01,0,0.03], "I_ee": [0.001,0,0,0,0.0025,0,0,0,0.0017], "m_load": 0, "F_x_Cload": [0,0,0], "I_load": [0,0,0,0,0,0,0,0,0], "m_total": 0.73, "F_x_Ctotal": [-0.01,0,0.03], "I_total": [0.001,0,0,0,0.0025,0,0,0,0.0017], "elbow": [-2.01436,-1], "elbow_d": [-2.0144,-1], "elbow_c": [-2.0144,-1], "delbow_c": [0,0], "ddelbow_c": [0,0], "tau_J": [-0.149589,42.3722,22.844,1.27685,0.148747,-2.21773,0.0926712], "tau_J_d": [0,0,0,0,0,0,0], "dtau_J": [16.8883,76.871,-15.7734,-34.0511,-15.4297,26.3667,-11.9869], "q": [-1.65077,-1.75928,-2.01436,-1.2127,2.65825,2.28081,-0.136865], "dq": [6.00953e-05,-0.000927429,-0.000319407,0.000311801,-0.000416662,-0.000504416,0.00151385], "q_d": [-1.65084,-1.75924,-2.0144,-1.2128,2.65824,2.28062,-0.136852], "dq_d": [0,0,0,0,0,0,0], "ddq_d": [0,0,0,0,0,0,0], "joint_contact": [0,0,0,0,0,0,0], "cartesian_contact": [0,0,0,0,0,0], "joint_collision": [0,0,0,0,0,0,0], "cartesian_collision": [0,0,0,0,0,0], "tau_ext_hat_filtered": [-0.178415,-0.226903,-0.301579,-0.59889,0.188882,-1.23298,0.119712], "O_F_ext_hat_K": [3.55156,-7.25415,1.72045,1.96012,1.12049,-0.278856], "K_F_ext_hat_K": [-1.67174,-0.181975,-8.08508,1.39927,-0.803335,-0.0675953], "O_dP_EE_d": [0,0,0,0,0,0], "O_ddP_O": [0,0,-9.81], "O_T_EE_c": [0.000220707,-0.00650136,-0.999969,0,-0.908078,-0.418772,0.00252224,0,-0.418783,0.908066,-0.00599628,0,-0.485038,0.674885,0.00565725,1], "O_dP_EE_c": [0,0,0,0,0,0], "O_ddP_EE_c": [0,0,0,0,0,0], "theta": [-1.65078,-1.75631,-2.01276,-1.21261,2.65826,2.28056,-0.136855], "dtheta": [0,0,0,0,0,0,0], "current_errors": [], "last_motion_errors": [], "control_command_success_rate": 0, "robot_mode": "User stopped", "time": 6203958}