{"O_T_EE": [0.00161216,0.0396887,-0.999201,0,-0.926896,-0.374935,-0.0163881,0,-0.375293,0.9262,0.0361836,0,-0.443266,0.701549,0.00592662,1], "O_T_EE_d": [0.00149733,0.039759,-0.999199,0,-0.926929,-0.374857,-0.016305,0,-0.375212,0.926228,0.0362932,0,-0.44329,0.701524,0.00594925,1], "F_T_NE": [0.7071,-0.7071,0,0,0.7071,0.7071,0,0,0,0,1,0,0,0,0.1034,1], "NE_T_EE": [1,0,0,0,0,1,0,0,0,0,1,0,0,0,0,1], "F_T_EE": [0.7071,-0.7071,0,0,0.7071,0.7071,0,0,0,0,1,0,0,0,0.1034,1], "EE_T_K": [1,0,0,0,0,1,0,0,0,0,1,0,0,0,0,1], "m_ee": 0.73, "F_x_Cee": [-0.01,0,0.03], "I_ee": [0.001,0,0,0,0.0025,0,0,0,0.0017], "m_load": 0, "F_x_Cload": [0,0,0], "I_load": [0,0,0,0,0,0,0,0,0], "m_total": 0.73, "F_x_Ctotal": [-0.01,0,0.03], "I_total": [0.001,0,0,0,0.0025,0,0,0,0.0017], "elbow": [-2.03415,-1], "elbow_d": [-2.03414,-1], "elbow_c": [-2.03414,-1], "delbow_c": [0,0], "ddelbow_c": [0,0], "tau_J": [-0.522514,43.2014,23.0304,1.46728,0.221989,-2.59859,0.224507], "tau_J_d": [0,0,0,0,0,0,0], "dtau_J": [-87.1075,66.2627,104.467,-43.1966,-21.242,50.654,117.62], "q": [-1.70664,-1.75473,-2.03415,-1.21479,2.60644,2.25279,-0.104115], "dq": [-0.000183901,-0.00164838,-0.000665112,0.00633263,0.00419627,-0.00053245,-0.00337961], "q_d": [-1.70663,-1.75474,-2.03414,-1.2149,2.60645,2.25255,-0.104103], "dq_d": [0,0,0,0,0,0,0], "ddq_d": [0,0,0,0,0,0,0], "joint_contact": [0,0,0,0,0,0,0], "cartesian_contact": [0,0,0,0,0,0], "joint_collision": [0,0,0,0,0,0,0], "cartesian_collision": [0,0,0,0,0,0], "tau_ext_hat_filtered": [-0.492205,0.486166,0.05759,-0.745616,0.382191,-1.46315,0.1817], "O_F_ext_hat_K": [4.86152,-9.52944,3.95658,3.35926,1.94735,-0.656447], "K_F_ext_hat_K": [-4.32387,-0.998056,-10.5075,1.47615,-0.526197,-0.0984266], "O_dP_EE_d": [0,0,0,0,0,0], "O_ddP_O": [0,0,-9.81], "O_T_EE_c": [0.00149733,0.039759,-0.999199,0,-0.926929,-0.374857,-0.016305,0,-0.375212,0.926228,0.0362932,0,-0.44329,0.701524,0.00594925,1], "O_dP_EE_c": [0,0,0,0,0,0], "O_ddP_EE_c": [0,0,0,0,0,0], "theta": [-1.70667,-1.7517,-2.03254,-1.21469,2.60646,2.2525,-0.10409], "dtheta": [0,0,0,0.0248255,0,0,0], "current_errors": [], "last_motion_errors": [], "control_command_success_rate": 0, "robot_mode": "User stopped", "time": 7256400}