{"O_T_EE": [-0.0018613,-0.00342612,-0.999983,0,-0.882943,-0.469448,0.00325186,0,-0.46946,0.882951,-0.00215133,0,-0.525399,0.644514,0.00560833,1], "O_T_EE_d": [-0.00196961,-0.00336685,-0.999983,0,-0.88302,-0.469304,0.00331934,0,-0.469316,0.883028,-0.00204869,0,-0.525351,0.644552,0.00564231,1], "F_T_NE": [0.7071,-0.7071,0,0,0.7071,0.7071,0,0,0,0,1,0,0,0,0.1034,1], "NE_T_EE": [1,0,0,0,0,1,0,0,0,0,1,0,0,0,0,1], "F_T_EE": [0.7071,-0.7071,0,0,0.7071,0.7071,0,0,0,0,1,0,0,0,0.1034,1], "EE_T_K": [1,0,0,0,0,1,0,0,0,0,1,0,0,0,0,1], "m_ee": 0.73, "F_x_Cee": [-0.01,0,0.03], "I_ee": [0.001,0,0,0,0.0025,0,0,0,0.0017], "m_load": 0, "F_x_Cload": [0,0,0], "I_load": [0,0,0,0,0,0,0,0,0], "m_total": 0.73, "F_x_Ctotal": [-0.01,0,0.03], "I_total": [0.001,0,0,0,0.0025,0,0,0,0.0017], "elbow": [-2.01821,-1], "elbow_d": [-2.01818,-1], "elbow_c": [-2.01818,-1], "delbow_c": [0,0], "ddelbow_c": [0,0], "tau_J": [-0.482841,42.3722,22.5821,0.892023,0.157902,-2.24794,0.122884], "tau_J_d": [0,0,0,0,0,0,0], "dtau_J": [-86.7792,-65.6992,103.523,-86.3395,-0.388289,2.03713,54.7446], "q": [-1.58569,-1.75774,-2.01821,-1.21031,2.66006,2.2728,-0.132382], "dq": [0.00042424,0.00118784,-0.00102164,0.00254282,0.000499273,0.000912974,-0.00277779], "q_d": [-1.58579,-1.75774,-2.01818,-1.2104,2.66005,2.27262,-0.132365], "dq_d": [0,0,0,0,0,0,0], "ddq_d": [0,0,0,0,0,0,0], "joint_contact": [0,0,0,0,0,0,0], "cartesian_contact": [0,0,0,0,0,0], "joint_collision": [0,0,0,0,0,0,0], "cartesian_collision": [0,0,0,0,0,0], "tau_ext_hat_filtered": [-0.449585,-0.253419,-0.533844,-1.03962,0.22516,-1.21434,0.105025], "O_F_ext_hat_K": [6.89277,-10.0199,3.27628,2.81323,1.9661,-0.57086], "K_F_ext_hat_K": [-3.25479,-1.37149,-12.09,1.39087,-0.671165,-0.118035], "O_dP_EE_d": [0,0,0,0,0,0], "O_ddP_O": [0,0,-9.81], "O_T_EE_c": [-0.00196961,-0.00336685,-0.999983,0,-0.88302,-0.469304,0.00331934,0,-0.469316,0.883028,-0.00204869,0,-0.525351,0.644552,0.00564231,1], "O_dP_EE_c": [0,0,0,0,0,0], "O_ddP_EE_c": [0,0,0,0,0,0], "theta": [-1.58572,-1.75477,-2.01663,-1.21024,2.66008,2.27255,-0.132368], "dtheta": [0,0,0,0,0,0,0], "current_errors": [], "last_motion_errors": [], "control_command_success_rate": 0, "robot_mode": "User stopped", "time": 6194162}