{"O_T_EE": [0.0102827,0.0304346,-0.999474,0,-0.997874,-0.0638743,-0.0122112,0,-0.0642136,0.997494,0.0297137,0,-0.211009,0.797109,0.00612512,1], "O_T_EE_d": [0.0102747,0.0304469,-0.999474,0,-0.997879,-0.0637904,-0.0122015,0,-0.0641296,0.997499,0.0297274,0,-0.21098,0.797089,0.00608805,1], "F_T_NE": [0.7071,-0.7071,0,0,0.7071,0.7071,0,0,0,0,1,0,0,0,0.1034,1], "NE_T_EE": [1,0,0,0,0,1,0,0,0,0,1,0,0,0,0,1], "F_T_EE": [0.7071,-0.7071,0,0,0.7071,0.7071,0,0,0,0,1,0,0,0,0.1034,1], "EE_T_K": [1,0,0,0,0,1,0,0,0,0,1,0,0,0,0,1], "m_ee": 0.73, "F_x_Cee": [-0.01,0,0.03], "I_ee": [0.001,0,0,0,0.0025,0,0,0,0.0017], "m_load": 0, "F_x_Cload": [0,0,0], "I_load": [0,0,0,0,0,0,0,0,0], "m_total": 0.73, "F_x_Ctotal": [-0.01,0,0.03], "I_total": [0.001,0,0,0,0.0025,0,0,0,0.0017], "elbow": [-2.02791,-1], "elbow_d": [-2.02798,-1], "elbow_c": [-2.02798,-1], "delbow_c": [0,0], "ddelbow_c": [0,0], "tau_J": [-0.371757,41.432,22.844,1.31256,0.313541,-2.29829,0.0926712], "tau_J_d": [0,0,0,0,0,0,0], "dtau_J": [-36.4051,44.5532,4.60804,0.571034,26.3567,-4.71622,-82.8713], "q": [-2.03313,-1.75856,-2.02791,-1.25223,2.62177,2.22994,-0.131222], "dq": [0.00028332,-0.00147164,-0.000394438,-0.000730077,-0.000548674,-0.000146296,0.00245602], "q_d": [-2.03318,-1.75859,-2.02798,-1.25231,2.62177,2.22979,-0.1312], "dq_d": [0,0,0,0,0,0,0], "ddq_d": [0,0,0,0,0,0,0], "joint_contact": [0,0,0,0,0,0,0], "cartesian_contact": [0,0,0,0,0,0], "joint_collision": [0,0,0,0,0,0,0], "cartesian_collision": [0,0,0,0,0,0], "tau_ext_hat_filtered": [-0.385169,-0.512556,-0.589035,-0.419016,0.465088,-1.21259,0.162444], "O_F_ext_hat_K": [0.69573,-6.99644,1.03193,1.45184,0.241426,-0.51513], "K_F_ext_hat_K": [-1.23719,-0.259964,-6.99292,1.44274,-0.568888,-0.0609816], "O_dP_EE_d": [0,0,0,0,0,0], "O_ddP_O": [0,0,-9.81], "O_T_EE_c": [0.0102747,0.0304469,-0.999474,0,-0.997879,-0.0637904,-0.0122015,0,-0.0641296,0.997499,0.0297274,0,-0.21098,0.797089,0.00608805,1], "O_dP_EE_c": [0,0,0,0,0,0], "O_ddP_EE_c": [0,0,0,0,0,0], "theta": [-2.03316,-1.75565,-2.02631,-1.25214,2.62181,2.22968,-0.131213], "dtheta": [0,0,0,0,0,0,0], "current_errors": [], "last_motion_errors": [], "control_command_success_rate": 0, "robot_mode": "User stopped", "time": 7401482}