{"O_T_EE": [0.00245653,0.0410717,-0.999144,0,-0.993279,-0.115441,-0.00718753,0,-0.115639,0.992465,0.0405128,0,-0.259377,0.783589,0.00601153,1], "O_T_EE_d": [0.00243879,0.0410989,-0.999142,0,-0.993295,-0.115305,-0.00716751,0,-0.115503,0.992479,0.0405429,0,-0.259311,0.78359,0.00598069,1], "F_T_NE": [0.7071,-0.7071,0,0,0.7071,0.7071,0,0,0,0,1,0,0,0,0.1034,1], "NE_T_EE": [1,0,0,0,0,1,0,0,0,0,1,0,0,0,0,1], "F_T_EE": [0.7071,-0.7071,0,0,0.7071,0.7071,0,0,0,0,1,0,0,0,0.1034,1], "EE_T_K": [1,0,0,0,0,1,0,0,0,0,1,0,0,0,0,1], "m_ee": 0.73, "F_x_Cee": [-0.01,0,0.03], "I_ee": [0.001,0,0,0,0.0025,0,0,0,0.0017], "m_load": 0, "F_x_Cload": [0,0,0], "I_load": [0,0,0,0,0,0,0,0,0], "m_total": 0.73, "F_x_Ctotal": [-0.01,0,0.03], "I_total": [0.001,0,0,0,0.0025,0,0,0,0.0017], "elbow": [-2.03804,-1], "elbow_d": [-2.03812,-1], "elbow_c": [-2.03812,-1], "delbow_c": [0,0], "ddelbow_c": [0,0], "tau_J": [-0.336051,41.432,22.3203,1.23718,0.0480385,-2.25801,0.0313308], "tau_J_d": [0,0,0,0,0,0,0], "dtau_J": [150.286,147.614,-127.05,-89.0005,-9.16121,13.9555,-164.355], "q": [-1.96149,-1.75452,-2.03804,-1.24648,2.62492,2.20998,-0.115947], "dq": [-0.00152289,-0.001139,0.000450499,-0.00209553,0.000172789,-0.000297088,0.0032628], "q_d": [-1.96156,-1.75453,-2.03812,-1.24653,2.62492,2.20983,-0.115898], "dq_d": [0,0,0,0,0,0,0], "ddq_d": [0,0,0,0,0,0,0], "joint_contact": [0,0,0,0,0,0,0], "cartesian_contact": [0,0,0,0,0,0], "joint_collision": [0,0,0,0,0,0,0], "cartesian_collision": [0,0,0,0,0,0], "tau_ext_hat_filtered": [-0.460633,-0.758828,-0.91703,-0.75341,0.273548,-1.16494,0.110434], "O_F_ext_hat_K": [2.16995,-9.21859,1.32593,1.85102,0.407839,-0.580255], "K_F_ext_hat_K": [-1.69812,-1.10072,-9.34634,1.27385,-0.748282,-0.0884924], "O_dP_EE_d": [0,0,0,0,0,0], "O_ddP_O": [0,0,-9.81], "O_T_EE_c": [0.00243879,0.0410989,-0.999142,0,-0.993295,-0.115305,-0.00716751,0,-0.115503,0.992479,0.0405429,0,-0.259311,0.78359,0.00598069,1], "O_dP_EE_c": [0,0,0,0,0,0], "O_ddP_EE_c": [0,0,0,0,0,0], "theta": [-1.96152,-1.75161,-2.03648,-1.2464,2.62492,2.20973,-0.115945], "dtheta": [0,0,0,0,0,0,0], "current_errors": [], "last_motion_errors": [], "control_command_success_rate": 0, "robot_mode": "User stopped", "time": 7385483}