{"O_T_EE": [-0.000563279,0.0377205,-0.999279,0,-0.983943,-0.178324,-0.00617668,0,-0.178431,0.983248,0.037216,0,-0.307044,0.767489,0.00575391,1], "O_T_EE_d": [-0.000611686,0.0377516,-0.999277,0,-0.983973,-0.178159,-0.00612833,0,-0.178265,0.983277,0.0372562,0,-0.306971,0.767504,0.00574139,1], "F_T_NE": [0.7071,-0.7071,0,0,0.7071,0.7071,0,0,0,0,1,0,0,0,0.1034,1], "NE_T_EE": [1,0,0,0,0,1,0,0,0,0,1,0,0,0,0,1], "F_T_EE": [0.7071,-0.7071,0,0,0.7071,0.7071,0,0,0,0,1,0,0,0,0.1034,1], "EE_T_K": [1,0,0,0,0,1,0,0,0,0,1,0,0,0,0,1], "m_ee": 0.73, "F_x_Cee": [-0.01,0,0.03], "I_ee": [0.001,0,0,0,0.0025,0,0,0,0.0017], "m_load": 0, "F_x_Cload": [0,0,0], "I_load": [0,0,0,0,0,0,0,0,0], "m_total": 0.73, "F_x_Ctotal": [-0.01,0,0.03], "I_total": [0.001,0,0,0,0.0025,0,0,0,0.0017], "elbow": [-2.03622,-1], "elbow_d": [-2.03626,-1], "elbow_c": [-2.03626,-1], "delbow_c": [0,0], "ddelbow_c": [0,0], "tau_J": [-0.669303,41.3566,21.9831,1.58233,0.0663491,-2.28822,0.0816849], "tau_J_d": [0,0,0,0,0,0,0], "dtau_J": [-11.2174,0.954575,-148.362,-64.0159,31.612,1.76473,-93.0909], "q": [-1.89706,-1.75535,-2.03622,-1.23814,2.62557,2.219,-0.114027], "dq": [3.3931e-05,-0.000333367,0.00141818,0.000698701,-0.000443959,1.01546e-05,0.00215698], "q_d": [-1.89715,-1.75537,-2.03626,-1.2382,2.62559,2.21884,-0.11399], "dq_d": [0,0,0,0,0,0,0], "ddq_d": [0,0,0,0,0,0,0], "joint_contact": [0,0,0,0,0,0,0], "cartesian_contact": [0,0,0,0,0,0], "joint_collision": [0,0,0,0,0,0,0], "cartesian_collision": [0,0,0,0,0,0], "tau_ext_hat_filtered": [-0.679086,-0.917778,-1.16015,-0.403714,0.248871,-1.18382,0.151711], "O_F_ext_hat_K": [2.57867,-7.70169,0.195684,1.12809,0.242488,-0.796606], "K_F_ext_hat_K": [-0.487517,-1.1651,-8.02551,1.1872,-0.941191,-0.0458207], "O_dP_EE_d": [0,0,0,0,0,0], "O_ddP_O": [0,0,-9.81], "O_T_EE_c": [-0.000611686,0.0377516,-0.999277,0,-0.983973,-0.178159,-0.00612833,0,-0.178265,0.983277,0.0372562,0,-0.306971,0.767504,0.00574139,1], "O_dP_EE_c": [0,0,0,0,0,0], "O_ddP_EE_c": [0,0,0,0,0,0], "theta": [-1.89711,-1.75245,-2.03468,-1.23803,2.62558,2.21875,-0.114018], "dtheta": [0,0,0,0,0,0,0], "current_errors": [], "last_motion_errors": [], "control_command_success_rate": 0, "robot_mode": "User stopped", "time": 7369155}