{"O_T_EE": [-0.0151684,0.0173799,-0.999724,0,-0.972783,-0.231426,0.0107363,0,-0.231181,0.972697,0.0204176,0,-0.353149,0.748469,0.00584428,1], "O_T_EE_d": [-0.0151425,0.0173773,-0.999725,0,-0.972815,-0.231294,0.0107145,0,-0.231049,0.972728,0.0204076,0,-0.353071,0.748469,0.00578088,1], "F_T_NE": [0.7071,-0.7071,0,0,0.7071,0.7071,0,0,0,0,1,0,0,0,0.1034,1], "NE_T_EE": [1,0,0,0,0,1,0,0,0,0,1,0,0,0,0,1], "F_T_EE": [0.7071,-0.7071,0,0,0.7071,0.7071,0,0,0,0,1,0,0,0,0.1034,1], "EE_T_K": [1,0,0,0,0,1,0,0,0,0,1,0,0,0,0,1], "m_ee": 0.73, "F_x_Cee": [-0.01,0,0.03], "I_ee": [0.001,0,0,0,0.0025,0,0,0,0.0017], "m_load": 0, "F_x_Cload": [0,0,0], "I_load": [0,0,0,0,0,0,0,0,0], "m_total": 0.73, "F_x_Ctotal": [-0.01,0,0.03], "I_total": [0.001,0,0,0,0.0025,0,0,0,0.0017], "elbow": [-2.02918,-1], "elbow_d": [-2.0293,-1], "elbow_c": [-2.0293,-1], "delbow_c": [0,0], "ddelbow_c": [0,0], "tau_J": [-0.482841,41.6581,22.4314,1.1975,0.121281,-2.24794,0.132954], "tau_J_d": [0,0,0,0,0,0,0], "dtau_J": [83.3978,31.7084,103.255,-127.402,38.158,31.9328,-99.8494], "q": [-1.83628,-1.75608,-2.02918,-1.23572,2.64822,2.2289,-0.116517], "dq": [-0.000743052,0.00021665,0.000233695,0.000909595,-0.00071818,-0.000267264,0.0010277], "q_d": [-1.83636,-1.7561,-2.0293,-1.23577,2.64824,2.22875,-0.116473], "dq_d": [0,0,0,0,0,0,0], "ddq_d": [0,0,0,0,0,0,0], "joint_contact": [0,0,0,0,0,0,0], "cartesian_contact": [0,0,0,0,0,0], "joint_collision": [0,0,0,0,0,0,0], "cartesian_collision": [0,0,0,0,0,0], "tau_ext_hat_filtered": [-0.514497,-0.636599,-0.822896,-0.720246,0.268009,-1.19785,0.181843], "O_F_ext_hat_K": [3.42304,-9.03394,1.5218,1.97246,0.739507,-0.636053], "K_F_ext_hat_K": [-1.73034,-1.22287,-9.54755,1.25531,-0.815125,-0.0291759], "O_dP_EE_d": [0,0,0,0,0,0], "O_ddP_O": [0,0,-9.81], "O_T_EE_c": [-0.0151425,0.0173773,-0.999725,0,-0.972815,-0.231294,0.0107145,0,-0.231049,0.972728,0.0204076,0,-0.353071,0.748469,0.00578088,1], "O_dP_EE_c": [0,0,0,0,0,0], "O_ddP_EE_c": [0,0,0,0,0,0], "theta": [-1.83632,-1.75316,-2.02761,-1.23564,2.64824,2.22865,-0.116501], "dtheta": [0,0,0,0,0,0,0], "current_errors": [], "last_motion_errors": [], "control_command_success_rate": 0, "robot_mode": "User stopped", "time": 7355550}