{"O_T_EE": [0.0136477,0.00226106,-0.999895,0,-0.969537,0.244579,-0.0126802,0,0.244529,0.969626,0.00553022,0,0.0326007,0.814142,-0.00464521,1], "O_T_EE_d": [0.0136225,0.0022372,-0.999895,0,-0.969515,0.244666,-0.0126612,0,0.244616,0.969604,0.00550206,0,0.0326634,0.814091,-0.0047235,1], "F_T_NE": [0.7071,-0.7071,0,0,0.7071,0.7071,0,0,0,0,1,0,0,0,0.1034,1], "NE_T_EE": [1,0,0,0,0,1,0,0,0,0,1,0,0,0,0,1], "F_T_EE": [0.7071,-0.7071,0,0,0.7071,0.7071,0,0,0,0,1,0,0,0,0.1034,1], "EE_T_K": [1,0,0,0,0,1,0,0,0,0,1,0,0,0,0,1], "m_ee": 0.73, "F_x_Cee": [-0.01,0,0.03], "I_ee": [0.001,0,0,0,0.0025,0,0,0,0.0017], "m_load": 0, "F_x_Cload": [0,0,0], "I_load": [0,0,0,0,0,0,0,0,0], "m_total": 0.73, "F_x_Ctotal": [-0.01,0,0.03], "I_total": [0.001,0,0,0,0.0025,0,0,0,0.0017], "elbow": [-1.15398,-1], "elbow_d": [-1.15384,-1], "elbow_c": [-1.15384,-1], "delbow_c": [0,0], "ddelbow_c": [0,0], "tau_J": [-0.522514,-41.2463,-22.3791,0.277094,-0.747555,-2.32851,-0.0199387], "tau_J_d": [0,0,0,0,0,0,0], "dtau_J": [-57.0921,67.0106,-52.4164,-60.3393,-19.4842,-16.5793,-67.4133], "q": [2.30386,1.75426,-1.15398,-1.18357,-2.06818,2.62493,1.23426], "dq": [0.000322612,0.000338578,-0.0038386,0.00111371,0.000208558,0.000338648,0.0019536], "q_d": [2.30384,1.75429,-1.15384,-1.18368,-2.06817,2.6248,1.23426], "dq_d": [0,0,0,0,0,0,0], "ddq_d": [0,0,0,0,0,0,0], "joint_contact": [0,0,0,0,0,0,0], "cartesian_contact": [0,0,0,0,0,0], "joint_collision": [0,0,0,0,0,0,0], "cartesian_collision": [0,0,0,0,0,0], "tau_ext_hat_filtered": [-0.506997,0.810874,0.924666,-1.10452,0.416599,-0.805917,0.0302009], "O_F_ext_hat_K": [0.0440397,-4.79199,-1.53003,0.444115,-0.226658,-0.423833], "K_F_ext_hat_K": [1.51967,-1.19534,-4.64413,0.254462,-1.72456,0.149422], "O_dP_EE_d": [0,0,0,0,0,0], "O_ddP_O": [0,0,-9.81], "O_T_EE_c": [0.0136225,0.0022372,-0.999895,0,-0.969515,0.244666,-0.0126612,0,0.244616,0.969604,0.00550206,0,0.0326634,0.814091,-0.0047235,1], "O_dP_EE_c": [0,0,0,0,0,0], "O_ddP_EE_c": [0,0,0,0,0,0], "theta": [2.30383,1.75137,-1.15555,-1.18355,-2.06827,2.62467,1.23426], "dtheta": [0,0,0,0,0,0,0], "current_errors": [], "last_motion_errors": [], "control_command_success_rate": 0, "robot_mode": "User stopped", "time": 7536551}