{"O_T_EE": [0.0136331,0.0192965,-0.999711,0,-0.9311,0.364693,-0.0056581,0,0.364485,0.930927,0.0229393,0,0.131984,0.800555,-0.00472704,1], "O_T_EE_d": [0.0134216,0.0190931,-0.999718,0,-0.93106,0.364798,-0.00553271,0,0.364597,0.93089,0.0226735,0,0.132005,0.80045,-0.00494695,1], "F_T_NE": [0.7071,-0.7071,0,0,0.7071,0.7071,0,0,0,0,1,0,0,0,0.1034,1], "NE_T_EE": [1,0,0,0,0,1,0,0,0,0,1,0,0,0,0,1], "F_T_EE": [0.7071,-0.7071,0,0,0.7071,0.7071,0,0,0,0,1,0,0,0,0.1034,1], "EE_T_K": [1,0,0,0,0,1,0,0,0,0,1,0,0,0,0,1], "m_ee": 0.73, "F_x_Cee": [-0.01,0,0.03], "I_ee": [0.001,0,0,0,0.0025,0,0,0,0.0017], "m_load": 0, "F_x_Cload": [0,0,0], "I_load": [0,0,0,0,0,0,0,0,0], "m_total": 0.73, "F_x_Ctotal": [-0.01,0,0.03], "I_total": [0.001,0,0,0,0.0025,0,0,0,0.0017], "elbow": [-1.15379,-1], "elbow_d": [-1.15347,-1], "elbow_c": [-1.15347,-1], "delbow_c": [0,0], "ddelbow_c": [0,0], "tau_J": [-0.336051,-40.306,-21.9665,0.162042,-0.838192,-2.11793,0.071614], "tau_J_d": [0,0,0,0,0,0,0], "dtau_J": [47.5104,-8.85058,24.7489,-129.059,-3.49921,19.7946,-62.271], "q": [2.19622,1.7604,-1.15379,-1.20454,-2.0485,2.60458,1.23834], "dq": [-0.000954663,0.000457762,-0.000330818,-8.08474e-05,0.000199358,-0.000660541,0.00139661], "q_d": [2.19621,1.76049,-1.15347,-1.2046,-2.04848,2.60454,1.23838], "dq_d": [0,0,0,0,0,0,0], "ddq_d": [0,0,0,0,0,0,0], "joint_contact": [0,0,0,0,0,0,0], "cartesian_contact": [0,0,0,0,0,0], "joint_collision": [0,0,0,0,0,0,0], "cartesian_collision": [0,0,0,0,0,0], "tau_ext_hat_filtered": [-0.382305,1.23356,1.49583,-0.950926,0.300831,-0.62013,0.104919], "O_F_ext_hat_K": [-0.377359,-4.67613,-2.2139,-0.316336,-0.0362592,-0.2876], "K_F_ext_hat_K": [2.11792,-1.34149,-4.54146,-0.013705,-1.49689,0.231951], "O_dP_EE_d": [0,0,0,0,0,0], "O_ddP_O": [0,0,-9.81], "O_T_EE_c": [0.0134216,0.0190931,-0.999718,0,-0.93106,0.364798,-0.00553271,0,0.364597,0.93089,0.0226735,0,0.132005,0.80045,-0.00494695,1], "O_dP_EE_c": [0,0,0,0,0,0], "O_ddP_EE_c": [0,0,0,0,0,0], "theta": [2.1962,1.75757,-1.15533,-1.20453,-2.0486,2.60434,1.23835], "dtheta": [0,0,0,0,0,0,0], "current_errors": [], "last_motion_errors": [], "control_command_success_rate": 0, "robot_mode": "User stopped", "time": 7569623}