{"O_T_EE": [0.0227379,-0.0389206,-0.998974,0,0.857523,0.514426,-0.000524074,0,0.513928,-0.856648,0.0450732,0,0.522514,-0.600551,-0.00657853,1], "O_T_EE_d": [0.0228595,-0.0392059,-0.99896,0,0.857651,0.514213,-0.000555315,0,0.51371,-0.856763,0.0453805,0,0.522392,-0.600702,-0.00645065,1], "F_T_NE": [0.7071,-0.7071,0,0,0.7071,0.7071,0,0,0,0,1,0,0,0,0.1034,1], "NE_T_EE": [1,0,0,0,0,1,0,0,0,0,1,0,0,0,0,1], "F_T_EE": [0.7071,-0.7071,0,0,0.7071,0.7071,0,0,0,0,1,0,0,0,0.1034,1], "EE_T_K": [1,0,0,0,0,1,0,0,0,0,1,0,0,0,0,1], "m_ee": 0.73, "F_x_Cee": [-0.01,0,0.03], "I_ee": [0.001,0,0,0,0.0025,0,0,0,0.0017], "m_load": 0, "F_x_Cload": [0,0,0], "I_load": [0,0,0,0,0,0,0,0,0], "m_total": 0.73, "F_x_Ctotal": [-0.01,0,0.03], "I_total": [0.001,0,0,0,0.0025,0,0,0,0.0017], "elbow": [-0.00156631,-1], "elbow_d": [-0.00164584,-1], "elbow_c": [-0.00164584,-1], "delbow_c": [0,0], "ddelbow_c": [0,0], "tau_J": [-0.482841,-48.9388,-1.19383,14.845,-0.25317,-2.9593,0.0313308], "tau_J_d": [0,0,0,0,0,0,0], "dtau_J": [25.4708,133.495,-79.7184,85.82,52.0711,-12.0841,-21.1673], "q": [-0.807022,1.21306,-0.00156631,-1.41961,-2.8937,2.02153,0.666348], "dq": [-0.000216688,-0.00109356,0.000759758,-0.00601237,-0.000749435,-3.0839e-05,-0.000146652], "q_d": [-0.807185,1.21292,-0.00164584,-1.4197,-2.89366,2.02129,0.66636], "dq_d": [0,0,0,0,0,0,0], "ddq_d": [0,0,0,0,0,0,0], "joint_contact": [0,0,0,0,0,0,0], "cartesian_contact": [0,0,0,0,0,0], "joint_collision": [0,0,0,0,0,0,0], "cartesian_collision": [0,0,0,0,0,0], "tau_ext_hat_filtered": [-0.494008,-0.00781214,-0.534603,-0.952164,0.133696,-1.20189,0.0519655], "O_F_ext_hat_K": [-6.24821,6.21367,2.04981,-2.35446,-1.7963,-0.483923], "K_F_ext_hat_K": [-2.43166,-2.16263,-8.44167,-0.0183685,-1.3927,0.0590887], "O_dP_EE_d": [0,0,0,0,0,0], "O_ddP_O": [0,0,-9.81], "O_T_EE_c": [0.0228595,-0.0392059,-0.99896,0,0.857651,0.514213,-0.000555315,0,0.51371,-0.856763,0.0453805,0,0.522392,-0.600702,-0.00645065,1], "O_dP_EE_c": [0,0,0,0,0,0], "O_ddP_EE_c": [0,0,0,0,0,0], "theta": [-0.807056,1.20963,-0.00164903,-1.41856,-2.89373,2.0212,0.666352], "dtheta": [0,0,0,-0.024291,0,0,0], "current_errors": [], "last_motion_errors": ["joint_position_limits_violation"], "control_command_success_rate": 0, "robot_mode": "User stopped", "time": 10653415}