{"O_T_EE": [-0.00575378,-0.0583533,-0.99827,0,0.973264,-0.229514,0.00780645,0,-0.229577,-0.971554,0.0581149,0,-0.0772819,-0.807664,-0.00853342,1], "O_T_EE_d": [-0.00575893,-0.0582043,-0.998278,0,0.973222,-0.229694,0.00777789,0,-0.229756,-0.97152,0.0579696,0,-0.0774143,-0.807577,-0.008686,1], "F_T_NE": [0.7071,-0.7071,0,0,0.7071,0.7071,0,0,0,0,1,0,0,0,0.1034,1], "NE_T_EE": [1,0,0,0,0,1,0,0,0,0,1,0,0,0,0,1], "F_T_EE": [0.7071,-0.7071,0,0,0.7071,0.7071,0,0,0,0,1,0,0,0,0.1034,1], "EE_T_K": [1,0,0,0,0,1,0,0,0,0,1,0,0,0,0,1], "m_ee": 0.73, "F_x_Cee": [-0.01,0,0.03], "I_ee": [0.001,0,0,0,0.0025,0,0,0,0.0017], "m_load": 0, "F_x_Cload": [0,0,0], "I_load": [0,0,0,0,0,0,0,0,0], "m_total": 0.73, "F_x_Ctotal": [-0.01,0,0.03], "I_total": [0.001,0,0,0,0.0025,0,0,0,0.0017], "elbow": [-0.091758,-1], "elbow_d": [-0.0917477,-1], "elbow_c": [-0.0917477,-1], "delbow_c": [0,0], "ddelbow_c": [0,0], "tau_J": [0.18763,-48.185,-2.31657,15.1901,-0.152462,-2.44844,0.204366], "tau_J_d": [0,0,0,0,0,0,0], "dtau_J": [-33.4083,-53.7405,119.241,-95.4639,9.75063,10.9419,79.6532], "q": [-1.55725,1.2654,-0.091758,-1.32558,-2.88836,2.06888,0.746887], "dq": [0.000957423,0.000779838,-0.00152127,-0.00068392,0.000438897,0.00011901,-0.00204481], "q_d": [-1.55741,1.26558,-0.0917477,-1.32562,-2.88834,2.0688,0.746892], "dq_d": [0,0,0,0,0,0,0], "ddq_d": [0,0,0,0,0,0,0], "joint_contact": [0,0,0,0,0,0,0], "cartesian_contact": [0,0,0,0,0,0], "joint_collision": [0,0,0,0,0,0,0], "cartesian_collision": [0,0,0,0,0,0], "tau_ext_hat_filtered": [0.227401,1.49822,0.587358,-1.11646,0.269807,-0.683278,0.149], "O_F_ext_hat_K": [1.21023,4.89823,-1.49794,-0.121382,-0.0203133,0.289405], "K_F_ext_hat_K": [1.20258,0.041967,-5.12379,0.310695,-1.36302,0.194456], "O_dP_EE_d": [0,0,0,0,0,0], "O_ddP_O": [0,0,-9.81], "O_T_EE_c": [-0.00575893,-0.0582043,-0.998278,0,0.973222,-0.229694,0.00777789,0,-0.229756,-0.97152,0.0579696,0,-0.0774143,-0.807577,-0.008686,1], "O_dP_EE_c": [0,0,0,0,0,0], "O_ddP_EE_c": [0,0,0,0,0,0], "theta": [-1.55724,1.26202,-0.0919206,-1.32451,-2.88838,2.06861,0.74691], "dtheta": [0,0,0,0,0,0,0], "current_errors": [], "last_motion_errors": ["joint_position_limits_violation"], "control_command_success_rate": 0, "robot_mode": "User stopped", "time": 11393022}