{"O_T_EE": [0.0458031,-0.00467318,-0.99893,0,0.789879,-0.612001,0.0390807,0,-0.61154,-0.790839,-0.0243408,0,-0.410648,-0.710081,-0.00791346,1], "O_T_EE_d": [0.045688,-0.00489508,-0.998934,0,0.790031,-0.611801,0.0391315,0,-0.611352,-0.790992,-0.0240852,0,-0.41054,-0.710229,-0.0077529,1], "F_T_NE": [0.7071,-0.7071,0,0,0.7071,0.7071,0,0,0,0,1,0,0,0,0.1034,1], "NE_T_EE": [1,0,0,0,0,1,0,0,0,0,1,0,0,0,0,1], "F_T_EE": [0.7071,-0.7071,0,0,0.7071,0.7071,0,0,0,0,1,0,0,0,0.1034,1], "EE_T_K": [1,0,0,0,0,1,0,0,0,0,1,0,0,0,0,1], "m_ee": 0.73, "F_x_Cee": [-0.01,0,0.03], "I_ee": [0.001,0,0,0,0.0025,0,0,0,0.0017], "m_load": 0, "F_x_Cload": [0,0,0], "I_load": [0,0,0,0,0,0,0,0,0], "m_total": 0.73, "F_x_Ctotal": [-0.01,0,0.03], "I_total": [0.001,0,0,0,0.0025,0,0,0,0.0017], "elbow": [-1.14416,-1], "elbow_d": [-1.14425,-1], "elbow_c": [-1.14425,-1], "delbow_c": [0,0], "ddelbow_c": [0,0], "tau_J": [1.38178,-43.698,-23.0536,1.81243,-1.03961,-2.61873,0.0313308], "tau_J_d": [0,0,0,0,0,0,0], "dtau_J": [7.77197,45.535,-17.6366,-2.57171,-38.4611,5.49907,-104.193], "q": [-1.35005,1.75346,-1.14416,-1.15582,-2.22853,2.6084,1.40585], "dq": [-0.000302318,-6.78685e-06,0.00105086,0.000457546,0.000533834,-0.000135233,0.00274681], "q_d": [-1.3499,1.7533,-1.14425,-1.1558,-2.22854,2.60829,1.40583], "dq_d": [0,0,0,0,0,0,0], "ddq_d": [0,0,0,0,0,0,0], "joint_contact": [0,0,0,0,0,0,0], "cartesian_contact": [0,0,0,0,0,0], "joint_collision": [0,0,0,0,0,0,0], "cartesian_collision": [0,0,0,0,0,0], "tau_ext_hat_filtered": [1.39812,-1.19204,-0.0466519,0.0916683,0.177935,-1.30108,0.105589], "O_F_ext_hat_K": [4.97766,6.27552,2.62904,-3.02038,1.57273,1.5063], "K_F_ext_hat_K": [-2.4276,0.193877,-8.07096,-0.60583,-1.25486,0.301327], "O_dP_EE_d": [0,0,0,0,0,0], "O_ddP_O": [0,0,-9.81], "O_T_EE_c": [0.045688,-0.00489508,-0.998934,0,0.790031,-0.611801,0.0391315,0,-0.611352,-0.790992,-0.0240852,0,-0.41054,-0.710229,-0.0077529,1], "O_dP_EE_c": [0,0,0,0,0,0], "O_ddP_EE_c": [0,0,0,0,0,0], "theta": [-1.34995,1.75039,-1.14578,-1.1557,-2.22864,2.60811,1.40585], "dtheta": [0,0,0,0,0,0,0], "current_errors": [], "last_motion_errors": ["joint_position_limits_violation"], "control_command_success_rate": 0, "robot_mode": "User stopped", "time": 11924438}