{"O_T_EE": [-0.0307827,0.0356179,-0.998882,0,0.904783,0.425662,-0.0127047,0,0.424741,-0.904179,-0.0453303,0,0.464588,-0.68142,0.0948439,1], "O_T_EE_d": [-0.0307638,0.0355735,-0.998884,0,0.904795,0.425634,-0.0127079,0,0.424715,-0.904194,-0.0452817,0,0.464568,-0.681431,0.0948645,1], "F_T_NE": [0.7071,-0.7071,0,0,0.7071,0.7071,0,0,0,0,1,0,0,0,0.1034,1], "NE_T_EE": [1,0,0,0,0,1,0,0,0,0,1,0,0,0,0,1], "F_T_EE": [0.7071,-0.7071,0,0,0.7071,0.7071,0,0,0,0,1,0,0,0,0.1034,1], "EE_T_K": [1,0,0,0,0,1,0,0,0,0,1,0,0,0,0,1], "m_ee": 0.73, "F_x_Cee": [-0.01,0,0.03], "I_ee": [0.001,0,0,0,0.0025,0,0,0,0.0017], "m_load": 0, "F_x_Cload": [0,0,0], "I_load": [0,0,0,0,0,0,0,0,0], "m_total": 0.73, "F_x_Ctotal": [-0.01,0,0.03], "I_total": [0.001,0,0,0,0.0025,0,0,0,0.0017], "elbow": [0.00801976,-1], "elbow_d": [0.0080066,-1], "elbow_c": [0.0080066,-1], "delbow_c": [0,0], "ddelbow_c": [0,0], "tau_J": [0.0765462,-48.7881,-0.06712,16.9516,-0.353878,-2.3578,0.112813], "tau_J_d": [0,0,0,0,0,0,0], "dtau_J": [-37.0594,21.1852,-121.056,125.51,-11.4544,-11.3116,-42.0731], "q": [-0.948597,1.00057,0.00801976,-1.44914,-2.89084,2.29179,0.606907], "dq": [3.55285e-05,0.000461099,0.000555499,-0.00189798,0.000133973,0.000389966,0.000728609], "q_d": [-0.948611,1.00053,0.0080066,-1.44919,-2.89084,2.29173,0.606917], "dq_d": [0,0,0,0,0,0,0], "ddq_d": [0,0,0,0,0,0,0], "joint_contact": [0,0,0,0,0,0,0], "cartesian_contact": [0,0,0,0,0,0], "joint_collision": [0,0,0,0,0,0,0], "cartesian_collision": [0,0,0,0,0,0], "tau_ext_hat_filtered": [0.0663281,0.708002,0.123689,-1.16245,0.0630823,-0.823121,0.146911], "O_F_ext_hat_K": [-3.74188,5.94267,-0.826591,-1.40643,-0.83088,0.117662], "K_F_ext_hat_K": [1.15254,-0.845536,-6.9251,0.105968,-1.63712,0.184625], "O_dP_EE_d": [0,0,0,0,0,0], "O_ddP_O": [0,0,-9.81], "O_T_EE_c": [-0.0307638,0.0355735,-0.998884,0,0.904795,0.425634,-0.0127079,0,0.424715,-0.904194,-0.0452817,0,0.464568,-0.681431,0.0948645,1], "O_dP_EE_c": [0,0,0,0,0,0], "O_ddP_EE_c": [0,0,0,0,0,0], "theta": [-0.948591,0.997148,0.00801505,-1.44795,-2.89088,2.29152,0.60692], "dtheta": [0,0,0,0,0,0,0], "current_errors": [], "last_motion_errors": ["joint_position_limits_violation"], "control_command_success_rate": 0, "robot_mode": "User stopped", "time": 1988905}