{"O_T_EE": [-0.00927535,0.00344348,-0.999941,0,0.997999,0.0624326,-0.00904233,0,0.062399,-0.998043,-0.00401575,0,0.192657,-0.806754,0.0946985,1], "O_T_EE_d": [-0.00926586,0.00341473,-0.999942,0,0.997998,0.0624396,-0.00903462,0,0.0624063,-0.998043,-0.00398653,0,0.192671,-0.806741,0.0947001,1], "F_T_NE": [0.7071,-0.7071,0,0,0.7071,0.7071,0,0,0,0,1,0,0,0,0.1034,1], "NE_T_EE": [1,0,0,0,0,1,0,0,0,0,1,0,0,0,0,1], "F_T_EE": [0.7071,-0.7071,0,0,0.7071,0.7071,0,0,0,0,1,0,0,0,0.1034,1], "EE_T_K": [1,0,0,0,0,1,0,0,0,0,1,0,0,0,0,1], "m_ee": 0.73, "F_x_Cee": [-0.01,0,0.03], "I_ee": [0.001,0,0,0,0.0025,0,0,0,0.0017], "m_load": 0, "F_x_Cload": [0,0,0], "I_load": [0,0,0,0,0,0,0,0,0], "m_total": 0.73, "F_x_Ctotal": [-0.01,0,0.03], "I_total": [0.001,0,0,0,0.0025,0,0,0,0.0017], "elbow": [0.0384444,-1], "elbow_d": [0.038455,-1], "elbow_c": [0.038455,-1], "delbow_c": [0,0], "ddelbow_c": [0,0], "tau_J": [0.560555,-50.256,0.833454,16.9159,-0.390499,-2.64894,0.071614], "tau_J_d": [0,0,0,0,0,0,0], "dtau_J": [42.314,54.9894,81.6244,17.4909,14.6478,26.8997,64.6683], "q": [-1.33275,1.02461,0.0384444,-1.43129,-2.89138,2.23897,0.586629], "dq": [-0.000197756,-0.000311702,-0.000483944,0.00025052,0.00221388,-0.000526531,-0.00156711], "q_d": [-1.33274,1.02458,0.038455,-1.43135,-2.89138,2.2389,0.586634], "dq_d": [0,0,0,0,0,0,0], "ddq_d": [0,0,0,0,0,0,0], "joint_contact": [0,0,0,0,0,0,0], "cartesian_contact": [0,0,0,0,0,0], "joint_collision": [0,0,0,0,0,0,0], "cartesian_collision": [0,0,0,0,0,0], "tau_ext_hat_filtered": [0.545763,-0.497365,0.245052,-1.10176,0.0367555,-1.05175,0.0469208], "O_F_ext_hat_K": [-1.64128,10.8198,1.83749,-4.09252,-0.645623,0.532864], "K_F_ext_hat_K": [-1.78494,-0.979119,-10.9084,0.241738,-1.58881,0.0379046], "O_dP_EE_d": [0,0,0,0,0,0], "O_ddP_O": [0,0,-9.81], "O_T_EE_c": [-0.00926586,0.00341473,-0.999942,0,0.997998,0.0624396,-0.00903462,0,0.0624063,-0.998043,-0.00398653,0,0.192671,-0.806741,0.0947001,1], "O_dP_EE_c": [0,0,0,0,0,0], "O_ddP_EE_c": [0,0,0,0,0,0], "theta": [-1.33271,1.02108,0.0385029,-1.4301,-2.89142,2.23868,0.586637], "dtheta": [0,0,0,0,0,0,0], "current_errors": [], "last_motion_errors": ["joint_position_limits_violation"], "control_command_success_rate": 0, "robot_mode": "User stopped", "time": 2394848}