{"O_T_EE": [-0.00141991,0.0423513,-0.999092,0,0.987721,0.156081,0.00521249,0,0.156163,-0.986836,-0.0420536,0,0.241,-0.793437,0.0939241,1], "O_T_EE_d": [-0.00146367,0.0424694,-0.999087,0,0.987723,0.156068,0.00518715,0,0.156149,-0.986833,-0.0421773,0,0.240981,-0.793397,0.0938429,1], "F_T_NE": [0.7071,-0.7071,0,0,0.7071,0.7071,0,0,0,0,1,0,0,0,0.1034,1], "NE_T_EE": [1,0,0,0,0,1,0,0,0,0,1,0,0,0,0,1], "F_T_EE": [0.7071,-0.7071,0,0,0.7071,0.7071,0,0,0,0,1,0,0,0,0.1034,1], "EE_T_K": [1,0,0,0,0,1,0,0,0,0,1,0,0,0,0,1], "m_ee": 0.73, "F_x_Cee": [-0.01,0,0.03], "I_ee": [0.001,0,0,0,0.0025,0,0,0,0.0017], "m_load": 0, "F_x_Cload": [0,0,0], "I_load": [0,0,0,0,0,0,0,0,0], "m_total": 0.73, "F_x_Ctotal": [-0.01,0,0.03], "I_total": [0.001,0,0,0,0.0025,0,0,0,0.0017], "elbow": [-0.0872529,-1], "elbow_d": [-0.0872521,-1], "elbow_c": [-0.0872521,-1], "delbow_c": [0,0], "ddelbow_c": [0,0], "tau_J": [0.524849,-48.2604,-1.75322,16.301,-0.326412,-2.14815,0.0615432], "tau_J_d": [0,0,0,0,0,0,0], "dtau_J": [-95.8483,117.388,-15.5423,-48.263,4.5212,0.179083,-59.5383], "q": [-1.18001,1.01888,-0.0872529,-1.41949,-2.88969,2.31651,0.701218], "dq": [0.00132099,-0.00111632,-0.00277732,0.00454817,-0.000118021,-0.000113317,0.0022062], "q_d": [-1.18001,1.01891,-0.0872521,-1.41961,-2.88968,2.31649,0.701217], "dq_d": [0,0,0,0,0,0,0], "ddq_d": [0,0,0,0,0,0,0], "joint_contact": [0,0,0,0,0,0,0], "cartesian_contact": [0,0,0,0,0,0], "joint_collision": [0,0,0,0,0,0,0], "cartesian_collision": [0,0,0,0,0,0], "tau_ext_hat_filtered": [0.585487,1.47524,0.727218,-1.82045,0.124012,-0.6036,0.123102], "O_F_ext_hat_K": [-1.46651,8.27826,-1.45822,-1.26294,-0.22558,0.665698], "K_F_ext_hat_K": [1.8096,-0.164025,-8.33698,0.149342,-1.69172,0.183974], "O_dP_EE_d": [0,0,0,0,0,0], "O_ddP_O": [0,0,-9.81], "O_T_EE_c": [-0.00146367,0.0424694,-0.999087,0,0.987723,0.156068,0.00518715,0,0.156149,-0.986833,-0.0421773,0,0.240981,-0.793397,0.0938429,1], "O_dP_EE_c": [0,0,0,0,0,0], "O_ddP_EE_c": [0,0,0,0,0,0], "theta": [-1.17998,1.01549,-0.0873762,-1.41835,-2.88973,2.31627,0.701226], "dtheta": [0,0,0,0,0,0,0], "current_errors": [], "last_motion_errors": ["joint_position_limits_violation"], "control_command_success_rate": 0, "robot_mode": "User stopped", "time": 2246145}