{"O_T_EE": [-0.00213728,-0.0157971,-0.999863,0,0.980998,0.193898,-0.00516039,0,0.193957,-0.980894,0.0150828,0,0.288128,-0.776333,0.0937999,1], "O_T_EE_d": [-0.00214087,-0.0157195,-0.999865,0,0.980999,0.193895,-0.00514882,0,0.193953,-0.980896,0.015006,0,0.288116,-0.776298,0.0937405,1], "F_T_NE": [0.7071,-0.7071,0,0,0.7071,0.7071,0,0,0,0,1,0,0,0,0.1034,1], "NE_T_EE": [1,0,0,0,0,1,0,0,0,0,1,0,0,0,0,1], "F_T_EE": [0.7071,-0.7071,0,0,0.7071,0.7071,0,0,0,0,1,0,0,0,0.1034,1], "EE_T_K": [1,0,0,0,0,1,0,0,0,0,1,0,0,0,0,1], "m_ee": 0.73, "F_x_Cee": [-0.01,0,0.03], "I_ee": [0.001,0,0,0,0.0025,0,0,0,0.0017], "m_load": 0, "F_x_Cload": [0,0,0], "I_load": [0,0,0,0,0,0,0,0,0], "m_total": 0.73, "F_x_Ctotal": [-0.01,0,0.03], "I_total": [0.001,0,0,0,0.0025,0,0,0,0.0017], "elbow": [-0.0209677,-1], "elbow_d": [-0.0209706,-1], "elbow_c": [-0.0209706,-1], "delbow_c": [0,0], "ddelbow_c": [0,0], "tau_J": [0.18763,-48.7881,-0.590802,16.5707,-0.289791,-2.43837,0.174153], "tau_J_d": [0,0,0,0,0,0,0], "dtau_J": [10.9589,-61.1092,-102.701,-126.368,-11.523,10.5259,45.6871], "q": [-1.16485,1.02706,-0.0209677,-1.43938,-2.88964,2.21879,0.641343], "dq": [-0.000337302,-0.000372324,0.000833248,0.00065323,0.00432392,0.000141413,-0.00124388], "q_d": [-1.16484,1.02708,-0.0209706,-1.43949,-2.88963,2.21874,0.641378], "dq_d": [0,0,0,0,0,0,0], "ddq_d": [0,0,0,0,0,0,0], "joint_contact": [0,0,0,0,0,0,0], "cartesian_contact": [0,0,0,0,0,0], "joint_collision": [0,0,0,0,0,0,0], "cartesian_collision": [0,0,0,0,0,0], "tau_ext_hat_filtered": [0.168487,0.907941,0.347181,-1.38118,0.168718,-0.764856,0.160969], "O_F_ext_hat_K": [-2.14822,7.32105,-0.763193,-1.54477,-0.491165,0.245086], "K_F_ext_hat_K": [0.652041,-0.683933,-7.60935,0.207688,-1.52082,0.215515], "O_dP_EE_d": [0,0,0,0,0,0], "O_ddP_O": [0,0,-9.81], "O_T_EE_c": [-0.00214087,-0.0157195,-0.999865,0,0.980999,0.193895,-0.00514882,0,0.193953,-0.980896,0.015006,0,0.288116,-0.776298,0.0937405,1], "O_dP_EE_c": [0,0,0,0,0,0], "O_ddP_EE_c": [0,0,0,0,0,0], "theta": [-1.16484,1.02364,-0.0210091,-1.43822,-2.88967,2.21852,0.641362], "dtheta": [0,0,0,0,0,0,0], "current_errors": [], "last_motion_errors": ["joint_position_limits_violation"], "control_command_success_rate": 0, "robot_mode": "User stopped", "time": 2229761}