{"O_T_EE": [-0.0142322,0.0125421,-0.99981,0,0.999705,0.0193645,-0.0139878,0,0.0191858,-0.999734,-0.0128142,0,0.144083,-0.818234,0.0933612,1], "O_T_EE_d": [-0.0142137,0.0125763,-0.99981,0,0.999706,0.0193343,-0.013969,0,0.0191553,-0.999734,-0.0128476,0,0.144077,-0.818196,0.0933083,1], "F_T_NE": [0.7071,-0.7071,0,0,0.7071,0.7071,0,0,0,0,1,0,0,0,0.1034,1], "NE_T_EE": [1,0,0,0,0,1,0,0,0,0,1,0,0,0,0,1], "F_T_EE": [0.7071,-0.7071,0,0,0.7071,0.7071,0,0,0,0,1,0,0,0,0.1034,1], "EE_T_K": [1,0,0,0,0,1,0,0,0,0,1,0,0,0,0,1], "m_ee": 0.73, "F_x_Cee": [-0.01,0,0.03], "I_ee": [0.001,0,0,0,0.0025,0,0,0,0.0017], "m_load": 0, "F_x_Cload": [0,0,0], "I_load": [0,0,0,0,0,0,0,0,0], "m_total": 0.73, "F_x_Ctotal": [-0.01,0,0.03], "I_total": [0.001,0,0,0,0.0025,0,0,0,0.0017], "elbow": [-0.0270269,-1], "elbow_d": [-0.027007,-1], "elbow_c": [-0.027007,-1], "delbow_c": [0,0], "ddelbow_c": [0,0], "tau_J": [0.374093,-49.0896,-0.590802,16.5311,-0.143307,-2.38802,0.0514724], "tau_J_d": [0,0,0,0,0,0,0], "dtau_J": [-84.2302,-18.0624,-67.5923,-82.1538,-4.6491,-14.7485,-64.9539], "q": [-1.34427,1.02904,-0.0270269,-1.41782,-2.88882,2.26734,0.63329], "dq": [0.00101039,-0.000981836,0.00436831,0.000568821,0.00472042,7.93495e-05,0.000518551], "q_d": [-1.34427,1.02904,-0.027007,-1.41797,-2.8888,2.26722,0.633304], "dq_d": [0,0,0,0,0,0,0], "ddq_d": [0,0,0,0,0,0,0], "joint_contact": [0,0,0,0,0,0,0], "cartesian_contact": [0,0,0,0,0,0], "joint_collision": [0,0,0,0,0,0,0], "cartesian_collision": [0,0,0,0,0,0], "tau_ext_hat_filtered": [0.389366,0.781309,0.437732,-1.57245,0.306708,-0.791246,0.085902], "O_F_ext_hat_K": [-0.486069,9.32506,-0.211575,-2.30353,-0.160051,0.436699], "K_F_ext_hat_K": [0.335414,-0.302397,-9.32919,0.530096,-1.60131,0.120828], "O_dP_EE_d": [0,0,0,0,0,0], "O_ddP_O": [0,0,-9.81], "O_T_EE_c": [-0.0142137,0.0125763,-0.99981,0,0.999706,0.0193343,-0.013969,0,0.0191553,-0.999734,-0.0128476,0,0.144077,-0.818196,0.0933083,1], "O_dP_EE_c": [0,0,0,0,0,0], "O_ddP_EE_c": [0,0,0,0,0,0], "theta": [-1.34424,1.02559,-0.0270684,-1.41666,-2.88884,2.26708,0.633294], "dtheta": [0,0,0,0,0,0,0], "current_errors": [], "last_motion_errors": ["joint_position_limits_violation"], "control_command_success_rate": 0, "robot_mode": "User stopped", "time": 2408221}