{"O_T_EE": [0.0122203,-0.0255543,-0.999589,0,-0.902707,-0.430233,-3.70601e-05,0,-0.430063,0.902354,-0.0283262,0,-0.5198,0.694792,0.295446,1], "O_T_EE_d": [0.0121461,-0.0254506,-0.999593,0,-0.902741,-0.430163,-1.69055e-05,0,-0.429996,0.90239,-0.0282006,0,-0.519745,0.694833,0.29553,1], "F_T_NE": [0.7071,-0.7071,0,0,0.7071,0.7071,0,0,0,0,1,0,0,0,0.1034,1], "NE_T_EE": [1,0,0,0,0,1,0,0,0,0,1,0,0,0,0,1], "F_T_EE": [0.7071,-0.7071,0,0,0.7071,0.7071,0,0,0,0,1,0,0,0,0.1034,1], "EE_T_K": [1,0,0,0,0,1,0,0,0,0,1,0,0,0,0,1], "m_ee": 0.73, "F_x_Cee": [-0.01,0,0.03], "I_ee": [0.001,0,0,0,0.0025,0,0,0,0.0017], "m_load": 0, "F_x_Cload": [0,0,0], "I_load": [0,0,0,0,0,0,0,0,0], "m_total": 0.73, "F_x_Ctotal": [-0.01,0,0.03], "I_total": [0.001,0,0,0,0.0025,0,0,0,0.0017], "elbow": [-1.01525,-1], "elbow_d": [-1.01533,-1], "elbow_c": [-1.01533,-1], "delbow_c": [0,0], "ddelbow_c": [0,0], "tau_J": [0.227303,-46.3363,-19.7528,12.9684,-0.9389,-2.39809,0.071614], "tau_J_d": [0,0,0,0,0,0,0], "dtau_J": [-1.57465,25.9578,-137.889,-60.4325,14.7183,10.6794,-8.57886], "q": [2.85551,1.11318,-1.01525,-1.1651,-2.64476,2.88598,1.1835], "dq": [0.000236156,-0.000380718,0.00146951,0.00066914,-0.000134408,-0.000456589,0.000333679], "q_d": [2.85549,1.1131,-1.01533,-1.16516,-2.64475,2.88592,1.18351], "dq_d": [0,0,0,0,0,0,0], "ddq_d": [0,0,0,0,0,0,0], "joint_contact": [0,0,0,0,0,0,0], "cartesian_contact": [0,0,0,0,0,0], "joint_collision": [0,0,0,0,0,0,0], "cartesian_collision": [0,0,0,0,0,0], "tau_ext_hat_filtered": [0.211215,-0.321327,-0.0798381,-0.77226,0.463344,-0.956867,0.102341], "O_F_ext_hat_K": [5.68522,-7.75263,-1.89712,3.01854,1.99289,0.273449], "K_F_ext_hat_K": [2.16397,-1.79662,-9.38689,-0.201834,-2.40621,0.286996], "O_dP_EE_d": [0,0,0,0,0,0], "O_ddP_O": [0,0,-9.81], "O_T_EE_c": [0.0121461,-0.0254506,-0.999593,0,-0.902741,-0.430163,-1.69055e-05,0,-0.429996,0.90239,-0.0282006,0,-0.519745,0.694833,0.29553,1], "O_dP_EE_c": [0,0,0,0,0,0], "O_ddP_EE_c": [0,0,0,0,0,0], "theta": [2.85552,1.10993,-1.01664,-1.16419,-2.64487,2.88572,1.18351], "dtheta": [0,0,0,0,0,0,0], "current_errors": [], "last_motion_errors": ["cartesian_reflex"], "control_command_success_rate": 0, "robot_mode": "User stopped", "time": 2560838}