{"O_T_EE": [0.00410031,0.0200987,-0.99978,0,-0.943071,-0.332395,-0.0105499,0,-0.332541,0.942925,0.0175919,0,-0.43482,0.747663,0.296543,1], "O_T_EE_d": [0.00403724,0.0201628,-0.999779,0,-0.943112,-0.33228,-0.0105096,0,-0.332425,0.942964,0.0176746,0,-0.434736,0.747697,0.296592,1], "F_T_NE": [0.7071,-0.7071,0,0,0.7071,0.7071,0,0,0,0,1,0,0,0,0.1034,1], "NE_T_EE": [1,0,0,0,0,1,0,0,0,0,1,0,0,0,0,1], "F_T_EE": [0.7071,-0.7071,0,0,0.7071,0.7071,0,0,0,0,1,0,0,0,0.1034,1], "EE_T_K": [1,0,0,0,0,1,0,0,0,0,1,0,0,0,0,1], "m_ee": 0.73, "F_x_Cee": [-0.01,0,0.03], "I_ee": [0.001,0,0,0,0.0025,0,0,0,0.0017], "m_load": 0, "F_x_Cload": [0,0,0], "I_load": [0,0,0,0,0,0,0,0,0], "m_total": 0.73, "F_x_Ctotal": [-0.01,0,0.03], "I_total": [0.001,0,0,0,0.0025,0,0,0,0.0017], "elbow": [-0.919472,-1], "elbow_d": [-0.91954,-1], "elbow_c": [-0.91954,-1], "delbow_c": [0,0], "ddelbow_c": [0,0], "tau_J": [0.263009,-45.9594,-18.4793,14.2697,-0.674313,-2.47865,0.132954], "tau_J_d": [0,0,0,0,0,0,0], "dtau_J": [-95.9519,-108.262,-85.846,56.1062,3.25393,-7.19952,-24.4298], "q": [2.72128,1.03739,-0.919472,-1.24406,-2.64469,2.7695,1.07178], "dq": [-0.00017564,0.000981237,0.000545013,0.000102197,-0.000260915,0.000170866,-0.000196428], "q_d": [2.72126,1.03731,-0.91954,-1.24419,-2.64467,2.76943,1.0718], "dq_d": [0,0,0,0,0,0,0], "ddq_d": [0,0,0,0,0,0,0], "joint_contact": [0,0,0,0,0,0,0], "cartesian_contact": [0,0,0,0,0,0], "joint_collision": [0,0,0,0,0,0,0], "cartesian_collision": [0,0,0,0,0,0], "tau_ext_hat_filtered": [0.260926,-0.364509,-0.165258,-1.18892,0.481337,-0.85683,0.157567], "O_F_ext_hat_K": [5.74025,-10.6484,-1.66488,4.10337,2.00564,0.303623], "K_F_ext_hat_K": [1.47406,-1.85645,-11.9788,0.0643295,-2.40696,0.239678], "O_dP_EE_d": [0,0,0,0,0,0], "O_ddP_O": [0,0,-9.81], "O_T_EE_c": [0.00403724,0.0201628,-0.999779,0,-0.943112,-0.33228,-0.0105096,0,-0.332425,0.942964,0.0176746,0,-0.434736,0.747697,0.296592,1], "O_dP_EE_c": [0,0,0,0,0,0], "O_ddP_EE_c": [0,0,0,0,0,0], "theta": [2.72129,1.03416,-0.920769,-1.24306,-2.64477,2.76923,1.0718], "dtheta": [0,0,0,0,0,0,0], "current_errors": [], "last_motion_errors": ["cartesian_reflex"], "control_command_success_rate": 0, "robot_mode": "User stopped", "time": 2531647}