{"O_T_EE": [0.00120208,-0.00311269,-0.999985,0,-0.740663,0.671855,-0.00298166,0,0.671867,0.74067,-0.00149786,0,0.430547,0.725068,0.312036,1], "O_T_EE_d": [0.0012446,-0.00294701,-0.999985,0,-0.740744,0.671766,-0.00290167,0,0.671778,0.740751,-0.00134693,0,0.430412,0.725145,0.312133,1], "F_T_NE": [0.7071,-0.7071,0,0,0.7071,0.7071,0,0,0,0,1,0,0,0,0.1034,1], "NE_T_EE": [1,0,0,0,0,1,0,0,0,0,1,0,0,0,0,1], "F_T_EE": [0.7071,-0.7071,0,0,0.7071,0.7071,0,0,0,0,1,0,0,0,0.1034,1], "EE_T_K": [1,0,0,0,0,1,0,0,0,0,1,0,0,0,0,1], "m_ee": 0.73, "F_x_Cee": [-0.01,0,0.03], "I_ee": [0.001,0,0,0,0.0025,0,0,0,0.0017], "m_load": 0, "F_x_Cload": [0,0,0], "I_load": [0,0,0,0,0,0,0,0,0], "m_total": 0.73, "F_x_Ctotal": [-0.01,0,0.03], "I_total": [0.001,0,0,0,0.0025,0,0,0,0.0017], "elbow": [-2.35023,-1], "elbow_d": [-2.35005,-1], "elbow_c": [-2.35005,-1], "delbow_c": [0,0], "ddelbow_c": [0,0], "tau_J": [1.08424,43.4275,16.2067,16.6104,0.194523,-2.2278,0.000202917], "tau_J_d": [0,0,0,0,0,0,0], "dtau_J": [-145.713,-18.1005,-71.25,-56.4843,41.1731,20.0138,-4.64021], "q": [-2.68653,-0.843046,-2.35023,-1.49889,-2.86726,2.41327,0.00532577], "dq": [0.00105566,-0.000636614,8.76567e-05,0.00280313,-0.000850755,-0.000228055,0.000576924], "q_d": [-2.68646,-0.842979,-2.35005,-1.49896,-2.86725,2.41314,0.00531432], "dq_d": [0,0,0,0,0,0,0], "ddq_d": [0,0,0,0,0,0,0], "joint_contact": [0,0,0,0,0,0,0], "cartesian_contact": [0,0,0,0,0,0], "joint_collision": [0,0,0,0,0,0,0], "cartesian_collision": [0,0,0,0,0,0], "tau_ext_hat_filtered": [1.13449,0.519145,0.852727,-1.18422,0.101864,-1.05487,0.0561739], "O_F_ext_hat_K": [-7.23529,-5.70724,-0.924328,2.24742,-2.81831,1.13358], "K_F_ext_hat_K": [0.933399,1.52726,-9.08695,1.65959,-1.48115,0.0562151], "O_dP_EE_d": [0,0,0,0,0,0], "O_ddP_O": [0,0,-9.81], "O_T_EE_c": [0.0012446,-0.00294701,-0.999985,0,-0.740744,0.671766,-0.00290167,0,0.671778,0.740751,-0.00134693,0,0.430412,0.725145,0.312133,1], "O_dP_EE_c": [0,0,0,0,0,0], "O_ddP_EE_c": [0,0,0,0,0,0], "theta": [-2.68645,-0.839998,-2.34909,-1.49773,-2.86724,2.41302,0.00532579], "dtheta": [0,0,0,0,0,0,0], "current_errors": [], "last_motion_errors": ["cartesian_reflex"], "control_command_success_rate": 0, "robot_mode": "User stopped", "time": 3347679}