{"O_T_EE": [-0.0264712,0.0565076,-0.998042,0,0.867979,0.496555,0.00509259,0,0.49588,-0.866161,-0.062193,0,0.51471,-0.664609,0.296587,1], "O_T_EE_d": [-0.0264962,0.0565102,-0.998041,0,0.86798,0.496553,0.00507212,0,0.495877,-0.866162,-0.0622077,0,0.514715,-0.664581,0.296566,1], "F_T_NE": [0.7071,-0.7071,0,0,0.7071,0.7071,0,0,0,0,1,0,0,0,0.1034,1], "NE_T_EE": [1,0,0,0,0,1,0,0,0,0,1,0,0,0,0,1], "F_T_EE": [0.7071,-0.7071,0,0,0.7071,0.7071,0,0,0,0,1,0,0,0,0.1034,1], "EE_T_K": [1,0,0,0,0,1,0,0,0,0,1,0,0,0,0,1], "m_ee": 0.73, "F_x_Cee": [-0.01,0,0.03], "I_ee": [0.001,0,0,0,0.0025,0,0,0,0.0017], "m_load": 0, "F_x_Cload": [0,0,0], "I_load": [0,0,0,0,0,0,0,0,0], "m_total": 0.73, "F_x_Ctotal": [-0.01,0,0.03], "I_total": [0.001,0,0,0,0.0025,0,0,0,0.0017], "elbow": [0.770795,-1], "elbow_d": [0.770809,-1], "elbow_c": [0.770809,-1], "delbow_c": [0,0], "ddelbow_c": [0,0], "tau_J": [0.0368734,-43.4719,15.08,16.3803,0.313541,-1.95772,0.0111892], "tau_J_d": [0,0,0,0,0,0,0], "dtau_J": [-95.0244,190.891,-81.2797,-194.097,-0.813679,-2.39727,-2.07822], "q": [-1.49181,0.848674,0.770795,-1.47697,-2.89329,2.52267,0.0397081], "dq": [-0.00318086,-0.00171243,0.00168882,0.00179616,-0.000166277,-0.00470798,0.000935884], "q_d": [-1.49182,0.848641,0.770809,-1.47709,-2.89328,2.52259,0.0396965], "dq_d": [0,0,0,0,0,0,0], "ddq_d": [0,0,0,0,0,0,0], "joint_contact": [0,0,0,0,0,0,0], "cartesian_contact": [0,0,0,0,0,0], "joint_collision": [0,0,0,0,0,0,0], "cartesian_collision": [0,0,0,0,0,0], "tau_ext_hat_filtered": [0.103731,-0.39396,0.0841736,-1.33182,0.0746458,-0.867938,0.0289554], "O_F_ext_hat_K": [-4.93404,9.36036,-0.916722,-3.51003,-1.69234,0.103944], "K_F_ext_hat_K": [1.5745,0.360624,-10.4973,1.42786,-1.52121,0.0302168], "O_dP_EE_d": [0,0,0,0,0,0], "O_ddP_O": [0,0,-9.81], "O_T_EE_c": [-0.0264962,0.0565102,-0.998041,0,0.86798,0.496553,0.00507212,0,0.495877,-0.866162,-0.0622077,0,0.514715,-0.664581,0.296566,1], "O_dP_EE_c": [0,0,0,0,0,0], "O_ddP_EE_c": [0,0,0,0,0,0], "theta": [-1.49181,0.845623,0.771854,-1.47582,-2.89326,2.52245,0.0397109], "dtheta": [0,0,0,0,0,0,0], "current_errors": [], "last_motion_errors": ["cartesian_reflex"], "control_command_success_rate": 0, "robot_mode": "User stopped", "time": 4698275}