{"O_T_EE": [-0.0126576,-0.0143624,-0.999807,0,-0.530059,0.847932,-0.00547011,0,0.847863,0.529898,-0.0183461,0,0.608222,0.578838,0.397912,1], "O_T_EE_d": [-0.0124733,-0.0141448,-0.999813,0,-0.530243,0.847818,-0.00537936,0,0.847751,0.530086,-0.0180757,0,0.608158,0.578935,0.398032,1], "F_T_NE": [0.7071,-0.7071,0,0,0.7071,0.7071,0,0,0,0,1,0,0,0,0.1034,1], "NE_T_EE": [1,0,0,0,0,1,0,0,0,0,1,0,0,0,0,1], "F_T_EE": [0.7071,-0.7071,0,0,0.7071,0.7071,0,0,0,0,1,0,0,0,0.1034,1], "EE_T_K": [1,0,0,0,0,1,0,0,0,0,1,0,0,0,0,1], "m_ee": 0.73, "F_x_Cee": [-0.01,0,0.03], "I_ee": [0.001,0,0,0,0.0025,0,0,0,0.0017], "m_load": 0, "F_x_Cload": [0,0,0], "I_load": [0,0,0,0,0,0,0,0,0], "m_total": 0.73, "F_x_Ctotal": [-0.01,0,0.03], "I_total": [0.001,0,0,0,0.0025,0,0,0,0.0017], "elbow": [-1.1343,-1], "elbow_d": [-1.13438,-1], "elbow_c": [-1.13438,-1], "delbow_c": [0,0], "ddelbow_c": [0,0], "tau_J": [0.18763,-41.8136,-20.0543,13.9642,-1.2868,-2.6288,0.0926712], "tau_J_d": [0,0,0,0,0,0,0], "dtau_J": [-0.0996985,62.7588,-101.415,69.1515,-22.3565,28.2512,-53.8226], "q": [1.52264,0.976235,-1.1343,-1.24525,-2.86355,2.98029,1.35699], "dq": [-0.000562238,-0.000862029,0.00212055,-0.000166895,-6.10268e-05,-6.77466e-05,0.00130935], "q_d": [1.52278,0.976176,-1.13438,-1.24522,-2.86352,2.98011,1.35704], "dq_d": [0,0,0,0,0,0,0], "ddq_d": [0,0,0,0,0,0,0], "joint_contact": [0,0,0,0,0,0,0], "cartesian_contact": [0,0,0,0,0,0], "joint_collision": [0,0,0,0,0,0,0], "cartesian_collision": [0,0,0,0,0,0], "tau_ext_hat_filtered": [0.153303,-0.20898,0.102121,-0.407119,0.478427,-1.29611,0.132983], "O_F_ext_hat_K": [-4.23459,-5.84383,-3.27368,2.05294,-1.55811,0.201358], "K_F_ext_hat_K": [3.41064,-2.69273,-6.62692,-1.29812,-2.44802,0.363905], "O_dP_EE_d": [0,0,0,0,0,0], "O_ddP_O": [0,0,-9.81], "O_T_EE_c": [-0.0124733,-0.0141448,-0.999813,0,-0.530243,0.847818,-0.00537936,0,0.847751,0.530086,-0.0180757,0,0.608158,0.578935,0.398032,1], "O_dP_EE_c": [0,0,0,0,0,0], "O_ddP_EE_c": [0,0,0,0,0,0], "theta": [1.52265,0.973301,-1.1357,-1.24427,-2.86369,2.98,1.357], "dtheta": [0,0,0,0,0,0,0], "current_errors": [], "last_motion_errors": ["cartesian_reflex"], "control_command_success_rate": 0, "robot_mode": "User stopped", "time": 10293156}