{"O_T_EE": [0.0224978,-0.0297486,-0.999295,0,-0.597033,0.801337,-0.0372969,0,0.801897,0.597463,0.000267365,0,0.573072,0.61559,0.398613,1], "O_T_EE_d": [0.0226412,-0.0296919,-0.999293,0,-0.597012,0.801351,-0.0373371,0,0.801909,0.597447,0.0004171,0,0.573126,0.615554,0.398633,1], "F_T_NE": [0.7071,-0.7071,0,0,0.7071,0.7071,0,0,0,0,1,0,0,0,0.1034,1], "NE_T_EE": [1,0,0,0,0,1,0,0,0,0,1,0,0,0,0,1], "F_T_EE": [0.7071,-0.7071,0,0,0.7071,0.7071,0,0,0,0,1,0,0,0,0.1034,1], "EE_T_K": [1,0,0,0,0,1,0,0,0,0,1,0,0,0,0,1], "m_ee": 0.73, "F_x_Cee": [-0.01,0,0.03], "I_ee": [0.001,0,0,0,0.0025,0,0,0,0.0017], "m_load": 0, "F_x_Cload": [0,0,0], "I_load": [0,0,0,0,0,0,0,0,0], "m_total": 0.73, "F_x_Ctotal": [-0.01,0,0.03], "I_total": [0.001,0,0,0,0.0025,0,0,0,0.0017], "elbow": [-1.08329,-1], "elbow_d": [-1.08336,-1], "elbow_c": [-1.08336,-1], "delbow_c": [0,0], "ddelbow_c": [0,0], "tau_J": [-0.970817,-40.6075,-19.0426,14.3094,-1.27765,-2.65901,0.071614], "tau_J_d": [0,0,0,0,0,0,0], "dtau_J": [-102.766,90.6411,102.237,35.3198,-0.961145,-30.866,-56.4059], "q": [1.56594,0.933876,-1.08329,-1.27199,-2.8638,2.92669,1.26798], "dq": [0.00127542,-0.000649156,-0.000702551,-0.000991072,-0.000103517,0.000692491,0.00196123], "q_d": [1.56591,0.933912,-1.08336,-1.27205,-2.86379,2.92649,1.26799], "dq_d": [0,0,0,0,0,0,0], "ddq_d": [0,0,0,0,0,0,0], "joint_contact": [0,0,0,0,0,0,0], "cartesian_contact": [0,0,0,0,0,0], "joint_collision": [0,0,0,0,0,0,0], "cartesian_collision": [0,0,0,0,0,0], "tau_ext_hat_filtered": [-0.902493,0.85748,0.144805,-1.09086,0.340955,-1.21172,0.117939], "O_F_ext_hat_K": [-1.24052,-4.64446,-4.72746,0.63866,0.330414,-0.869651], "K_F_ext_hat_K": [4.83448,-2.80488,-3.77093,-0.933367,-2.56183,0.235705], "O_dP_EE_d": [0,0,0,0,0,0], "O_ddP_O": [0,0,-9.81], "O_T_EE_c": [0.0226412,-0.0296919,-0.999293,0,-0.597012,0.801351,-0.0373371,0,0.801909,0.597447,0.0004171,0,0.573126,0.615554,0.398633,1], "O_dP_EE_c": [0,0,0,0,0,0], "O_ddP_EE_c": [0,0,0,0,0,0], "theta": [1.56587,0.931027,-1.08463,-1.27099,-2.86395,2.92639,1.26799], "dtheta": [0,0,0,0,0,0,0], "current_errors": [], "last_motion_errors": ["cartesian_reflex"], "control_command_success_rate": 0, "robot_mode": "User stopped", "time": 10263973}