{"O_T_EE": [-0.0160752,0.00980701,-0.999813,0,-0.226934,0.973811,0.0132007,0,0.973777,0.227109,-0.0134289,0,0.772816,0.317583,0.39893,1], "O_T_EE_d": [-0.0159451,0.00985981,-0.999815,0,-0.226692,0.973867,0.0132192,0,0.973836,0.226865,-0.0132936,0,0.772834,0.317567,0.399005,1], "F_T_NE": [0.7071,-0.7071,0,0,0.7071,0.7071,0,0,0,0,1,0,0,0,0.1034,1], "NE_T_EE": [1,0,0,0,0,1,0,0,0,0,1,0,0,0,0,1], "F_T_EE": [0.7071,-0.7071,0,0,0.7071,0.7071,0,0,0,0,1,0,0,0,0.1034,1], "EE_T_K": [1,0,0,0,0,1,0,0,0,0,1,0,0,0,0,1], "m_ee": 0.73, "F_x_Cee": [-0.01,0,0.03], "I_ee": [0.001,0,0,0,0.0025,0,0,0,0.0017], "m_load": 0, "F_x_Cload": [0,0,0], "I_load": [0,0,0,0,0,0,0,0,0], "m_total": 0.73, "F_x_Ctotal": [-0.01,0,0.03], "I_total": [0.001,0,0,0,0.0025,0,0,0,0.0017], "elbow": [1.43445,-1], "elbow_d": [1.43455,-1], "elbow_c": [1.43455,-1], "delbow_c": [0,0], "ddelbow_c": [0,0], "tau_J": [-0.371757,-37.4377,26.9699,8.21563,0.633061,-1.75722,-0.0199387], "tau_J_d": [0,0,0,0,0,0,0], "dtau_J": [81.0096,133.749,6.65615,-97.8484,-0.569186,8.70715,-57.6961], "q": [-0.532783,1.22367,1.43445,-1.52566,-2.89387,2.417,-0.617253], "dq": [-0.000315281,-0.000969115,-0.00140614,-0.000105888,1.55296e-06,-0.00022689,0.00065619], "q_d": [-0.532759,1.22367,1.43455,-1.52566,-2.89391,2.41667,-0.617273], "dq_d": [0,0,0,0,0,0,0], "ddq_d": [0,0,0,0,0,0,0], "joint_contact": [0,0,0,0,0,0,0], "cartesian_contact": [0,0,0,0,0,0], "joint_collision": [0,0,0,0,0,0,0], "cartesian_collision": [0,0,0,0,0,0], "tau_ext_hat_filtered": [-0.386703,-0.112328,-0.393797,-0.0191533,0.0365479,-1.5353,0.0113791], "O_F_ext_hat_K": [-4.81818,0.437303,-0.976997,-0.426599,-1.55458,-0.389323], "K_F_ext_hat_K": [1.05858,1.50639,-4.5794,2.25232,-0.420392,-0.00108287], "O_dP_EE_d": [0,0,0,0,0,0], "O_ddP_O": [0,0,-9.81], "O_T_EE_c": [-0.0159451,0.00985981,-0.999815,0,-0.226692,0.973867,0.0132192,0,0.973836,0.226865,-0.0132936,0,0.772834,0.317567,0.399005,1], "O_dP_EE_c": [0,0,0,0,0,0], "O_ddP_EE_c": [0,0,0,0,0,0], "theta": [-0.532809,1.22104,1.43634,-1.52508,-2.8938,2.4168,-0.617255], "dtheta": [0,0,0,0,0,0,0], "current_errors": [], "last_motion_errors": ["cartesian_reflex"], "control_command_success_rate": 0, "robot_mode": "User stopped", "time": 10794985}