{"O_T_EE": [-0.00328074,0.0104399,-0.99993,0,0.987423,0.158034,-0.00158972,0,0.15801,-0.987378,-0.0108273,0,0.248984,-0.807196,0.395727,1], "O_T_EE_d": [-0.00330696,0.0102807,-0.999932,0,0.987506,0.157513,-0.00164641,0,0.157488,-0.987463,-0.0106734,0,0.248749,-0.807284,0.395804,1], "F_T_NE": [0.7071,-0.7071,0,0,0.7071,0.7071,0,0,0,0,1,0,0,0,0.1034,1], "NE_T_EE": [1,0,0,0,0,1,0,0,0,0,1,0,0,0,0,1], "F_T_EE": [0.7071,-0.7071,0,0,0.7071,0.7071,0,0,0,0,1,0,0,0,0.1034,1], "EE_T_K": [1,0,0,0,0,1,0,0,0,0,1,0,0,0,0,1], "m_ee": 0.73, "F_x_Cee": [-0.01,0,0.03], "I_ee": [0.001,0,0,0,0.0025,0,0,0,0.0017], "m_load": 0, "F_x_Cload": [0,0,0], "I_load": [0,0,0,0,0,0,0,0,0], "m_total": 0.73, "F_x_Ctotal": [-0.01,0,0.03], "I_total": [0.001,0,0,0,0.0025,0,0,0,0.0017], "elbow": [1.38625,-1], "elbow_d": [1.38628,-1], "elbow_c": [1.38628,-1], "delbow_c": [0,0], "ddelbow_c": [0,0], "tau_J": [-0.558219,-39.2468,26.6684,8.98132,0.596439,-1.7975,0.0615432], "tau_J_d": [0,0,0,0,0,0,0], "dtau_J": [-85.1853,54.3759,10.0334,67.04,16.7781,17.7666,41.0521], "q": [-2.15668,1.19667,1.38625,-1.46508,-2.89742,2.4736,-0.587421], "dq": [0.000255035,-0.000554136,-0.00077037,-0.000834495,9.81519e-05,-5.91654e-05,-0.000436844], "q_d": [-2.1569,1.19659,1.38628,-1.46507,-2.89744,2.47329,-0.587428], "dq_d": [0,0,0,0,0,0,0], "ddq_d": [0,0,0,0,0,0,0], "joint_contact": [0,0,0,0,0,0,0], "cartesian_contact": [0,0,0,0,0,0], "joint_collision": [0,0,0,0,0,0,0], "cartesian_collision": [0,0,0,0,0,0], "tau_ext_hat_filtered": [-0.527873,-0.569312,0.119558,-0.107815,-0.117814,-1.51704,0.0337354], "O_F_ext_hat_K": [0.0176761,6.98017,-0.6355,-2.9845,0.0394666,-0.529011], "K_F_ext_hat_K": [0.708284,1.12159,-6.88239,2.2822,-0.7423,0.0326964], "O_dP_EE_d": [0,0,0,0,0,0], "O_ddP_O": [0,0,-9.81], "O_T_EE_c": [-0.00330696,0.0102807,-0.999932,0,0.987506,0.157513,-0.00164641,0,0.157488,-0.987463,-0.0106734,0,0.248749,-0.807284,0.395804,1], "O_dP_EE_c": [0,0,0,0,0,0], "O_ddP_EE_c": [0,0,0,0,0,0], "theta": [-2.15672,1.19391,1.38812,-1.46445,-2.89735,2.47341,-0.587414], "dtheta": [0,0,0,0,0,0,0], "current_errors": ["joint_position_limits_violation"], "last_motion_errors": ["joint_position_limits_violation"], "control_command_success_rate": 0, "robot_mode": "User stopped", "time": 12141098}