{"O_T_EE": [-0.0355751,0.00745017,-0.99933,0,-0.983408,-0.178201,0.0336798,0,-0.177834,0.983966,0.0136663,0,-0.321823,0.779286,0.495086,1], "O_T_EE_d": [-0.0356705,0.00747784,-0.999326,0,-0.983499,-0.177678,0.033776,0,-0.177309,0.98406,0.0136926,0,-0.321624,0.779369,0.495177,1], "F_T_NE": [0.7071,-0.7071,0,0,0.7071,0.7071,0,0,0,0,1,0,0,0,0.1034,1], "NE_T_EE": [1,0,0,0,0,1,0,0,0,0,1,0,0,0,0,1], "F_T_EE": [0.7071,-0.7071,0,0,0.7071,0.7071,0,0,0,0,1,0,0,0,0.1034,1], "EE_T_K": [1,0,0,0,0,1,0,0,0,0,1,0,0,0,0,1], "m_ee": 0.73, "F_x_Cee": [-0.01,0,0.03], "I_ee": [0.001,0,0,0,0.0025,0,0,0,0.0017], "m_load": 0, "F_x_Cload": [0,0,0], "I_load": [0,0,0,0,0,0,0,0,0], "m_total": 0.73, "F_x_Ctotal": [-0.01,0,0.03], "I_total": [0.001,0,0,0,0.0025,0,0,0,0.0017], "elbow": [1.78561,-1], "elbow_d": [1.78573,-1], "elbow_c": [1.78573,-1], "delbow_c": [0,0], "ddelbow_c": [0,0], "tau_J": [-1.86742,-40.4925,29.4812,0.586542,0.386784,-1.28664,0.132954], "tau_J_d": [0,0,0,0,0,0,0], "dtau_J": [115.751,64.4612,-27.3728,-63.1364,7.93303,-9.89638,4.78393], "q": [1.10723,1.48573,1.78561,-1.44689,-2.89612,2.30232,-1.04081], "dq": [-0.001129,-0.000510569,0.000239097,0.00020613,0.000188342,0.000346067,-0.000335619], "q_d": [1.10709,1.48567,1.78573,-1.44687,-2.89614,2.30193,-1.04077], "dq_d": [0,0,0,0,0,0,0], "ddq_d": [0,0,0,0,0,0,0], "joint_contact": [0,0,0,0,0,0,0], "cartesian_contact": [0,0,0,0,0,0], "joint_collision": [0,0,0,0,0,0,0], "cartesian_collision": [0,0,0,0,0,0], "tau_ext_hat_filtered": [-1.83364,-0.914364,1.25169,0.388603,-0.109576,-1.71572,0.123784], "O_F_ext_hat_K": [2.87116,-7.91553,0.975997,4.0923,1.79628,-1.83719], "K_F_ext_hat_K": [-1.13648,-1.38012,-8.28586,2.16704,0.494202,0.134803], "O_dP_EE_d": [0,0,0,0,0,0], "O_ddP_O": [0,0,-9.81], "O_T_EE_c": [-0.0356705,0.00747784,-0.999326,0,-0.983499,-0.177678,0.033776,0,-0.177309,0.98406,0.0136926,0,-0.321624,0.779369,0.495177,1], "O_dP_EE_c": [0,0,0,0,0,0], "O_ddP_EE_c": [0,0,0,0,0,0], "theta": [1.1071,1.48289,1.78768,-1.44685,-2.89607,2.30217,-1.0408], "dtheta": [0,0,0,0,0,0,0], "current_errors": [], "last_motion_errors": ["joint_position_limits_violation"], "control_command_success_rate": 0, "robot_mode": "User stopped", "time": 15264092}