{"O_T_EE": [-0.0421929,-0.00743164,-0.999072,0,-0.991574,-0.122193,0.0427851,0,-0.1224,0.992478,-0.00221338,0,-0.274172,0.796518,0.494906,1], "O_T_EE_d": [-0.0422913,-0.00733809,-0.999069,0,-0.991628,-0.121722,0.0428703,0,-0.121926,0.992537,-0.00212892,0,-0.273965,0.796572,0.495037,1], "F_T_NE": [0.7071,-0.7071,0,0,0.7071,0.7071,0,0,0,0,1,0,0,0,0.1034,1], "NE_T_EE": [1,0,0,0,0,1,0,0,0,0,1,0,0,0,0,1], "F_T_EE": [0.7071,-0.7071,0,0,0.7071,0.7071,0,0,0,0,1,0,0,0,0.1034,1], "EE_T_K": [1,0,0,0,0,1,0,0,0,0,1,0,0,0,0,1], "m_ee": 0.73, "F_x_Cee": [-0.01,0,0.03], "I_ee": [0.001,0,0,0,0.0025,0,0,0,0.0017], "m_load": 0, "F_x_Cload": [0,0,0], "I_load": [0,0,0,0,0,0,0,0,0], "m_total": 0.73, "F_x_Ctotal": [-0.01,0,0.03], "I_total": [0.001,0,0,0,0.0025,0,0,0,0.0017], "elbow": [1.82376,-1], "elbow_d": [1.82391,-1], "elbow_c": [1.82391,-1], "delbow_c": [0,0], "ddelbow_c": [0,0], "tau_J": [-1.37945,-40.8337,29.4058,-1.02418,0.377628,-1.10628,0.214436], "tau_J_d": [0,0,0,0,0,0,0], "dtau_J": [96.0715,-3.31654,84.7943,-30.503,7.24507,0.805864,73.3076], "q": [1.05442,1.52786,1.82376,-1.45304,-2.89352,2.2897,-1.08804], "dq": [0.000128485,-0.00028739,-0.000739636,-0.00235716,-9.60959e-05,-1.75125e-05,-0.00262451], "q_d": [1.05424,1.52776,1.82391,-1.45305,-2.89355,2.28938,-1.08799], "dq_d": [0,0,0,0,0,0,0], "ddq_d": [0,0,0,0,0,0,0], "joint_contact": [0,0,0,0,0,0,0], "cartesian_contact": [0,0,0,0,0,0], "joint_collision": [0,0,0,0,0,0,0], "cartesian_collision": [0,0,0,0,0,0], "tau_ext_hat_filtered": [-1.64452,-0.986327,1.24749,-0.00197871,-0.110489,-1.68647,0.161505], "O_F_ext_hat_K": [2.45316,-9.30472,0.852157,4.59814,1.50209,-1.6404], "K_F_ext_hat_K": [-0.885739,-1.25908,-9.53688,2.26396,0.577348,0.142828], "O_dP_EE_d": [0,0,0,0,0,0], "O_ddP_O": [0,0,-9.81], "O_T_EE_c": [-0.0422913,-0.00733809,-0.999069,0,-0.991628,-0.121722,0.0428703,0,-0.121926,0.992537,-0.00212892,0,-0.273965,0.796572,0.495037,1], "O_dP_EE_c": [0,0,0,0,0,0], "O_ddP_EE_c": [0,0,0,0,0,0], "theta": [1.05433,1.525,1.82583,-1.45311,-2.89348,2.28958,-1.08802], "dtheta": [0,0,0,0,0,0,0], "current_errors": [], "last_motion_errors": ["joint_position_limits_violation"], "control_command_success_rate": 0, "robot_mode": "User stopped", "time": 15206890}