{"O_T_EE": [-0.0353326,0.028054,-0.998972,0,-0.96728,-0.252217,0.0271288,0,-0.251201,0.967263,0.0360482,0,-0.368469,0.760019,0.495115,1], "O_T_EE_d": [-0.0353607,0.0280669,-0.998971,0,-0.967352,-0.251939,0.0271631,0,-0.250922,0.967335,0.03606,0,-0.368386,0.760054,0.495151,1], "F_T_NE": [0.7071,-0.7071,0,0,0.7071,0.7071,0,0,0,0,1,0,0,0,0.1034,1], "NE_T_EE": [1,0,0,0,0,1,0,0,0,0,1,0,0,0,0,1], "F_T_EE": [0.7071,-0.7071,0,0,0.7071,0.7071,0,0,0,0,1,0,0,0,0.1034,1], "EE_T_K": [1,0,0,0,0,1,0,0,0,0,1,0,0,0,0,1], "m_ee": 0.73, "F_x_Cee": [-0.01,0,0.03], "I_ee": [0.001,0,0,0,0.0025,0,0,0,0.0017], "m_load": 0, "F_x_Cload": [0,0,0], "I_load": [0,0,0,0,0,0,0,0,0], "m_total": 0.73, "F_x_Ctotal": [-0.01,0,0.03], "I_total": [0.001,0,0,0,0.0025,0,0,0,0.0017], "elbow": [1.73769,-1], "elbow_d": [1.73773,-1], "elbow_c": [1.73773,-1], "delbow_c": [0,0], "ddelbow_c": [0,0], "tau_J": [-0.669303,-40.3814,29.0289,1.50695,0.551579,-1.20607,0.132954], "tau_J_d": [0,0,0,0,0,0,0], "dtau_J": [-49.2257,50.0604,-0.736751,-92.0142,-4.35129,-9.47345,33.9942], "q": [1.15905,1.4354,1.73769,-1.43017,-2.89811,2.34758,-0.979811], "dq": [-0.00076728,-0.0008874,-9.88234e-06,-0.000775911,-0.000705407,0.000153967,-0.0010231], "q_d": [1.15898,1.43536,1.73773,-1.43021,-2.89813,2.34731,-0.979778], "dq_d": [0,0,0,0,0,0,0], "ddq_d": [0,0,0,0,0,0,0], "joint_contact": [0,0,0,0,0,0,0], "cartesian_contact": [0,0,0,0,0,0], "joint_collision": [0,0,0,0,0,0,0], "cartesian_collision": [0,0,0,0,0,0], "tau_ext_hat_filtered": [-0.737053,-0.874771,0.831944,-0.13274,-0.0348854,-1.48366,0.122515], "O_F_ext_hat_K": [1.67481,-7.4391,0.543462,3.64071,1.09679,-0.734019], "K_F_ext_hat_K": [-0.810791,0.271002,-7.59669,2.21794,0.363848,0.100154], "O_dP_EE_d": [0,0,0,0,0,0], "O_ddP_O": [0,0,-9.81], "O_T_EE_c": [-0.0353607,0.0280669,-0.998971,0,-0.967352,-0.251939,0.0271631,0,-0.250922,0.967335,0.03606,0,-0.368386,0.760054,0.495151,1], "O_dP_EE_c": [0,0,0,0,0,0], "O_ddP_EE_c": [0,0,0,0,0,0], "theta": [1.159,1.43256,1.73972,-1.43006,-2.89805,2.34744,-0.979797], "dtheta": [0,0,0,0,0,0,0], "current_errors": ["joint_position_limits_violation"], "last_motion_errors": ["joint_position_limits_violation"], "control_command_success_rate": 0, "robot_mode": "User stopped", "time": 15301735}