{"O_T_EE": [-0.060453,-0.00221111,-0.998159,0,-0.545242,0.837688,0.0311667,0,0.836093,0.546133,-0.0518473,0,0.58465,0.55078,0.599699,1], "O_T_EE_d": [-0.0603222,-0.00211217,-0.998167,0,-0.54532,0.837636,0.0311828,0,0.836051,0.546212,-0.0516809,0,0.584504,0.550873,0.599813,1], "F_T_NE": [0.7071,-0.7071,0,0,0.7071,0.7071,0,0,0,0,1,0,0,0,0.1034,1], "NE_T_EE": [1,0,0,0,0,1,0,0,0,0,1,0,0,0,0,1], "F_T_EE": [0.7071,-0.7071,0,0,0.7071,0.7071,0,0,0,0,1,0,0,0,0.1034,1], "EE_T_K": [1,0,0,0,0,1,0,0,0,0,1,0,0,0,0,1], "m_ee": 0.73, "F_x_Cee": [-0.01,0,0.03], "I_ee": [0.001,0,0,0,0.0025,0,0,0,0.0017], "m_load": 0, "F_x_Cload": [0,0,0], "I_load": [0,0,0,0,0,0,0,0,0], "m_total": 0.73, "F_x_Ctotal": [-0.01,0,0.03], "I_total": [0.001,0,0,0,0.0025,0,0,0,0.0017], "elbow": [0.0463967,-1], "elbow_d": [0.0465141,-1], "elbow_c": [0.0465141,-1], "delbow_c": [0,0], "ddelbow_c": [0,0], "tau_J": [0.227303,-40.9448,1.05562,21.0538,1.92304,-1.90736,0.102742], "tau_J_d": [0,0,0,0,0,0,0], "dtau_J": [156.893,47.616,72.2326,-44.2146,3.42983,17.4367,17.6299], "q": [0.645725,0.385279,0.0463967,-1.2789,-1.93742,3.02282,-0.396976], "dq": [-0.00131865,-0.000217197,-1.28382e-05,0.000461488,0.00643447,-0.000195396,-4.33048e-05], "q_d": [0.645882,0.385082,0.0465141,-1.279,-1.93743,3.02262,-0.396979], "dq_d": [0,0,0,0,0,0,0], "ddq_d": [0,0,0,0,0,0,0], "joint_contact": [0,0,0,0,0,0,0], "cartesian_contact": [0,0,0,0,0,0], "joint_collision": [0,0,0,0,0,0,0], "cartesian_collision": [0,0,0,0,0,0], "tau_ext_hat_filtered": [0.177652,-0.309497,-0.129089,-0.619033,0.177959,-1.45804,0.109261], "O_F_ext_hat_K": [0,0,0,0,0,0], "K_F_ext_hat_K": [0,0,0,0,0,0], "O_dP_EE_d": [0,0,0,0,0,0], "O_ddP_O": [0,0,-9.81], "O_T_EE_c": [-0.0603222,-0.00211217,-0.998167,0,-0.54532,0.837636,0.0311828,0,0.836051,0.546212,-0.0516809,0,0.584504,0.550873,0.599813,1], "O_dP_EE_c": [0,0,0,0,0,0], "O_ddP_EE_c": [0,0,0,0,0,0], "theta": [0.645742,0.382405,0.04647,-1.27742,-1.9372,3.0226,-0.396965], "dtheta": [0,0,0,0,0,0,0], "current_errors": [], "last_motion_errors": ["cartesian_reflex"], "control_command_success_rate": 0, "robot_mode": "User stopped", "time": 18090382}