{"O_T_EE": [0.0292399,0.0368615,-0.998883,0,0.973878,-0.226132,0.0201631,0,-0.22514,-0.973399,-0.0425115,0,-0.0733675,-0.814236,0.594759,1], "O_T_EE_d": [0.0290864,0.036857,-0.998888,0,0.973806,-0.226459,0.0200002,0,-0.225474,-0.973323,-0.0424792,0,-0.0734613,-0.814239,0.594747,1], "F_T_NE": [0.7071,-0.7071,0,0,0.7071,0.7071,0,0,0,0,1,0,0,0,0.1034,1], "NE_T_EE": [1,0,0,0,0,1,0,0,0,0,1,0,0,0,0,1], "F_T_EE": [0.7071,-0.7071,0,0,0.7071,0.7071,0,0,0,0,1,0,0,0,0.1034,1], "EE_T_K": [1,0,0,0,0,1,0,0,0,0,1,0,0,0,0,1], "m_ee": 0.73, "F_x_Cee": [-0.01,0,0.03], "I_ee": [0.001,0,0,0,0.0025,0,0,0,0.0017], "m_load": 0, "F_x_Cload": [0,0,0], "I_load": [0,0,0,0,0,0,0,0,0], "m_total": 0.73, "F_x_Ctotal": [-0.01,0,0.03], "I_total": [0.001,0,0,0,0.0025,0,0,0,0.0017], "elbow": [0.698298,-1], "elbow_d": [0.698156,-1], "elbow_c": [0.698156,-1], "delbow_c": [0,0], "ddelbow_c": [0,0], "tau_J": [0.298714,-39.2864,9.2322,20.2881,1.67585,-1.48622,0.0615432], "tau_J_d": [0,0,0,0,0,0,0], "dtau_J": [74.2695,-19.3068,-109.78,4.87372,10.003,64.8199,-85.7544], "q": [-2.22165,0.522649,0.698298,-1.24571,-2.07279,2.90378,-0.576098], "dq": [-0.000747784,-0.000447899,-0.00155567,0.000196954,6.13454e-05,-0.00074746,0.00149248], "q_d": [-2.22162,0.522583,0.698156,-1.24577,-2.07281,2.9035,-0.57612], "dq_d": [0,0,0,0,0,0,0], "ddq_d": [0,0,0,0,0,0,0], "joint_contact": [0,0,0,0,0,0,0], "cartesian_contact": [0,0,0,0,0,0], "joint_collision": [0,0,0,0,0,0,0], "cartesian_collision": [0,0,0,0,0,0], "tau_ext_hat_filtered": [0.440872,-0.983356,0.249662,-0.503885,-0.0360931,-1.27174,0.116036], "O_F_ext_hat_K": [4.00192,5.78604,-2.26567,-2.40797,2.35655,0.493079], "K_F_ext_hat_K": [2.59349,2.54334,-6.4368,2.31986,-0.869803,0.143404], "O_dP_EE_d": [0,0,0,0,0,0], "O_ddP_O": [0,0,-9.81], "O_T_EE_c": [0.0290864,0.036857,-0.998888,0,0.973806,-0.226459,0.0200002,0,-0.225474,-0.973323,-0.0424792,0,-0.0734613,-0.814239,0.594747,1], "O_dP_EE_c": [0,0,0,0,0,0], "O_ddP_EE_c": [0,0,0,0,0,0], "theta": [-2.22163,0.519892,0.698946,-1.24429,-2.0726,2.90361,-0.576091], "dtheta": [0,0,0,0,0,0,0], "current_errors": [], "last_motion_errors": ["cartesian_reflex"], "control_command_success_rate": 0, "robot_mode": "User stopped", "time": 18924602}