{"O_T_EE": [-0.0182859,0.0120463,-0.999751,0,-0.809557,-0.586973,0.0077345,0,-0.586745,0.809513,0.0204859,0,-0.575399,0.543254,0.705844,1], "O_T_EE_d": [-0.0182443,0.0120643,-0.999751,0,-0.809885,-0.586521,0.00770174,0,-0.586294,0.80984,0.0204718,0,-0.575205,0.543431,0.705903,1], "F_T_NE": [0.7071,-0.7071,0,0,0.7071,0.7071,0,0,0,0,1,0,0,0,0.1034,1], "NE_T_EE": [1,0,0,0,0,1,0,0,0,0,1,0,0,0,0,1], "F_T_EE": [0.7071,-0.7071,0,0,0.7071,0.7071,0,0,0,0,1,0,0,0,0.1034,1], "EE_T_K": [1,0,0,0,0,1,0,0,0,0,1,0,0,0,0,1], "m_ee": 0.73, "F_x_Cee": [-0.01,0,0.03], "I_ee": [0.001,0,0,0,0.0025,0,0,0,0.0017], "m_load": 0, "F_x_Cload": [0,0,0], "I_load": [0,0,0,0,0,0,0,0,0], "m_total": 0.73, "F_x_Ctotal": [-0.01,0,0.03], "I_total": [0.001,0,0,0,0.0025,0,0,0,0.0017], "elbow": [-1.42573,-1], "elbow_d": [-1.42571,-1], "elbow_c": [-1.42571,-1], "delbow_c": [0,0], "ddelbow_c": [0,0], "tau_J": [-1.5302,34.4932,23.4827,10.3976,1.1366,-0.835281,0.0313308], "tau_J_d": [0,0,0,0,0,0,0], "dtau_J": [73.5387,39.2682,-66.0161,39.299,-5.91816,11.36,64.6476], "q": [-1.65565,-0.979512,-1.42573,-1.27454,-2.29771,2.41738,-1.1846], "dq": [-0.00142578,-0.00066087,0.00411372,0.000251313,0.00750548,-0.000275581,-0.00177442], "q_d": [-1.65594,-0.979372,-1.42571,-1.27451,-2.29767,2.4171,-1.1846], "dq_d": [0,0,0,0,0,0,0], "ddq_d": [0,0,0,0,0,0,0], "joint_contact": [0,0,0,0,0,0,0], "cartesian_contact": [0,0,0,0,0,0], "joint_collision": [0,0,0,0,0,0,0], "cartesian_collision": [0,0,0,0,0,0], "tau_ext_hat_filtered": [-1.55275,0.73443,0.9974,0.450087,0.293127,-1.45169,0.00940373], "O_F_ext_hat_K": [6.86572,-6.04601,-0.045889,3.11777,4.2079,-1.58058], "K_F_ext_hat_K": [-0.152503,-2.00974,-8.92368,1.34248,1.25937,0.137475], "O_dP_EE_d": [0,0,0,0,0,0], "O_ddP_O": [0,0,-9.81], "O_T_EE_c": [-0.0182443,0.0120643,-0.999751,0,-0.809885,-0.586521,0.00770174,0,-0.586294,0.80984,0.0204718,0,-0.575205,0.543431,0.705903,1], "O_dP_EE_c": [0,0,0,0,0,0], "O_ddP_EE_c": [0,0,0,0,0,0], "theta": [-1.65576,-0.977092,-1.42408,-1.27381,-2.29759,2.41729,-1.18459], "dtheta": [0,0,0,0,0,0,0], "current_errors": [], "last_motion_errors": [], "control_command_success_rate": 0, "robot_mode": "User stopped", "time": 467688}