{"O_T_EE": [-0.00848489,-0.0463674,-0.998879,0,-0.917253,-0.397417,0.0262394,0,-0.398195,0.916464,-0.0391593,0,-0.3686,0.54348,0.903119,1], "O_T_EE_d": [-0.00872637,-0.0463403,-0.998878,0,-0.917524,-0.396777,0.0264231,0,-0.397564,0.916743,-0.0390567,0,-0.368228,0.543608,0.903282,1], "F_T_NE": [0.7071,-0.7071,0,0,0.7071,0.7071,0,0,0,0,1,0,0,0,0.1034,1], "NE_T_EE": [1,0,0,0,0,1,0,0,0,0,1,0,0,0,0,1], "F_T_EE": [0.7071,-0.7071,0,0,0.7071,0.7071,0,0,0,0,1,0,0,0,0.1034,1], "EE_T_K": [1,0,0,0,0,1,0,0,0,0,1,0,0,0,0,1], "m_ee": 0.73, "F_x_Cee": [-0.01,0,0.03], "I_ee": [0.001,0,0,0,0.0025,0,0,0,0.0017], "m_load": 0, "F_x_Cload": [0,0,0], "I_load": [0,0,0,0,0,0,0,0,0], "m_total": 0.73, "F_x_Ctotal": [-0.01,0,0.03], "I_total": [0.001,0,0,0,0.0025,0,0,0,0.0017], "elbow": [-1.17571,-1], "elbow_d": [-1.17552,-1], "elbow_c": [-1.17552,-1], "delbow_c": [0,0], "ddelbow_c": [0,0], "tau_J": [-2.05389,22.2422,17.1073,12.048,0.834477,-0.334487,0.0514724], "tau_J_d": [0,0,0,0,0,0,0], "dtau_J": [6.93837,156.575,-0.384789,-43.5194,-5.89077,11.3082,75.2389], "q": [-2.04469,-0.695346,-1.17571,-1.16679,-1.75426,2.24251,-1.54429], "dq": [-0.00203517,-0.00112824,0.000381315,-5.34393e-05,0.000363075,5.86237e-05,-0.00206794], "q_d": [-2.04518,-0.695217,-1.17552,-1.1665,-1.75428,2.24226,-1.54428], "dq_d": [0,0,0,0,0,0,0], "ddq_d": [0,0,0,0,0,0,0], "joint_contact": [0,0,0,0,0,0,0], "cartesian_contact": [0,0,0,0,0,0], "joint_collision": [0,0,0,0,0,0,0], "cartesian_collision": [0,0,0,0,0,0], "tau_ext_hat_filtered": [-2.04786,0.772534,1.79775,0.871184,0.342454,-1.58177,0.0167161], "O_F_ext_hat_K": [11.0767,-11.7897,-4.25032,7.07033,7.9033,-2.11344], "K_F_ext_hat_K": [4.69832,-5.58636,-15.0491,0.474118,1.3627,0.0327373], "O_dP_EE_d": [0,0,0,0,0,0], "O_ddP_O": [0,0,-9.81], "O_T_EE_c": [-0.00872637,-0.0463403,-0.998878,0,-0.917524,-0.396777,0.0264231,0,-0.397564,0.916743,-0.0390567,0,-0.368228,0.543608,0.903282,1], "O_dP_EE_c": [0,0,0,0,0,0], "O_ddP_EE_c": [0,0,0,0,0,0], "theta": [-2.04484,-0.693784,-1.17451,-1.16595,-1.75416,2.24247,-1.54428], "dtheta": [0,0,0,0,0,0,0], "current_errors": [], "last_motion_errors": ["cartesian_reflex"], "control_command_success_rate": 0, "robot_mode": "User stopped", "time": 5099651}