{"O_T_EE": [-0.00306919,0.0374972,-0.999282,0,-0.907173,-0.420535,-0.0129939,0,-0.420729,0.906499,0.0353078,0,-0.462013,0.637577,-0.096462,1], "O_T_EE_d": [-0.0030139,0.0375284,-0.999281,0,-0.907176,-0.420526,-0.0130569,0,-0.420722,0.906502,0.0353129,0,-0.461945,0.637563,-0.0965392,1], "F_T_NE": [0.7071,-0.7071,0,0,0.7071,0.7071,0,0,0,0,1,0,0,0,0.1034,1], "NE_T_EE": [1,0,0,0,0,1,0,0,0,0,1,0,0,0,0,1], "F_T_EE": [0.7071,-0.7071,0,0,0.7071,0.7071,0,0,0,0,1,0,0,0,0.1034,1], "EE_T_K": [1,0,0,0,0,1,0,0,0,0,1,0,0,0,0,1], "m_ee": 0.73, "F_x_Cee": [-0.01,0,0.03], "I_ee": [0.001,0,0,0,0.0025,0,0,0,0.0017], "m_load": 0, "F_x_Cload": [0,0,0], "I_load": [0,0,0,0,0,0,0,0,0], "m_total": 0.73, "F_x_Ctotal": [-0.01,0,0.03], "I_total": [0.001,0,0,0,0.0025,0,0,0,0.0017], "elbow": [2.51815,-1], "elbow_d": [2.51813,-1], "elbow_c": [2.51813,-1], "delbow_c": [0,0], "ddelbow_c": [0,0], "tau_J": [-0.41143,43.8798,-14.6905,9.86205,-0.619381,-2.53816,0.174153], "tau_J_d": [0,0,0,0,0,0,0], "dtau_J": [22.1686,-34.3225,-52.4,-104.79,2.62986,-27.5337,71.9028], "q": [-0.441166,-1.62849,2.51815,-1.12338,-2.34654,2.22601,0.968701], "dq": [-0.000348039,0.000530357,-0.000132915,0.00154695,-1.11893e-05,0.00103482,-0.00291235], "q_d": [-0.441159,-1.62864,2.51813,-1.12342,-2.34651,2.22589,0.968749], "dq_d": [0,0,0,0,0,0,0], "ddq_d": [0,0,0,0,0,0,0], "joint_contact": [0,0,0,0,0,0,0], "cartesian_contact": [0,0,0,0,0,0], "joint_collision": [0,0,0,0,0,0,0], "cartesian_collision": [0,0,0,0,0,0], "tau_ext_hat_filtered": [-0.427767,-1.37802,0.308145,-0.39153,-0.107439,-0.784539,0.11834], "O_F_ext_hat_K": [1.27049,0.046373,-3.07809,-0.770758,-0.815817,-0.344346], "K_F_ext_hat_K": [3.07378,-1.13208,-0.601176,-0.46309,-1.38994,0.17838], "O_dP_EE_d": [0,0,0,0,0,0], "O_ddP_O": [0,0,-9.81], "O_T_EE_c": [-0.0030139,0.0375284,-0.999281,0,-0.907176,-0.420526,-0.0130569,0,-0.420722,0.906502,0.0353129,0,-0.461945,0.637563,-0.0965392,1], "O_dP_EE_c": [0,0,0,0,0,0], "O_ddP_EE_c": [0,0,0,0,0,0], "theta": [-0.441195,-1.62542,2.51712,-1.12269,-2.34661,2.22573,0.968719], "dtheta": [0,0,0,0,0,0,0], "current_errors": [], "last_motion_errors": [], "control_command_success_rate": 0, "robot_mode": "User stopped", "time": 1067473}