{"O_T_EE": [0.0163682,0.0177192,-0.999699,0,-0.87577,-0.482166,-0.0228853,0,-0.482436,0.875898,0.00762588,0,-0.502798,0.605128,-0.097982,1], "O_T_EE_d": [0.0163824,0.0177823,-0.999698,0,-0.875818,-0.482076,-0.0229274,0,-0.482348,0.875946,0.00767663,0,-0.502729,0.605155,-0.0979692,1], "F_T_NE": [0.7071,-0.7071,0,0,0.7071,0.7071,0,0,0,0,1,0,0,0,0.1034,1], "NE_T_EE": [1,0,0,0,0,1,0,0,0,0,1,0,0,0,0,1], "F_T_EE": [0.7071,-0.7071,0,0,0.7071,0.7071,0,0,0,0,1,0,0,0,0.1034,1], "EE_T_K": [1,0,0,0,0,1,0,0,0,0,1,0,0,0,0,1], "m_ee": 0.73, "F_x_Cee": [-0.01,0,0.03], "I_ee": [0.001,0,0,0,0.0025,0,0,0,0.0017], "m_load": 0, "F_x_Cload": [0,0,0], "I_load": [0,0,0,0,0,0,0,0,0], "m_total": 0.73, "F_x_Ctotal": [-0.01,0,0.03], "I_total": [0.001,0,0,0,0.0025,0,0,0,0.0017], "elbow": [2.2968,-1], "elbow_d": [2.29679,-1], "elbow_c": [2.29679,-1], "delbow_c": [0,0], "ddelbow_c": [0,0], "tau_J": [0.374093,42.1857,-17.543,4.76409,-0.363033,-2.50795,0.143025], "tau_J_d": [0,0,0,0,0,0,0], "dtau_J": [-41.5873,-51.522,75.4433,-17.8631,13.1518,-3.6725,98.2873], "q": [-0.249985,-1.73951,2.2968,-1.10337,-2.16832,2.37125,1.06186], "dq": [0.000552129,0.000303044,0.0082721,-0.00183771,-2.79737e-06,0.000312718,-0.00285021], "q_d": [-0.249958,-1.73948,2.29679,-1.10356,-2.1683,2.37116,1.06189], "dq_d": [0,0,0,0,0,0,0], "ddq_d": [0,0,0,0,0,0,0], "joint_contact": [0,0,0,0,0,0,0], "cartesian_contact": [0,0,0,0,0,0], "joint_collision": [0,0,0,0,0,0,0], "cartesian_collision": [0,0,0,0,0,0], "tau_ext_hat_filtered": [0.44924,-0.814611,0.836391,-1.31823,0.322886,-0.911474,0.103028], "O_F_ext_hat_K": [6.84295,-8.8975,2.98263,1.98291,1.59245,0.527637], "K_F_ext_hat_K": [-3.02744,-1.77106,-11.0718,-0.164116,-1.2919,0.163555], "O_dP_EE_d": [0,0,0,0,0,0], "O_ddP_O": [0,0,-9.81], "O_T_EE_c": [0.0163824,0.0177823,-0.999698,0,-0.875818,-0.482076,-0.0229274,0,-0.482348,0.875946,0.00767663,0,-0.502729,0.605155,-0.0979692,1], "O_dP_EE_c": [0,0,0,0,0,0], "O_ddP_EE_c": [0,0,0,0,0,0], "theta": [-0.249959,-1.73655,2.29557,-1.10303,-2.16836,2.37097,1.06187], "dtheta": [0,0,0.0244243,0,0,0,0], "current_errors": [], "last_motion_errors": [], "control_command_success_rate": 0, "robot_mode": "User stopped", "time": 980564}