{"O_T_EE": [0.00427228,0.0368325,-0.999303,0,-0.993171,-0.116274,-0.00853171,0,-0.116509,0.992534,0.0360849,0,-0.235214,0.744981,-0.0978761,1], "O_T_EE_d": [0.00435624,0.0368432,-0.999302,0,-0.993181,-0.116185,-0.00861316,0,-0.116423,0.992544,0.0360865,0,-0.235129,0.744977,-0.0978929,1], "F_T_NE": [0.7071,-0.7071,0,0,0.7071,0.7071,0,0,0,0,1,0,0,0,0.1034,1], "NE_T_EE": [1,0,0,0,0,1,0,0,0,0,1,0,0,0,0,1], "F_T_EE": [0.7071,-0.7071,0,0,0.7071,0.7071,0,0,0,0,1,0,0,0,0.1034,1], "EE_T_K": [1,0,0,0,0,1,0,0,0,0,1,0,0,0,0,1], "m_ee": 0.73, "F_x_Cee": [-0.01,0,0.03], "I_ee": [0.001,0,0,0,0.0025,0,0,0,0.0017], "m_load": 0, "F_x_Cload": [0,0,0], "I_load": [0,0,0,0,0,0,0,0,0], "m_total": 0.73, "F_x_Ctotal": [-0.01,0,0.03], "I_total": [0.001,0,0,0,0.0025,0,0,0,0.0017], "elbow": [2.39938,-1], "elbow_d": [2.39936,-1], "elbow_c": [2.39936,-1], "delbow_c": [0,0], "ddelbow_c": [0,0], "tau_J": [-0.0345378,42.0707,-16.3052,6.33514,-0.40881,-2.28822,0.0514724], "tau_J_d": [0,0,0,0,0,0,0], "dtau_J": [172.894,28.8147,42.8071,111.633,-10.7202,-15.4736,77.6804], "q": [-0.673568,-1.6842,2.39938,-1.14421,-2.24564,2.27174,1.04365], "dq": [-0.00182641,-0.000428946,-0.00052039,-3.00524e-05,7.57234e-05,-0.0001133,-0.00154289], "q_d": [-0.673582,-1.68422,2.39936,-1.14433,-2.24563,2.27169,1.04366], "dq_d": [0,0,0,0,0,0,0], "ddq_d": [0,0,0,0,0,0,0], "joint_contact": [0,0,0,0,0,0,0], "cartesian_contact": [0,0,0,0,0,0], "joint_collision": [0,0,0,0,0,0,0], "cartesian_collision": [0,0,0,0,0,0], "tau_ext_hat_filtered": [-0.121112,-1.66416,1.00934,-1.49618,0.17201,-0.622897,0.0196428], "O_F_ext_hat_K": [2.65105,-7.32578,0.353483,0.680782,0.0383317,-0.0255093], "K_F_ext_hat_K": [-0.611749,-1.7842,-7.5672,-0.213458,-1.15361,0.0890511], "O_dP_EE_d": [0,0,0,0,0,0], "O_ddP_O": [0,0,-9.81], "O_T_EE_c": [0.00435624,0.0368432,-0.999302,0,-0.993181,-0.116185,-0.00861316,0,-0.116423,0.992544,0.0360865,0,-0.235129,0.744977,-0.0978929,1], "O_dP_EE_c": [0,0,0,0,0,0], "O_ddP_EE_c": [0,0,0,0,0,0], "theta": [-0.673571,-1.68125,2.39824,-1.14377,-2.24569,2.27149,1.04366], "dtheta": [0,0,0,0,0,0,0], "current_errors": [], "last_motion_errors": [], "control_command_success_rate": 0, "robot_mode": "User stopped", "time": 1213360}