{"O_T_EE": [-0.0134754,0.0561449,-0.998322,0,-0.970652,-0.240449,-0.000420737,0,-0.240074,0.969036,0.0577384,0,-0.32929,0.710892,-0.0969958,1], "O_T_EE_d": [-0.013498,0.0562185,-0.998318,0,-0.970669,-0.240379,-0.0004123,0,-0.240002,0.969049,0.0578153,0,-0.329235,0.710903,-0.0969841,1], "F_T_NE": [0.7071,-0.7071,0,0,0.7071,0.7071,0,0,0,0,1,0,0,0,0.1034,1], "NE_T_EE": [1,0,0,0,0,1,0,0,0,0,1,0,0,0,0,1], "F_T_EE": [0.7071,-0.7071,0,0,0.7071,0.7071,0,0,0,0,1,0,0,0,0.1034,1], "EE_T_K": [1,0,0,0,0,1,0,0,0,0,1,0,0,0,0,1], "m_ee": 0.73, "F_x_Cee": [-0.01,0,0.03], "I_ee": [0.001,0,0,0,0.0025,0,0,0,0.0017], "m_load": 0, "F_x_Cload": [0,0,0], "I_load": [0,0,0,0,0,0,0,0,0], "m_total": 0.73, "F_x_Ctotal": [-0.01,0,0.03], "I_total": [0.001,0,0,0,0.0025,0,0,0,0.0017], "elbow": [2.51741,-1], "elbow_d": [2.51741,-1], "elbow_c": [2.51741,-1], "delbow_c": [0,0], "ddelbow_c": [0,0], "tau_J": [-0.260673,43.5029,-14.5398,8.63616,-0.143307,-2.65901,0.0514724], "tau_J_d": [0,0,0,0,0,0,0], "dtau_J": [46.7994,88.681,39.9677,-110.365,46.9008,-6.68691,29.6599], "q": [-0.623806,-1.63388,2.51741,-1.13927,-2.33723,2.19119,0.988496], "dq": [-0.000444216,-0.000393502,9.8783e-06,0.00141659,0.00910355,0.000747068,-0.00115911], "q_d": [-0.623826,-1.63386,2.51741,-1.13937,-2.33721,2.19107,0.988534], "dq_d": [0,0,0,0,0,0,0], "ddq_d": [0,0,0,0,0,0,0], "joint_contact": [0,0,0,0,0,0,0], "cartesian_contact": [0,0,0,0,0,0], "joint_collision": [0,0,0,0,0,0,0], "cartesian_collision": [0,0,0,0,0,0], "tau_ext_hat_filtered": [-0.278054,-1.50488,0.636907,-1.30829,0.319102,-0.900535,0.0341022], "O_F_ext_hat_K": [3.18742,-6.06268,-0.146148,0.701309,0.0780672,-0.195788], "K_F_ext_hat_K": [-0.237442,-1.63608,-6.64861,-0.0679682,-1.45709,0.0916512], "O_dP_EE_d": [0,0,0,0,0,0], "O_ddP_O": [0,0,-9.81], "O_T_EE_c": [-0.013498,0.0562185,-0.998318,0,-0.970669,-0.240379,-0.0004123,0,-0.240002,0.969049,0.0578153,0,-0.329235,0.710903,-0.0969841,1], "O_dP_EE_c": [0,0,0,0,0,0], "O_ddP_EE_c": [0,0,0,0,0,0], "theta": [-0.623825,-1.63083,2.51639,-1.13866,-2.33725,2.1909,0.988502], "dtheta": [0,0,0,0,0.0385,0,0], "current_errors": [], "last_motion_errors": [], "control_command_success_rate": 0, "robot_mode": "User stopped", "time": 1176153}