{"O_T_EE": [0.0293933,0.00428839,-0.999549,0,-0.93464,0.354619,-0.0259632,0,0.354355,0.935,0.0144318,0,0.123055,0.756045,-0.106449,1], "O_T_EE_d": [0.0294101,0.00422592,-0.999549,0,-0.934641,0.354614,-0.0260011,0,0.354351,0.935002,0.0143792,0,0.123044,0.755991,-0.106512,1], "F_T_NE": [0.7071,-0.7071,0,0,0.7071,0.7071,0,0,0,0,1,0,0,0,0.1034,1], "NE_T_EE": [1,0,0,0,0,1,0,0,0,0,1,0,0,0,0,1], "F_T_EE": [0.7071,-0.7071,0,0,0.7071,0.7071,0,0,0,0,1,0,0,0,0.1034,1], "EE_T_K": [1,0,0,0,0,1,0,0,0,0,1,0,0,0,0,1], "m_ee": 0.73, "F_x_Cee": [-0.01,0,0.03], "I_ee": [0.001,0,0,0,0.0025,0,0,0,0.0017], "m_load": 0, "F_x_Cload": [0,0,0], "I_load": [0,0,0,0,0,0,0,0,0], "m_total": 0.73, "F_x_Ctotal": [-0.01,0,0.03], "I_total": [0.001,0,0,0,0.0025,0,0,0,0.0017], "elbow": [0.826134,-1], "elbow_d": [0.826033,-1], "elbow_c": [0.826033,-1], "delbow_c": [0,0], "ddelbow_c": [0,0], "tau_J": [0.298714,-39.7784,18.3808,4.37927,-0.0984458,-1.96779,0.000202917], "tau_J_d": [0,0,0,0,0,0,0], "dtau_J": [-24.1589,-128.377,-34.8729,21.5481,-13.2066,40.6741,-49.5007], "q": [0.782728,1.75122,0.826134,-1.26402,2.66555,2.03143,0.078976], "dq": [-8.44339e-05,0.000630044,-0.000306806,0.000374392,0.000521028,-0.000940728,0.00136507], "q_d": [0.782697,1.75125,0.826033,-1.26413,2.66555,2.03133,0.0789737], "dq_d": [0,0,0,0,0,0,0], "ddq_d": [0,0,0,0,0,0,0], "joint_contact": [0,0,0,0,0,0,0], "cartesian_contact": [0,0,0,0,0,0], "joint_collision": [0,0,0,0,0,0,0], "cartesian_collision": [0,0,0,0,0,0], "tau_ext_hat_filtered": [0.350524,1.50419,-0.838399,-0.556965,0.410627,-0.663492,0.0397704], "O_F_ext_hat_K": [-1.97027,-2.26925,-1.78913,-0.849937,0.0684433,0.223776], "K_F_ext_hat_K": [1.72071,1.08325,-2.84574,1.00649,-0.798209,-0.0884558], "O_dP_EE_d": [0,0,0,0,0,0], "O_ddP_O": [0,0,-9.81], "O_T_EE_c": [0.0294101,0.00422592,-0.999549,0,-0.934641,0.354614,-0.0260011,0,0.354351,0.935002,0.0143792,0,0.123044,0.755991,-0.106512,1], "O_dP_EE_c": [0,0,0,0,0,0], "O_ddP_EE_c": [0,0,0,0,0,0], "theta": [0.782749,1.74843,0.827423,-1.26372,2.66554,2.03121,0.0789761], "dtheta": [0,0,0,0,0,0,0], "current_errors": [], "last_motion_errors": [], "control_command_success_rate": 0, "robot_mode": "User stopped", "time": 1832016}