{"O_T_EE": [-0.0180554,-0.0164845,-0.999691,0,-0.808641,0.588265,0.00490457,0,0.588014,0.808496,-0.0239519,0,0.306216,0.702034,-0.0973622,1], "O_T_EE_d": [-0.018003,-0.0165216,-0.999692,0,-0.808673,0.588222,0.00484171,0,0.587972,0.808526,-0.0239508,0,0.30617,0.702015,-0.0973877,1], "F_T_NE": [0.7071,-0.7071,0,0,0.7071,0.7071,0,0,0,0,1,0,0,0,0.1034,1], "NE_T_EE": [1,0,0,0,0,1,0,0,0,0,1,0,0,0,0,1], "F_T_EE": [0.7071,-0.7071,0,0,0.7071,0.7071,0,0,0,0,1,0,0,0,0.1034,1], "EE_T_K": [1,0,0,0,0,1,0,0,0,0,1,0,0,0,0,1], "m_ee": 0.73, "F_x_Cee": [-0.01,0,0.03], "I_ee": [0.001,0,0,0,0.0025,0,0,0,0.0017], "m_load": 0, "F_x_Cload": [0,0,0], "I_load": [0,0,0,0,0,0,0,0,0], "m_total": 0.73, "F_x_Ctotal": [-0.01,0,0.03], "I_total": [0.001,0,0,0,0.0025,0,0,0,0.0017], "elbow": [2.25791,-1], "elbow_d": [2.25793,-1], "elbow_c": [2.25793,-1], "delbow_c": [0,0], "ddelbow_c": [0,0], "tau_J": [0.338387,39.9601,-19.0784,3.38348,-0.472897,-2.23787,0.0816849], "tau_J_d": [0,0,0,0,0,0,0], "dtau_J": [-0.337212,38.0444,73.3866,91.686,-6.34996,-1.13742,40.4298], "q": [-1.25637,-1.72866,2.25791,-1.226,-2.12738,2.41137,1.1471], "dq": [0.000285045,3.13412e-06,-0.000349414,-0.00356861,0.000317178,0.00025853,-0.00159849], "q_d": [-1.25624,-1.72868,2.25793,-1.22611,-2.12737,2.41131,1.14711], "dq_d": [0,0,0,0,0,0,0], "ddq_d": [0,0,0,0,0,0,0], "joint_contact": [0,0,0,0,0,0,0], "cartesian_contact": [0,0,0,0,0,0], "joint_collision": [0,0,0,0,0,0,0], "cartesian_collision": [0,0,0,0,0,0], "tau_ext_hat_filtered": [0.34828,-1.07307,1.14712,-0.871992,0.292469,-0.746393,0.0647359], "O_F_ext_hat_K": [-3.00434,-5.75678,-0.303931,0.459674,-0.344874,0.43411], "K_F_ext_hat_K": [0.452988,-0.958591,-6.41364,-0.0980085,-1.42677,0.132667], "O_dP_EE_d": [0,0,0,0,0,0], "O_ddP_O": [0,0,-9.81], "O_T_EE_c": [-0.018003,-0.0165216,-0.999692,0,-0.808673,0.588222,0.00484171,0,0.587972,0.808526,-0.0239508,0,0.30617,0.702015,-0.0973877,1], "O_dP_EE_c": [0,0,0,0,0,0], "O_ddP_EE_c": [0,0,0,0,0,0], "theta": [-1.25635,-1.72585,2.25658,-1.22576,-2.12743,2.41112,1.14711], "dtheta": [0,0,0,0,0,0,0], "current_errors": [], "last_motion_errors": [], "control_command_success_rate": 0, "robot_mode": "User stopped", "time": 2070786}