{"O_T_EE": [-0.00642782,-0.0150472,-0.999856,0,-0.880446,0.474124,-0.00147512,0,0.474088,0.880327,-0.0162962,0,0.212208,0.738865,-0.0978438,1], "O_T_EE_d": [-0.00649152,-0.0150723,-0.999856,0,-0.880416,0.474181,-0.00143198,0,0.474143,0.880296,-0.0163484,0,0.212197,0.738828,-0.0978813,1], "F_T_NE": [0.7071,-0.7071,0,0,0.7071,0.7071,0,0,0,0,1,0,0,0,0.1034,1], "NE_T_EE": [1,0,0,0,0,1,0,0,0,0,1,0,0,0,0,1], "F_T_EE": [0.7071,-0.7071,0,0,0.7071,0.7071,0,0,0,0,1,0,0,0,0.1034,1], "EE_T_K": [1,0,0,0,0,1,0,0,0,0,1,0,0,0,0,1], "m_ee": 0.73, "F_x_Cee": [-0.01,0,0.03], "I_ee": [0.001,0,0,0,0.0025,0,0,0,0.0017], "m_load": 0, "F_x_Cload": [0,0,0], "I_load": [0,0,0,0,0,0,0,0,0], "m_total": 0.73, "F_x_Ctotal": [-0.01,0,0.03], "I_total": [0.001,0,0,0,0.0025,0,0,0,0.0017], "elbow": [2.25187,-1], "elbow_d": [2.25199,-1], "elbow_c": [2.25199,-1], "delbow_c": [0,0], "ddelbow_c": [0,0], "tau_J": [-0.41143,39.734,-18.8522,3.19305,-0.344723,-2.11793,0.071614], "tau_J_d": [0,0,0,0,0,0,0], "dtau_J": [-116.606,7.41259,23.8181,-27.1541,27.204,43.9056,61.4196], "q": [-1.13187,-1.73974,2.25187,-1.20719,-2.1181,2.40909,1.13539], "dq": [0.00107036,-0.000228971,-0.000575884,0.000417993,0.00105229,-0.000470845,-0.00181134], "q_d": [-1.13184,-1.7397,2.25199,-1.20729,-2.11808,2.40905,1.13537], "dq_d": [0,0,0,0,0,0,0], "ddq_d": [0,0,0,0,0,0,0], "joint_contact": [0,0,0,0,0,0,0], "cartesian_contact": [0,0,0,0,0,0], "joint_collision": [0,0,0,0,0,0,0], "cartesian_collision": [0,0,0,0,0,0], "tau_ext_hat_filtered": [-0.348535,-1.47785,1.25757,-1.04241,0.400917,-0.620178,0.0460934], "O_F_ext_hat_K": [-1.1126,-4.32578,-1.90779,-0.456902,-0.0944789,-0.254537], "K_F_ext_hat_K": [1.9798,-1.06858,-4.30448,0.158911,-1.4996,0.119501], "O_dP_EE_d": [0,0,0,0,0,0], "O_ddP_O": [0,0,-9.81], "O_T_EE_c": [-0.00649152,-0.0150723,-0.999856,0,-0.880416,0.474181,-0.00143198,0,0.474143,0.880296,-0.0163484,0,0.212197,0.738828,-0.0978813,1], "O_dP_EE_c": [0,0,0,0,0,0], "O_ddP_EE_c": [0,0,0,0,0,0], "theta": [-1.1319,-1.73695,2.25055,-1.20697,-2.11814,2.40886,1.1354], "dtheta": [0,0,0,0,0,0,0], "current_errors": [], "last_motion_errors": [], "control_command_success_rate": 0, "robot_mode": "User stopped", "time": 1948610}