{"O_T_EE": [-0.0206563,-0.00312783,-0.999772,0,-0.763658,0.64546,0.0137586,0,0.645282,0.763782,-0.0157217,0,0.35119,0.67889,-0.0971284,1], "O_T_EE_d": [-0.0206375,-0.00309429,-0.999773,0,-0.763657,0.645461,0.0137659,0,0.645284,0.763782,-0.015684,0,0.351172,0.678883,-0.0971096,1], "F_T_NE": [0.7071,-0.7071,0,0,0.7071,0.7071,0,0,0,0,1,0,0,0,0.1034,1], "NE_T_EE": [1,0,0,0,0,1,0,0,0,0,1,0,0,0,0,1], "F_T_EE": [0.7071,-0.7071,0,0,0.7071,0.7071,0,0,0,0,1,0,0,0,0.1034,1], "EE_T_K": [1,0,0,0,0,1,0,0,0,0,1,0,0,0,0,1], "m_ee": 0.73, "F_x_Cee": [-0.01,0,0.03], "I_ee": [0.001,0,0,0,0.0025,0,0,0,0.0017], "m_load": 0, "F_x_Cload": [0,0,0], "I_load": [0,0,0,0,0,0,0,0,0], "m_total": 0.73, "F_x_Ctotal": [-0.01,0,0.03], "I_total": [0.001,0,0,0,0.0025,0,0,0,0.0017], "elbow": [2.27134,-1], "elbow_d": [2.27134,-1], "elbow_c": [2.27134,-1], "delbow_c": [0,0], "ddelbow_c": [0,0], "tau_J": [0.263009,40.0751,-19.118,3.45886,-0.298946,-2.3578,0.143025], "tau_J_d": [0,0,0,0,0,0,0], "dtau_J": [9.67172,124.244,64.4078,-141.826,-16.5953,-0.99083,71.3922], "q": [-1.32383,-1.72066,2.27134,-1.23415,-2.12288,2.39482,1.14311], "dq": [-0.000204892,-0.00035786,-0.000572256,0.00140487,0.00021668,-0.000134745,-0.000535971], "q_d": [-1.32374,-1.72062,2.27134,-1.23428,-2.12286,2.39477,1.14315], "dq_d": [0,0,0,0,0,0,0], "ddq_d": [0,0,0,0,0,0,0], "joint_contact": [0,0,0,0,0,0,0], "cartesian_contact": [0,0,0,0,0,0], "joint_collision": [0,0,0,0,0,0,0], "cartesian_collision": [0,0,0,0,0,0], "tau_ext_hat_filtered": [0.253819,-1.01354,0.984718,-0.898076,0.442634,-0.833356,0.12167], "O_F_ext_hat_K": [-3.28857,-5.50917,-0.316764,0.551561,-0.450835,0.312585], "K_F_ext_hat_K": [0.401861,-1.04899,-6.32488,-0.0389233,-1.56284,0.166467], "O_dP_EE_d": [0,0,0,0,0,0], "O_ddP_O": [0,0,-9.81], "O_T_EE_c": [-0.0206375,-0.00309429,-0.999773,0,-0.763657,0.645461,0.0137659,0,0.645284,0.763782,-0.015684,0,0.351172,0.678883,-0.0971096,1], "O_dP_EE_c": [0,0,0,0,0,0], "O_ddP_EE_c": [0,0,0,0,0,0], "theta": [-1.32382,-1.71785,2.27,-1.23391,-2.12291,2.39456,1.14313], "dtheta": [0,0,0,0,0,0,0], "current_errors": [], "last_motion_errors": [], "control_command_success_rate": 0, "robot_mode": "User stopped", "time": 2098525}