{"O_T_EE": [0.0466183,0.00862306,-0.998866,0,-0.0935905,0.995592,0.00422682,0,0.994519,0.0932891,0.0472207,0,0.722431,0.217611,-0.0979257,1], "O_T_EE_d": [0.0468192,0.00860352,-0.998857,0,-0.0935867,0.995593,0.00418874,0,0.99451,0.0932854,0.047419,0,0.722454,0.217578,-0.0978554,1], "F_T_NE": [0.7071,-0.7071,0,0,0.7071,0.7071,0,0,0,0,1,0,0,0,0.1034,1], "NE_T_EE": [1,0,0,0,0,1,0,0,0,0,1,0,0,0,0,1], "F_T_EE": [0.7071,-0.7071,0,0,0.7071,0.7071,0,0,0,0,1,0,0,0,0.1034,1], "EE_T_K": [1,0,0,0,0,1,0,0,0,0,1,0,0,0,0,1], "m_ee": 0.73, "F_x_Cee": [-0.01,0,0.03], "I_ee": [0.001,0,0,0,0.0025,0,0,0,0.0017], "m_load": 0, "F_x_Cload": [0,0,0], "I_load": [0,0,0,0,0,0,0,0,0], "m_total": 0.73, "F_x_Ctotal": [-0.01,0,0.03], "I_total": [0.001,0,0,0,0.0025,0,0,0,0.0017], "elbow": [2.25911,-1], "elbow_d": [2.25907,-1], "elbow_c": [2.25907,-1], "delbow_c": [0,0], "ddelbow_c": [0,0], "tau_J": [-0.260673,39.3214,-20.4669,2.50274,-0.417965,-2.7588,0.000202917], "tau_J_d": [0,0,0,0,0,0,0], "dtau_J": [6.20227,114.474,-100.361,20.8529,2.92659,44.5667,-62.341], "q": [-2.0826,-1.75655,2.25911,-1.27328,-2.09347,2.3128,1.17268], "dq": [0.000108021,-0.00185959,0.000874169,-0.000165005,-0.000182604,-0.00111982,0.00157275], "q_d": [-2.08258,-1.75651,2.25907,-1.27341,-2.09346,2.31262,1.17271], "dq_d": [0,0,0,0,0,0,0], "ddq_d": [0,0,0,0,0,0,0], "joint_contact": [0,0,0,0,0,0,0], "cartesian_contact": [0,0,0,0,0,0], "joint_collision": [0,0,0,0,0,0,0], "cartesian_collision": [0,0,0,0,0,0], "tau_ext_hat_filtered": [-0.23799,-0.328865,0.251619,-0.57673,0.241791,-1.15509,0.0526811], "O_F_ext_hat_K": [-3.4518,-1.47776,-0.27506,0.0646655,-0.895515,-0.10503], "K_F_ext_hat_K": [0.10109,-1.14938,-3.58372,-0.210973,-1.45026,0.144126], "O_dP_EE_d": [0,0,0,0,0,0], "O_ddP_O": [0,0,-9.81], "O_T_EE_c": [0.0468192,0.00860352,-0.998857,0,-0.0935867,0.995593,0.00418874,0,0.99451,0.0932854,0.047419,0,0.722454,0.217578,-0.0978554,1], "O_dP_EE_c": [0,0,0,0,0,0], "O_ddP_EE_c": [0,0,0,0,0,0], "theta": [-2.08262,-1.75379,2.25767,-1.27311,-2.09352,2.3125,1.17268], "dtheta": [0,0,0,0,0,0,0], "current_errors": [], "last_motion_errors": [], "control_command_success_rate": 0, "robot_mode": "User stopped", "time": 2519600}