{"O_T_EE": [0.00658815,0.0229447,-0.999705,0,-0.226419,0.973797,0.020858,0,0.974007,0.226219,0.0116109,0,0.68784,0.311662,-0.0979719,1], "O_T_EE_d": [0.00674567,0.0230114,-0.999703,0,-0.226376,0.973806,0.0208878,0,0.974016,0.226172,0.0117784,0,0.687836,0.311649,-0.0979121,1], "F_T_NE": [0.7071,-0.7071,0,0,0.7071,0.7071,0,0,0,0,1,0,0,0,0.1034,1], "NE_T_EE": [1,0,0,0,0,1,0,0,0,0,1,0,0,0,0,1], "F_T_EE": [0.7071,-0.7071,0,0,0.7071,0.7071,0,0,0,0,1,0,0,0,0.1034,1], "EE_T_K": [1,0,0,0,0,1,0,0,0,0,1,0,0,0,0,1], "m_ee": 0.73, "F_x_Cee": [-0.01,0,0.03], "I_ee": [0.001,0,0,0,0.0025,0,0,0,0.0017], "m_load": 0, "F_x_Cload": [0,0,0], "I_load": [0,0,0,0,0,0,0,0,0], "m_total": 0.73, "F_x_Ctotal": [-0.01,0,0.03], "I_total": [0.001,0,0,0,0.0025,0,0,0,0.0017], "elbow": [2.26196,-1], "elbow_d": [2.26203,-1], "elbow_c": [2.26203,-1], "delbow_c": [0,0], "ddelbow_c": [0,0], "tau_J": [0.263009,39.849,-20.5026,2.42736,-0.207394,-2.73866,0.112813], "tau_J_d": [0,0,0,0,0,0,0], "dtau_J": [-244.194,42.3804,84.4339,31.8586,18.5321,-31.4536,92.3393], "q": [-1.95412,-1.73791,2.26196,-1.28013,-2.13126,2.34722,1.20288], "dq": [0.00152888,-0.000627935,-0.00119819,-0.00268475,-8.50204e-05,-0.00037154,-0.00225169], "q_d": [-1.95407,-1.73778,2.26203,-1.28034,-2.13124,2.34701,1.20288], "dq_d": [0,0,0,0,0,0,0], "ddq_d": [0,0,0,0,0,0,0], "joint_contact": [0,0,0,0,0,0,0], "cartesian_contact": [0,0,0,0,0,0], "joint_collision": [0,0,0,0,0,0,0], "cartesian_collision": [0,0,0,0,0,0], "tau_ext_hat_filtered": [0.476493,0.0327158,0.237954,-0.850772,0.488018,-1.17554,0.0651112], "O_F_ext_hat_K": [-7.3526,-2.62353,2.24126,0.893808,-2.23295,0.551914], "K_F_ext_hat_K": [-2.34929,-0.843287,-7.72895,-0.094373,-1.47575,0.121975], "O_dP_EE_d": [0,0,0,0,0,0], "O_ddP_O": [0,0,-9.81], "O_T_EE_c": [0.00674567,0.0230114,-0.999703,0,-0.226376,0.973806,0.0208878,0,0.974016,0.226172,0.0117784,0,0.687836,0.311649,-0.0979121,1], "O_dP_EE_c": [0,0,0,0,0,0], "O_ddP_EE_c": [0,0,0,0,0,0], "theta": [-1.9541,-1.73511,2.26053,-1.27996,-2.13128,2.34691,1.2029], "dtheta": [0,0,0,0,0,0,0], "current_errors": [], "last_motion_errors": [], "control_command_success_rate": 0, "robot_mode": "User stopped", "time": 2459016}