{"O_T_EE": [-0.00990489,0.00998367,-0.999891,0,-0.142756,0.989684,0.0112959,0,0.989708,0.142855,-0.00837765,0,0.706715,0.265389,-0.098058,1], "O_T_EE_d": [-0.00992005,0.00991941,-0.999892,0,-0.142731,0.989688,0.0112342,0,0.989712,0.142829,-0.00840211,0,0.706665,0.265351,-0.0981055,1], "F_T_NE": [0.7071,-0.7071,0,0,0.7071,0.7071,0,0,0,0,1,0,0,0,0.1034,1], "NE_T_EE": [1,0,0,0,0,1,0,0,0,0,1,0,0,0,0,1], "F_T_EE": [0.7071,-0.7071,0,0,0.7071,0.7071,0,0,0,0,1,0,0,0,0.1034,1], "EE_T_K": [1,0,0,0,0,1,0,0,0,0,1,0,0,0,0,1], "m_ee": 0.73, "F_x_Cee": [-0.01,0,0.03], "I_ee": [0.001,0,0,0,0.0025,0,0,0,0.0017], "m_load": 0, "F_x_Cload": [0,0,0], "I_load": [0,0,0,0,0,0,0,0,0], "m_total": 0.73, "F_x_Ctotal": [-0.01,0,0.03], "I_total": [0.001,0,0,0,0.0025,0,0,0,0.0017], "elbow": [2.22879,-1], "elbow_d": [2.22883,-1], "elbow_c": [2.22883,-1], "delbow_c": [0,0], "ddelbow_c": [0,0], "tau_J": [0.151925,38.1907,-19.4552,1.81243,-0.326412,-2.19759,0.0926712], "tau_J_d": [0,0,0,0,0,0,0], "dtau_J": [15.1817,140.294,-98.0923,-22.9648,-17.025,-4.93726,-78.5153], "q": [-2.00087,-1.75332,2.22879,-1.27645,-2.09104,2.40158,1.19313], "dq": [0.000501009,-0.00150665,0.000854063,-0.00015538,0.000157027,2.47438e-05,0.0020408], "q_d": [-2.00077,-1.75337,2.22883,-1.27662,-2.091,2.40151,1.19316], "dq_d": [0,0,0,0,0,0,0], "ddq_d": [0,0,0,0,0,0,0], "joint_contact": [0,0,0,0,0,0,0], "cartesian_contact": [0,0,0,0,0,0], "joint_collision": [0,0,0,0,0,0,0], "cartesian_collision": [0,0,0,0,0,0], "tau_ext_hat_filtered": [0.188637,-1.37105,1.66138,-0.961781,0.453006,-0.684841,0.150083], "O_F_ext_hat_K": [-6.14088,-1.88875,-1.34022,-0.0886227,0.00611866,0.289447], "K_F_ext_hat_K": [1.38207,-1.00778,-6.33627,-0.0144425,-1.59192,0.227202], "O_dP_EE_d": [0,0,0,0,0,0], "O_ddP_O": [0,0,-9.81], "O_T_EE_c": [-0.00992005,0.00991941,-0.999892,0,-0.142731,0.989688,0.0112342,0,0.989712,0.142829,-0.00840211,0,0.706665,0.265351,-0.0981055,1], "O_dP_EE_c": [0,0,0,0,0,0], "O_ddP_EE_c": [0,0,0,0,0,0], "theta": [-2.00086,-1.75064,2.22742,-1.27633,-2.09107,2.40134,1.19314], "dtheta": [0,0,0,0,0,0,0], "current_errors": [], "last_motion_errors": [], "control_command_success_rate": 0, "robot_mode": "User stopped", "time": 2500721}