{"O_T_EE": [0.0116063,0.0220809,-0.999679,0,0.16686,0.985686,0.023709,0,0.985912,-0.167084,0.00775591,0,0.752926,0.0183452,-0.0982043,1], "O_T_EE_d": [0.011711,0.022094,-0.999678,0,0.166912,0.985676,0.0237399,0,0.985902,-0.16714,0.00785563,0,0.752905,0.0183189,-0.0981836,1], "F_T_NE": [0.7071,-0.7071,0,0,0.7071,0.7071,0,0,0,0,1,0,0,0,0.1034,1], "NE_T_EE": [1,0,0,0,0,1,0,0,0,0,1,0,0,0,0,1], "F_T_EE": [0.7071,-0.7071,0,0,0.7071,0.7071,0,0,0,0,1,0,0,0,0.1034,1], "EE_T_K": [1,0,0,0,0,1,0,0,0,0,1,0,0,0,0,1], "m_ee": 0.73, "F_x_Cee": [-0.01,0,0.03], "I_ee": [0.001,0,0,0,0.0025,0,0,0,0.0017], "m_load": 0, "F_x_Cload": [0,0,0], "I_load": [0,0,0,0,0,0,0,0,0], "m_total": 0.73, "F_x_Ctotal": [-0.01,0,0.03], "I_total": [0.001,0,0,0,0.0025,0,0,0,0.0017], "elbow": [2.24703,-1], "elbow_d": [2.24708,-1], "elbow_c": [2.24708,-1], "delbow_c": [0,0], "ddelbow_c": [0,0], "tau_J": [0.298714,39.0556,-20.2051,1.92748,-0.189083,-2.50795,0.0926712], "tau_J_d": [0,0,0,0,0,0,0], "dtau_J": [-13.5286,121.107,-151.023,-119.654,14.798,13.2646,-111.162], "q": [-2.33957,-1.74776,2.24703,-1.28977,-2.12785,2.35689,1.22548], "dq": [0.000362532,-0.001736,0.000539592,-0.000977592,-8.57814e-05,-0.000479488,0.00282886], "q_d": [-2.33953,-1.7477,2.24708,-1.28993,-2.12781,2.35673,1.2255], "dq_d": [0,0,0,0,0,0,0], "ddq_d": [0,0,0,0,0,0,0], "joint_contact": [0,0,0,0,0,0,0], "cartesian_contact": [0,0,0,0,0,0], "joint_collision": [0,0,0,0,0,0,0], "cartesian_collision": [0,0,0,0,0,0], "tau_ext_hat_filtered": [0.400379,-0.383831,0.820538,-0.852157,0.522357,-1.01051,0.183464], "O_F_ext_hat_K": [-7.46873,0.353025,1.0491,0.052315,-1.58653,0.492955], "K_F_ext_hat_K": [-1.12767,-0.873401,-7.41436,-0.123936,-1.50634,0.254777], "O_dP_EE_d": [0,0,0,0,0,0], "O_ddP_O": [0,0,-9.81], "O_T_EE_c": [0.011711,0.022094,-0.999678,0,0.166912,0.985676,0.0237399,0,0.985902,-0.16714,0.00785563,0,0.752905,0.0183189,-0.0981836,1], "O_dP_EE_c": [0,0,0,0,0,0], "O_ddP_EE_c": [0,0,0,0,0,0], "theta": [-2.33955,-1.74502,2.24561,-1.28963,-2.12787,2.35661,1.22549], "dtheta": [0,0,0,0,0,0,0], "current_errors": [], "last_motion_errors": [], "control_command_success_rate": 0, "robot_mode": "User stopped", "time": 2974002}