{"O_T_EE": [0.0292645,-0.0335222,-0.999,0,0.722193,0.691675,-0.00205389,0,0.691065,-0.721425,0.0444519,0,0.597307,-0.457513,-0.105834,1], "O_T_EE_d": [0.0293704,-0.0336477,-0.998992,0,0.722197,0.69167,-0.002064,0,0.691056,-0.721423,0.0446158,0,0.597294,-0.457518,-0.105787,1], "F_T_NE": [0.7071,-0.7071,0,0,0.7071,0.7071,0,0,0,0,1,0,0,0,0.1034,1], "NE_T_EE": [1,0,0,0,0,1,0,0,0,0,1,0,0,0,0,1], "F_T_EE": [0.7071,-0.7071,0,0,0.7071,0.7071,0,0,0,0,1,0,0,0,0.1034,1], "EE_T_K": [1,0,0,0,0,1,0,0,0,0,1,0,0,0,0,1], "m_ee": 0.73, "F_x_Cee": [-0.01,0,0.03], "I_ee": [0.001,0,0,0,0.0025,0,0,0,0.0017], "m_load": 0, "F_x_Cload": [0,0,0], "I_load": [0,0,0,0,0,0,0,0,0], "m_total": 0.73, "F_x_Ctotal": [-0.01,0,0.03], "I_total": [0.001,0,0,0,0.0025,0,0,0,0.0017], "elbow": [-0.852037,-1], "elbow_d": [-0.852006,-1], "elbow_c": [-0.852006,-1], "delbow_c": [0,0], "ddelbow_c": [0,0], "tau_J": [0.374093,-39.9648,-19.9393,2.34802,-0.399654,-2.76887,-0.00986788], "tau_J_d": [0,0,0,0,0,0,0], "dtau_J": [-41.5225,93.0737,14.398,-120.394,-12.9547,26.6405,-62.0461], "q": [0.0901175,1.75412,-0.852037,-1.2721,-2.17391,2.26596,1.20221], "dq": [0.000157336,-0.000648746,-0.00105829,0.00153253,0.000297113,-0.000269215,0.000491112], "q_d": [0.0901631,1.75405,-0.852006,-1.27225,-2.17389,2.26575,1.20221], "dq_d": [0,0,0,0,0,0,0], "ddq_d": [0,0,0,0,0,0,0], "joint_contact": [0,0,0,0,0,0,0], "cartesian_contact": [0,0,0,0,0,0], "joint_collision": [0,0,0,0,0,0,0], "cartesian_collision": [0,0,0,0,0,0], "tau_ext_hat_filtered": [0.316668,-0.34273,0.241787,-1.06661,0.183403,-1.15471,0.0411962], "O_F_ext_hat_K": [-6.96974,5.60848,4.08806,-1.81331,-2.44123,0.500006], "K_F_ext_hat_K": [-4.47603,-1.16267,-8.68091,-0.329449,-0.897969,0.175998], "O_dP_EE_d": [0,0,0,0,0,0], "O_ddP_O": [0,0,-9.81], "O_T_EE_c": [0.0293704,-0.0336477,-0.998992,0,0.722197,0.69167,-0.002064,0,0.691056,-0.721423,0.0446158,0,0.597294,-0.457518,-0.105787,1], "O_dP_EE_c": [0,0,0,0,0,0], "O_ddP_EE_c": [0,0,0,0,0,0], "theta": [0.0901437,1.75131,-0.853437,-1.27193,-2.17395,2.26565,1.2022], "dtheta": [0,0,0,0,0,0,0], "current_errors": [], "last_motion_errors": [], "control_command_success_rate": 0, "robot_mode": "User stopped", "time": 3461918}