{"O_T_EE": [0.0187027,-0.0450284,-0.998801,0,0.940395,0.340048,0.00227886,0,0.339544,-0.939328,0.0487053,0,0.3733,-0.658303,-0.107155,1], "O_T_EE_d": [0.0187211,-0.0450345,-0.9988,0,0.940423,0.33997,0.0022982,0,0.339465,-0.939356,0.0487171,0,0.37326,-0.658283,-0.107169,1], "F_T_NE": [0.7071,-0.7071,0,0,0.7071,0.7071,0,0,0,0,1,0,0,0,0.1034,1], "NE_T_EE": [1,0,0,0,0,1,0,0,0,0,1,0,0,0,0,1], "F_T_EE": [0.7071,-0.7071,0,0,0.7071,0.7071,0,0,0,0,1,0,0,0,0.1034,1], "EE_T_K": [1,0,0,0,0,1,0,0,0,0,1,0,0,0,0,1], "m_ee": 0.73, "F_x_Cee": [-0.01,0,0.03], "I_ee": [0.001,0,0,0,0.0025,0,0,0,0.0017], "m_load": 0, "F_x_Cload": [0,0,0], "I_load": [0,0,0,0,0,0,0,0,0], "m_total": 0.73, "F_x_Ctotal": [-0.01,0,0.03], "I_total": [0.001,0,0,0,0.0025,0,0,0,0.0017], "elbow": [-0.813868,-1], "elbow_d": [-0.813795,-1], "elbow_c": [-0.813795,-1], "delbow_c": [0,0], "ddelbow_c": [0,0], "tau_J": [0.151925,-39.8537,-18.3285,3.57391,-0.152462,-2.36787,0.0414016], "tau_J_d": [0,0,0,0,0,0,0], "dtau_J": [-22.3023,-201.048,68.0625,-35.8499,-5.44203,16.6845,-134.042], "q": [-0.351577,1.73405,-0.813868,-1.24367,-2.18395,2.25047,1.15702], "dq": [-0.000283724,0.00132169,0.000123902,0.000686625,0.000627268,-7.10031e-05,0.00658632], "q_d": [-0.351546,1.73401,-0.813795,-1.24381,-2.18391,2.25038,1.15703], "dq_d": [0,0,0,0,0,0,0], "ddq_d": [0,0,0,0,0,0,0], "joint_contact": [0,0,0,0,0,0,0], "cartesian_contact": [0,0,0,0,0,0], "joint_collision": [0,0,0,0,0,0,0], "cartesian_collision": [0,0,0,0,0,0], "tau_ext_hat_filtered": [0.148432,0.868739,1.08343,-1.04171,0.425623,-0.730826,0.116859], "O_F_ext_hat_K": [-3.23591,6.31808,0.724533,-0.846166,-0.498855,0.245821], "K_F_ext_hat_K": [-1.0687,-0.892948,-6.99819,-0.0111556,-1.17939,0.185851], "O_dP_EE_d": [0,0,0,0,0,0], "O_ddP_O": [0,0,-9.81], "O_T_EE_c": [0.0187211,-0.0450345,-0.9988,0,0.940423,0.33997,0.0022982,0,0.339465,-0.939356,0.0487171,0,0.37326,-0.658283,-0.107169,1], "O_dP_EE_c": [0,0,0,0,0,0], "O_ddP_EE_c": [0,0,0,0,0,0], "theta": [-0.351566,1.73125,-0.815154,-1.24342,-2.18397,2.25021,1.15703], "dtheta": [0,0,0,0,0,0,0], "current_errors": [], "last_motion_errors": [], "control_command_success_rate": 0, "robot_mode": "User stopped", "time": 3707364}