{"O_T_EE": [-0.00277405,-0.0359802,-0.999339,0,0.986122,0.165737,-0.00870454,0,0.165943,-0.985513,0.0350218,0,0.237465,-0.721516,-0.107791,1], "O_T_EE_d": [-0.00285979,-0.0360428,-0.999337,0,0.986156,0.165529,-0.00879216,0,0.165739,-0.985546,0.0350711,0,0.237308,-0.721547,-0.107764,1], "F_T_NE": [0.7071,-0.7071,0,0,0.7071,0.7071,0,0,0,0,1,0,0,0,0.1034,1], "NE_T_EE": [1,0,0,0,0,1,0,0,0,0,1,0,0,0,0,1], "F_T_EE": [0.7071,-0.7071,0,0,0.7071,0.7071,0,0,0,0,1,0,0,0,0.1034,1], "EE_T_K": [1,0,0,0,0,1,0,0,0,0,1,0,0,0,0,1], "m_ee": 0.73, "F_x_Cee": [-0.01,0,0.03], "I_ee": [0.001,0,0,0,0.0025,0,0,0,0.0017], "m_load": 0, "F_x_Cload": [0,0,0], "I_load": [0,0,0,0,0,0,0,0,0], "m_total": 0.73, "F_x_Ctotal": [-0.01,0,0.03], "I_total": [0.001,0,0,0,0.0025,0,0,0,0.0017], "elbow": [-0.844347,-1], "elbow_d": [-0.84438,-1], "elbow_c": [-0.84438,-1], "delbow_c": [0,0], "ddelbow_c": [0,0], "tau_J": [-0.558219,-39.7387,-19.003,2.73284,-0.363033,-2.44844,0.0514724], "tau_J_d": [0,0,0,0,0,0,0], "dtau_J": [112.777,-93.6156,6.54487,-62.7487,-41.5781,23.9735,32.1855], "q": [-0.541449,1.75342,-0.844347,-1.23106,-2.19094,2.27889,1.17695], "dq": [-4.57039e-05,0.00114257,0.000527646,0.00229946,0.000859347,-0.000213405,-7.7903e-05], "q_d": [-0.541532,1.75338,-0.84438,-1.23125,-2.19092,2.27883,1.17695], "dq_d": [0,0,0,0,0,0,0], "ddq_d": [0,0,0,0,0,0,0], "joint_contact": [0,0,0,0,0,0,0], "cartesian_contact": [0,0,0,0,0,0], "joint_collision": [0,0,0,0,0,0,0], "cartesian_collision": [0,0,0,0,0,0], "tau_ext_hat_filtered": [-0.612895,0.873144,0.729399,-1.36169,0.247559,-0.843157,0.0512588], "O_F_ext_hat_K": [-2.89593,5.87866,0.828689,-1.08112,-0.24317,-0.446037], "K_F_ext_hat_K": [-1.03164,-1.88868,-6.24503,-0.231306,-1.16296,0.176674], "O_dP_EE_d": [0,0,0,0,0,0], "O_ddP_O": [0,0,-9.81], "O_T_EE_c": [-0.00285979,-0.0360428,-0.999337,0,0.986156,0.165529,-0.00879216,0,0.165739,-0.985546,0.0350711,0,0.237308,-0.721547,-0.107764,1], "O_dP_EE_c": [0,0,0,0,0,0], "O_ddP_EE_c": [0,0,0,0,0,0], "theta": [-0.541489,1.75063,-0.84568,-1.23087,-2.19098,2.27861,1.17696], "dtheta": [0,0,0,0,0,0,0], "current_errors": [], "last_motion_errors": [], "control_command_success_rate": 0, "robot_mode": "User stopped", "time": 4250582}