{"O_T_EE": [-0.0244022,-0.0355423,-0.999061,0,0.957472,-0.288193,-0.0131337,0,-0.287461,-0.956912,0.0410641,0,-0.109031,-0.758456,-0.108768,1], "O_T_EE_d": [-0.0244143,-0.0355211,-0.999061,0,0.957464,-0.288219,-0.0131504,0,-0.287487,-0.956905,0.0410477,0,-0.109053,-0.758431,-0.108791,1], "F_T_NE": [0.7071,-0.7071,0,0,0.7071,0.7071,0,0,0,0,1,0,0,0,0.1034,1], "NE_T_EE": [1,0,0,0,0,1,0,0,0,0,1,0,0,0,0,1], "F_T_EE": [0.7071,-0.7071,0,0,0.7071,0.7071,0,0,0,0,1,0,0,0,0.1034,1], "EE_T_K": [1,0,0,0,0,1,0,0,0,0,1,0,0,0,0,1], "m_ee": 0.73, "F_x_Cee": [-0.01,0,0.03], "I_ee": [0.001,0,0,0,0.0025,0,0,0,0.0017], "m_load": 0, "F_x_Cload": [0,0,0], "I_load": [0,0,0,0,0,0,0,0,0], "m_total": 0.73, "F_x_Ctotal": [-0.01,0,0.03], "I_total": [0.001,0,0,0,0.0025,0,0,0,0.0017], "elbow": [-0.673818,-1], "elbow_d": [-0.673811,-1], "elbow_c": [-0.673811,-1], "delbow_c": [0,0], "ddelbow_c": [0,0], "tau_J": [0.0765462,-41.6985,-15.5554,7.02545,-0.262325,-2.18751,0.132954], "tau_J_d": [0,0,0,0,0,0,0], "dtau_J": [60.8513,-143.587,106.648,67.5541,-8.518,4.73155,109.013], "q": [-1.13485,1.65635,-0.673818,-1.20983,-2.34743,2.18066,1.07367], "dq": [0.0012838,0.00081316,-0.000847682,-0.000213806,-0.000160884,-0.000150423,-0.00259705], "q_d": [-1.13485,1.65638,-0.673811,-1.20988,-2.34742,2.18063,1.07368], "dq_d": [0,0,0,0,0,0,0], "ddq_d": [0,0,0,0,0,0,0], "joint_contact": [0,0,0,0,0,0,0], "cartesian_contact": [0,0,0,0,0,0], "joint_collision": [0,0,0,0,0,0,0], "cartesian_collision": [0,0,0,0,0,0], "tau_ext_hat_filtered": [0.0911322,1.50775,1.13254,-1.01214,0.173565,-0.547892,0.058589], "O_F_ext_hat_K": [0.814781,5.27635,-0.850486,0.109397,0.0243638,0.185458], "K_F_ext_hat_K": [0.642283,-0.729322,-5.31815,-0.122886,-1.12354,0.127966], "O_dP_EE_d": [0,0,0,0,0,0], "O_ddP_O": [0,0,-9.81], "O_T_EE_c": [-0.0244143,-0.0355211,-0.999061,0,0.957464,-0.288219,-0.0131504,0,-0.287487,-0.956905,0.0410477,0,-0.109053,-0.758431,-0.108791,1], "O_dP_EE_c": [0,0,0,0,0,0], "O_ddP_EE_c": [0,0,0,0,0,0], "theta": [-1.13484,1.65343,-0.67491,-1.20934,-2.34746,2.18041,1.07368], "dtheta": [0,0,0,0,0,0,0], "current_errors": [], "last_motion_errors": [], "control_command_success_rate": 0, "robot_mode": "User stopped", "time": 4462204}