{"O_T_EE": [-0.0179895,-0.00600902,-0.99981,0,0.910859,-0.412461,-0.01391,0,-0.412307,-0.910954,0.0128936,0,-0.207587,-0.740495,-0.108475,1], "O_T_EE_d": [-0.0180187,-0.00598624,-0.99981,0,0.910861,-0.412453,-0.0139461,0,-0.412299,-0.910957,0.0128847,0,-0.207589,-0.740477,-0.108502,1], "F_T_NE": [0.7071,-0.7071,0,0,0.7071,0.7071,0,0,0,0,1,0,0,0,0.1034,1], "NE_T_EE": [1,0,0,0,0,1,0,0,0,0,1,0,0,0,0,1], "F_T_EE": [0.7071,-0.7071,0,0,0.7071,0.7071,0,0,0,0,1,0,0,0,0.1034,1], "EE_T_K": [1,0,0,0,0,1,0,0,0,0,1,0,0,0,0,1], "m_ee": 0.73, "F_x_Cee": [-0.01,0,0.03], "I_ee": [0.001,0,0,0,0.0025,0,0,0,0.0017], "m_load": 0, "F_x_Cload": [0,0,0], "I_load": [0,0,0,0,0,0,0,0,0], "m_total": 0.73, "F_x_Ctotal": [-0.01,0,0.03], "I_total": [0.001,0,0,0,0.0025,0,0,0,0.0017], "elbow": [-0.808645,-1], "elbow_d": [-0.808636,-1], "elbow_c": [-0.808636,-1], "delbow_c": [0,0], "ddelbow_c": [0,0], "tau_J": [-0.109916,-40.306,-17.3526,5.03387,-0.271481,-2.13808,-0.0300095], "tau_J_d": [0,0,0,0,0,0,0], "dtau_J": [-104.791,25.3202,-127.839,118.896,0.0508711,-66.0551,-123.447], "q": [-1.18777,1.7283,-0.808645,-1.18582,-2.24151,2.29508,1.13689], "dq": [0.000808411,-0.000529009,0.000685819,-0.001037,-0.00401956,0.00126007,0.00230638], "q_d": [-1.18777,1.72835,-0.808636,-1.18582,-2.24151,2.29505,1.13688], "dq_d": [0,0,0,0,0,0,0], "ddq_d": [0,0,0,0,0,0,0], "joint_contact": [0,0,0,0,0,0,0], "cartesian_contact": [0,0,0,0,0,0], "joint_collision": [0,0,0,0,0,0,0], "cartesian_collision": [0,0,0,0,0,0], "tau_ext_hat_filtered": [-0.0598239,1.5879,1.47984,-0.653057,0.338116,-0.539751,0.0334266], "O_F_ext_hat_K": [1.11183,2.97159,-2.87281,1.0855,-0.226835,0.04257], "K_F_ext_hat_K": [2.83446,-0.172991,-3.20244,0.185428,-1.44245,0.113851], "O_dP_EE_d": [0,0,0,0,0,0], "O_ddP_O": [0,0,-9.81], "O_T_EE_c": [-0.0180187,-0.00598624,-0.99981,0,0.910861,-0.412453,-0.0139461,0,-0.412299,-0.910957,0.0128847,0,-0.207589,-0.740477,-0.108502,1], "O_dP_EE_c": [0,0,0,0,0,0], "O_ddP_EE_c": [0,0,0,0,0,0], "theta": [-1.18778,1.72547,-0.809862,-1.18547,-2.24154,2.29484,1.13689], "dtheta": [0,0,0,0,0,0,0], "current_errors": [], "last_motion_errors": [], "control_command_success_rate": 0, "robot_mode": "User stopped", "time": 4486947}