{"O_T_EE": [0.0201131,-0.0227365,-0.99953,0,0.627016,-0.778404,0.0303237,0,-0.778742,-0.627343,-0.00139999,0,-0.514407,-0.585461,-0.0998658,1], "O_T_EE_d": [0.0200057,-0.0228817,-0.999528,0,0.627072,-0.778356,0.0303695,0,-0.778699,-0.627396,-0.00122306,0,-0.514394,-0.585518,-0.0997832,1], "F_T_NE": [0.7071,-0.7071,0,0,0.7071,0.7071,0,0,0,0,1,0,0,0,0.1034,1], "NE_T_EE": [1,0,0,0,0,1,0,0,0,0,1,0,0,0,0,1], "F_T_EE": [0.7071,-0.7071,0,0,0.7071,0.7071,0,0,0,0,1,0,0,0,0.1034,1], "EE_T_K": [1,0,0,0,0,1,0,0,0,0,1,0,0,0,0,1], "m_ee": 0.73, "F_x_Cee": [-0.01,0,0.03], "I_ee": [0.001,0,0,0,0.0025,0,0,0,0.0017], "m_load": 0, "F_x_Cload": [0,0,0], "I_load": [0,0,0,0,0,0,0,0,0], "m_total": 0.73, "F_x_Ctotal": [-0.01,0,0.03], "I_total": [0.001,0,0,0,0.0025,0,0,0,0.0017], "elbow": [2.27369,-1], "elbow_d": [2.27366,-1], "elbow_c": [2.27366,-1], "delbow_c": [0,0], "ddelbow_c": [0,0], "tau_J": [0.449471,42.4873,-19.2291,4.18884,-0.491207,-2.76887,0.204366], "tau_J_d": [0,0,0,0,0,0,0], "dtau_J": [29.0988,-7.06327,-61.5202,-79.8454,14.9678,10.6684,154.18], "q": [1.51489,-1.74726,2.27369,-1.14738,-2.18334,2.3732,1.17209], "dq": [-0.000346395,-8.85876e-05,0.00370072,-0.000445775,-0.000233774,0.000440843,-0.00147507], "q_d": [1.51496,-1.74718,2.27366,-1.14745,-2.18333,2.37308,1.17212], "dq_d": [0,0,0,0,0,0,0], "ddq_d": [0,0,0,0,0,0,0], "joint_contact": [0,0,0,0,0,0,0], "cartesian_contact": [0,0,0,0,0,0], "joint_collision": [0,0,0,0,0,0,0], "cartesian_collision": [0,0,0,0,0,0], "tau_ext_hat_filtered": [0.476166,0.318179,0.0160618,-0.88479,0.216363,-1.23532,0.162695], "O_F_ext_hat_K": [6.76511,7.57904,4.36595,-2.72088,2.33074,0.571013], "K_F_ext_hat_K": [-4.40024,-1.52535,-10.029,-0.544639,-1.15441,0.239958], "O_dP_EE_d": [0,0,0,0,0,0], "O_ddP_O": [0,0,-9.81], "O_T_EE_c": [0.0200057,-0.0228817,-0.999528,0,0.627072,-0.778356,0.0303695,0,-0.778699,-0.627396,-0.00122306,0,-0.514394,-0.585518,-0.0997832,1], "O_dP_EE_c": [0,0,0,0,0,0], "O_ddP_EE_c": [0,0,0,0,0,0], "theta": [1.51492,-1.74428,2.27234,-1.14709,-2.18339,2.37289,1.17211], "dtheta": [0,0,0,0,0,0,0], "current_errors": [], "last_motion_errors": [], "control_command_success_rate": 0, "robot_mode": "User stopped", "time": 5595628}