{"O_T_EE": [-0.0059779,0.000802574,-0.999972,0,0.728546,-0.684965,-0.00490505,0,-0.684964,-0.728569,0.00351001,0,-0.432282,-0.646113,-0.100211,1], "O_T_EE_d": [-0.00604037,0.000708879,-0.999972,0,0.728557,-0.684954,-0.00488644,0,-0.684951,-0.72858,0.00362098,0,-0.432269,-0.646137,-0.100146,1], "F_T_NE": [0.7071,-0.7071,0,0,0.7071,0.7071,0,0,0,0,1,0,0,0,0.1034,1], "NE_T_EE": [1,0,0,0,0,1,0,0,0,0,1,0,0,0,0,1], "F_T_EE": [0.7071,-0.7071,0,0,0.7071,0.7071,0,0,0,0,1,0,0,0,0.1034,1], "EE_T_K": [1,0,0,0,0,1,0,0,0,0,1,0,0,0,0,1], "m_ee": 0.73, "F_x_Cee": [-0.01,0,0.03], "I_ee": [0.001,0,0,0,0.0025,0,0,0,0.0017], "m_load": 0, "F_x_Cload": [0,0,0], "I_load": [0,0,0,0,0,0,0,0,0], "m_total": 0.73, "F_x_Ctotal": [-0.01,0,0.03], "I_total": [0.001,0,0,0,0.0025,0,0,0,0.0017], "elbow": [2.28138,-1], "elbow_d": [2.28136,-1], "elbow_c": [2.28136,-1], "delbow_c": [0,0], "ddelbow_c": [0,0], "tau_J": [0.822396,41.3169,-18.2174,3.99841,-0.692623,-2.40816,0.184224], "tau_J_d": [0,0,0,0,0,0,0], "dtau_J": [-105.913,31.3323,-153.412,36.4977,-7.71825,12.1573,18.598], "q": [1.64889,-1.74362,2.28138,-1.15976,-2.19679,2.35653,1.14574], "dq": [0.000987746,-1.24467e-05,0.000944594,-0.00568272,0.000155332,-0.000668138,7.53336e-05], "q_d": [1.64898,-1.74353,2.28136,-1.15989,-2.19678,2.35645,1.14577], "dq_d": [0,0,0,0,0,0,0], "ddq_d": [0,0,0,0,0,0,0], "joint_contact": [0,0,0,0,0,0,0], "cartesian_contact": [0,0,0,0,0,0], "joint_collision": [0,0,0,0,0,0,0], "cartesian_collision": [0,0,0,0,0,0], "tau_ext_hat_filtered": [0.966665,-0.814484,1.2407,-1.1409,0.00819297,-0.89138,0.184178], "O_F_ext_hat_K": [7.10767,9.7059,3.35774,-2.16368,1.24907,1.10048], "K_F_ext_hat_K": [-3.39241,-1.48644,-11.9281,-0.697644,-1.05706,0.293257], "O_dP_EE_d": [0,0,0,0,0,0], "O_ddP_O": [0,0,-9.81], "O_T_EE_c": [-0.00604037,0.000708879,-0.999972,0,0.728557,-0.684954,-0.00488644,0,-0.684951,-0.72858,0.00362098,0,-0.432269,-0.646137,-0.100146,1], "O_dP_EE_c": [0,0,0,0,0,0], "O_ddP_EE_c": [0,0,0,0,0,0], "theta": [1.64894,-1.74073,2.2801,-1.15948,-2.19687,2.35627,1.14576], "dtheta": [0,0,0,0,0,0,0], "current_errors": [], "last_motion_errors": [], "control_command_success_rate": 0, "robot_mode": "User stopped", "time": 5630722}