{"O_T_EE": [-0.0324792,-0.030043,-0.999011,0,0.782211,-0.622962,-0.00669654,0,-0.622157,-0.78167,0.0437341,0,-0.392826,-0.664551,-0.108684,1], "O_T_EE_d": [-0.0324314,-0.0300798,-0.999012,0,0.782213,-0.622961,-0.0066363,0,-0.622157,-0.78167,0.0437331,0,-0.392814,-0.66454,-0.108708,1], "F_T_NE": [0.7071,-0.7071,0,0,0.7071,0.7071,0,0,0,0,1,0,0,0,0.1034,1], "NE_T_EE": [1,0,0,0,0,1,0,0,0,0,1,0,0,0,0,1], "F_T_EE": [0.7071,-0.7071,0,0,0.7071,0.7071,0,0,0,0,1,0,0,0,0.1034,1], "EE_T_K": [1,0,0,0,0,1,0,0,0,0,1,0,0,0,0,1], "m_ee": 0.73, "F_x_Cee": [-0.01,0,0.03], "I_ee": [0.001,0,0,0,0.0025,0,0,0,0.0017], "m_load": 0, "F_x_Cload": [0,0,0], "I_load": [0,0,0,0,0,0,0,0,0], "m_total": 0.73, "F_x_Ctotal": [-0.01,0,0.03], "I_total": [0.001,0,0,0,0.0025,0,0,0,0.0017], "elbow": [-0.810793,-1], "elbow_d": [-0.81075,-1], "elbow_c": [-0.81075,-1], "delbow_c": [0,0], "ddelbow_c": [0,0], "tau_J": [-0.0742106,-40.9844,-17.428,5.52978,-0.472897,-2.31844,0.234578], "tau_J_d": [0,0,0,0,0,0,0], "dtau_J": [-101.406,-127.345,57.4889,64.6759,6.00723,20.8433,42.5604], "q": [-1.45966,1.7484,-0.810793,-1.16046,-2.23348,2.26171,1.14026], "dq": [0.000180105,0.0012111,0.000624504,-0.00135343,-0.000628293,-0.000254076,-0.0018647], "q_d": [-1.45966,1.74842,-0.81075,-1.16046,-2.23347,2.26167,1.1403], "dq_d": [0,0,0,0,0,0,0], "ddq_d": [0,0,0,0,0,0,0], "joint_contact": [0,0,0,0,0,0,0], "cartesian_contact": [0,0,0,0,0,0], "joint_collision": [0,0,0,0,0,0,0], "cartesian_collision": [0,0,0,0,0,0], "tau_ext_hat_filtered": [-0.0350946,1.05909,1.14586,-0.128852,0.07937,-0.702653,0.210697], "O_F_ext_hat_K": [0.611049,1.46634,-2.76173,0.818327,-0.600474,0.100003], "K_F_ext_hat_K": [2.69515,-0.417021,-1.64715,-0.24803,-1.26512,0.313124], "O_dP_EE_d": [0,0,0,0,0,0], "O_ddP_O": [0,0,-9.81], "O_T_EE_c": [-0.0324314,-0.0300798,-0.999012,0,0.782213,-0.622961,-0.0066363,0,-0.622157,-0.78167,0.0437331,0,-0.392814,-0.66454,-0.108708,1], "O_dP_EE_c": [0,0,0,0,0,0], "O_ddP_EE_c": [0,0,0,0,0,0], "theta": [-1.45967,1.74553,-0.812016,-1.16007,-2.23353,2.26146,1.14028], "dtheta": [0,0,0,0,0,0,0], "current_errors": [], "last_motion_errors": [], "control_command_success_rate": 0, "robot_mode": "User stopped", "time": 5475601}