{"O_T_EE": [0.0540759,-0.0237299,-0.998245,0,-0.812572,-0.582063,-0.0301813,0,-0.580336,0.812794,-0.0507588,0,-0.601982,0.577672,0.00586774,1], "O_T_EE_d": [0.0540461,-0.0237134,-0.998247,0,-0.812643,-0.581963,-0.0301728,0,-0.580239,0.812865,-0.0507244,0,-0.601923,0.577714,0.0058697,1], "F_T_NE": [0.7071,-0.7071,0,0,0.7071,0.7071,0,0,0,0,1,0,0,0,0.1034,1], "NE_T_EE": [1,0,0,0,0,1,0,0,0,0,1,0,0,0,0,1], "F_T_EE": [0.7071,-0.7071,0,0,0.7071,0.7071,0,0,0,0,1,0,0,0,0.1034,1], "EE_T_K": [1,0,0,0,0,1,0,0,0,0,1,0,0,0,0,1], "m_ee": 0.73, "F_x_Cee": [-0.01,0,0.03], "I_ee": [0.001,0,0,0,0.0025,0,0,0,0.0017], "m_load": 0, "F_x_Cload": [0,0,0], "I_load": [0,0,0,0,0,0,0,0,0], "m_total": 0.73, "F_x_Ctotal": [-0.01,0,0.03], "I_total": [0.001,0,0,0,0.0025,0,0,0,0.0017], "elbow": [-1.99688,-1], "elbow_d": [-1.99689,-1], "elbow_c": [-1.99689,-1], "delbow_c": [0,0], "ddelbow_c": [0,0], "tau_J": [-0.633598,42.0707,22.2806,0.507196,0.551579,-1.76729,0.0111892], "tau_J_d": [0,0,0,0,0,0,0], "dtau_J": [-33.9187,144.22,39.7703,-25.1465,0.549472,9.57824,11.9188], "q": [-1.46508,-1.75972,-1.99688,-1.19375,2.70435,2.33274,-0.209658], "dq": [0.000867249,-0.000780315,0.000513111,-0.000328629,0.000113913,-0.000588744,-0.000799474], "q_d": [-1.46522,-1.75971,-1.99689,-1.19386,2.70434,2.33263,-0.209663], "dq_d": [0,0,0,0,0,0,0], "ddq_d": [0,0,0,0,0,0,0], "joint_contact": [0,0,0,0,0,0,0], "cartesian_contact": [0,0,0,0,0,0], "joint_collision": [0,0,0,0,0,0,0], "cartesian_collision": [0,0,0,0,0,0], "tau_ext_hat_filtered": [-0.498804,-0.850185,-0.867895,-1.39493,0.451151,-0.948649,0.0180154], "O_F_ext_hat_K": [9.54019,-10.9563,3.89467,2.66465,2.33,-0.592981], "K_F_ext_hat_K": [-3.112,-1.4924,-14.6394,1.69506,-0.193183,-0.175578], "O_dP_EE_d": [0,0,0,0,0,0], "O_ddP_O": [0,0,-9.81], "O_T_EE_c": [0.0540461,-0.0237134,-0.998247,0,-0.812643,-0.581963,-0.0301728,0,-0.580239,0.812865,-0.0507244,0,-0.601923,0.577714,0.0058697,1], "O_dP_EE_c": [0,0,0,0,0,0], "O_ddP_EE_c": [0,0,0,0,0,0], "theta": [-1.46513,-1.75676,-1.99532,-1.19372,2.70441,2.33254,-0.209657], "dtheta": [0,0,0,0,0,0,0], "current_errors": [], "last_motion_errors": [], "control_command_success_rate": 0, "robot_mode": "User stopped", "time": 6158439}