{"O_T_EE": [0.0139682,0.00871049,-0.999855,0,-0.953616,-0.300571,-0.0159408,0,-0.300672,0.953719,0.0041081,0,-0.399343,0.726575,0.00593999,1], "O_T_EE_d": [0.0140914,0.00871836,-0.999853,0,-0.953635,-0.300506,-0.0160604,0,-0.300608,0.953739,0.00407965,0,-0.399276,0.726558,0.0058529,1], "F_T_NE": [0.7071,-0.7071,0,0,0.7071,0.7071,0,0,0,0,1,0,0,0,0.1034,1], "NE_T_EE": [1,0,0,0,0,1,0,0,0,0,1,0,0,0,0,1], "F_T_EE": [0.7071,-0.7071,0,0,0.7071,0.7071,0,0,0,0,1,0,0,0,0.1034,1], "EE_T_K": [1,0,0,0,0,1,0,0,0,0,1,0,0,0,0,1], "m_ee": 0.73, "F_x_Cee": [-0.01,0,0.03], "I_ee": [0.001,0,0,0,0.0025,0,0,0,0.0017], "m_load": 0, "F_x_Cload": [0,0,0], "I_load": [0,0,0,0,0,0,0,0,0], "m_total": 0.73, "F_x_Ctotal": [-0.01,0,0.03], "I_total": [0.001,0,0,0,0.0025,0,0,0,0.0017], "elbow": [-2.02809,-1], "elbow_d": [-2.02827,-1], "elbow_c": [-2.02827,-1], "delbow_c": [0,0], "ddelbow_c": [0,0], "tau_J": [-0.669303,41.6938,22.2449,1.622,0.10297,-2.17744,0.143025], "tau_J_d": [0,0,0,0,0,0,0], "dtau_J": [45.329,-60.188,2.56517,-116.199,-16.235,-24.0806,77.7519], "q": [-1.7727,-1.75043,-2.02809,-1.22791,2.6606,2.25595,-0.146142], "dq": [-0.000509892,0.000918092,0.00391861,0.000821335,0.00019592,0.000258685,-0.00158638], "q_d": [-1.77277,-1.75044,-2.02827,-1.22799,2.66059,2.25582,-0.146133], "dq_d": [0,0,0,0,0,0,0], "ddq_d": [0,0,0,0,0,0,0], "joint_contact": [0,0,0,0,0,0,0], "cartesian_contact": [0,0,0,0,0,0], "joint_collision": [0,0,0,0,0,0,0], "cartesian_collision": [0,0,0,0,0,0], "tau_ext_hat_filtered": [-0.592485,-0.83341,-0.95947,-0.496235,0.215221,-1.1469,0.11332], "O_F_ext_hat_K": [3.4695,-7.7838,0.699285,1.40469,0.515314,-0.687127], "K_F_ext_hat_K": [-0.718535,-0.980156,-8.46386,1.28824,-0.855385,-0.0554401], "O_dP_EE_d": [0,0,0,0,0,0], "O_ddP_O": [0,0,-9.81], "O_T_EE_c": [0.0140914,0.00871836,-0.999853,0,-0.953635,-0.300506,-0.0160604,0,-0.300608,0.953739,0.00407965,0,-0.399276,0.726558,0.0058529,1], "O_dP_EE_c": [0,0,0,0,0,0], "O_ddP_EE_c": [0,0,0,0,0,0], "theta": [-1.77275,-1.7475,-2.02653,-1.2278,2.66061,2.25571,-0.146126], "dtheta": [0,0,0,0,0,0,0], "current_errors": [], "last_motion_errors": [], "control_command_success_rate": 0, "robot_mode": "User stopped", "time": 7343767}