{"O_T_EE": [0.00801468,-0.00259557,-0.999955,0,-0.982631,0.185331,-0.00835689,0,0.185347,0.982672,-0.00106514,0,-0.0176063,0.815641,-0.00477459,1], "O_T_EE_d": [0.00804993,-0.00259955,-0.999955,0,-0.982631,0.185329,-0.00839227,0,0.185346,0.982673,-0.00106253,0,-0.0176117,0.815607,-0.00481693,1], "F_T_NE": [0.7071,-0.7071,0,0,0.7071,0.7071,0,0,0,0,1,0,0,0,0.1034,1], "NE_T_EE": [1,0,0,0,0,1,0,0,0,0,1,0,0,0,0,1], "F_T_EE": [0.7071,-0.7071,0,0,0.7071,0.7071,0,0,0,0,1,0,0,0,0.1034,1], "EE_T_K": [1,0,0,0,0,1,0,0,0,0,1,0,0,0,0,1], "m_ee": 0.73, "F_x_Cee": [-0.01,0,0.03], "I_ee": [0.001,0,0,0,0.0025,0,0,0,0.0017], "m_load": 0, "F_x_Cload": [0,0,0], "I_load": [0,0,0,0,0,0,0,0,0], "m_total": 0.73, "F_x_Ctotal": [-0.01,0,0.03], "I_total": [0.001,0,0,0,0.0025,0,0,0,0.0017], "elbow": [-1.14495,-1], "elbow_d": [-1.14489,-1], "elbow_c": [-1.14489,-1], "delbow_c": [0,0], "ddelbow_c": [0,0], "tau_J": [0.524849,-41.6985,-22.0022,0.816644,-0.591915,-2.28822,0.0615432], "tau_J_d": [0,0,0,0,0,0,0], "dtau_J": [40.5367,82.5956,-2.22565,-68.6775,26.2046,-0.591105,59.1289], "q": [2.35728,1.74507,-1.14495,-1.17738,-2.0786,2.62793,1.2324], "dq": [-0.000719235,-0.000244259,-0.000647996,0.00105524,-0.000302008,-0.000387945,-0.00152052], "q_d": [2.35736,1.74511,-1.14489,-1.17749,-2.07858,2.62785,1.23239], "dq_d": [0,0,0,0,0,0,0], "ddq_d": [0,0,0,0,0,0,0], "joint_contact": [0,0,0,0,0,0,0], "cartesian_contact": [0,0,0,0,0,0], "joint_collision": [0,0,0,0,0,0,0], "cartesian_collision": [0,0,0,0,0,0], "tau_ext_hat_filtered": [0.468376,0.576378,1.11537,-0.826955,0.555108,-0.797207,0.0389098], "O_F_ext_hat_K": [-1.10874,-7.02782,-0.881221,1.1064,-0.211012,0.543878], "K_F_ext_hat_K": [0.890553,-0.205622,-7.11061,0.499576,-1.85964,0.147713], "O_dP_EE_d": [0,0,0,0,0,0], "O_ddP_O": [0,0,-9.81], "O_T_EE_c": [0.00804993,-0.00259955,-0.999955,0,-0.982631,0.185329,-0.00839227,0,0.185346,0.982673,-0.00106253,0,-0.0176117,0.815607,-0.00481693,1], "O_dP_EE_c": [0,0,0,0,0,0], "O_ddP_EE_c": [0,0,0,0,0,0], "theta": [2.35732,1.74215,-1.14649,-1.17732,-2.07866,2.62768,1.23241], "dtheta": [0,0,0,0,0,0,0], "current_errors": [], "last_motion_errors": [], "control_command_success_rate": 0, "robot_mode": "User stopped", "time": 7523064}