{"O_T_EE": [0.0174755,0.0297221,-0.999396,0,-0.992689,0.119827,-0.0137945,0,0.119347,0.99235,0.0315994,0,-0.0615384,0.818332,0.00659948,1], "O_T_EE_d": [0.0174383,0.0297398,-0.999396,0,-0.992662,0.120058,-0.0137482,0,0.119579,0.992321,0.0316158,0,-0.0614245,0.81831,0.00656532,1], "F_T_NE": [0.7071,-0.7071,0,0,0.7071,0.7071,0,0,0,0,1,0,0,0,0.1034,1], "NE_T_EE": [1,0,0,0,0,1,0,0,0,0,1,0,0,0,0,1], "F_T_EE": [0.7071,-0.7071,0,0,0.7071,0.7071,0,0,0,0,1,0,0,0,0.1034,1], "EE_T_K": [1,0,0,0,0,1,0,0,0,0,1,0,0,0,0,1], "m_ee": 0.73, "F_x_Cee": [-0.01,0,0.03], "I_ee": [0.001,0,0,0,0.0025,0,0,0,0.0017], "m_load": 0, "F_x_Cload": [0,0,0], "I_load": [0,0,0,0,0,0,0,0,0], "m_total": 0.73, "F_x_Ctotal": [-0.01,0,0.03], "I_total": [0.001,0,0,0,0.0025,0,0,0,0.0017], "elbow": [-2.03178,-1], "elbow_d": [-2.03184,-1], "elbow_c": [-2.03184,-1], "delbow_c": [0,0], "ddelbow_c": [0,0], "tau_J": [-1.15728,40.6782,22.4671,1.23718,0.221989,-2.3578,0.0816849], "tau_J_d": [0,0,0,0,0,0,0], "dtau_J": [31.6985,-68.1251,-32.4011,36.4084,-17.8456,-0.124874,-75.8878], "q": [-2.23095,-1.75472,-2.03178,-1.27808,2.62103,2.2174,-0.136926], "dq": [-0.000250205,0.00015107,-0.0042043,-0.000790714,0.000207773,0.00046332,0.00190393], "q_d": [-2.23112,-1.75475,-2.03184,-1.27819,2.62105,2.2172,-0.136909], "dq_d": [0,0,0,0,0,0,0], "ddq_d": [0,0,0,0,0,0,0], "joint_contact": [0,0,0,0,0,0,0], "cartesian_contact": [0,0,0,0,0,0], "joint_collision": [0,0,0,0,0,0,0], "cartesian_collision": [0,0,0,0,0,0], "tau_ext_hat_filtered": [-1.1137,-0.978672,-1.26224,-0.457368,0.430995,-1.23188,0.133065], "O_F_ext_hat_K": [0.566547,-9.86488,0.987025,1.55601,-0.0397676,-1.2312], "K_F_ext_hat_K": [-1.26976,-1.75814,-9.6906,1.38265,-0.671738,-0.0653494], "O_dP_EE_d": [0,0,0,0,0,0], "O_ddP_O": [0,0,-9.81], "O_T_EE_c": [0.0174383,0.0297398,-0.999396,0,-0.992662,0.120058,-0.0137482,0,0.119579,0.992321,0.0316158,0,-0.0614245,0.81831,0.00656532,1], "O_dP_EE_c": [0,0,0,0,0,0], "O_ddP_EE_c": [0,0,0,0,0,0], "theta": [-2.23103,-1.75186,-2.03021,-1.27799,2.62105,2.21713,-0.136917], "dtheta": [0,0,-0.0252741,0,0,0,0], "current_errors": [], "last_motion_errors": [], "control_command_success_rate": 0, "robot_mode": "User stopped", "time": 7435759}