{"O_T_EE": [0.0100346,0.025853,-0.999606,0,-0.955598,0.294634,-0.00197261,0,0.294472,0.95526,0.0276621,0,0.0827505,0.808977,-0.00460857,1], "O_T_EE_d": [0.0100946,0.0259014,-0.999604,0,-0.955594,0.294647,-0.00201535,0,0.294484,0.955254,0.0277261,0,0.0827886,0.808967,-0.00461196,1], "F_T_NE": [0.7071,-0.7071,0,0,0.7071,0.7071,0,0,0,0,1,0,0,0,0.1034,1], "NE_T_EE": [1,0,0,0,0,1,0,0,0,0,1,0,0,0,0,1], "F_T_EE": [0.7071,-0.7071,0,0,0.7071,0.7071,0,0,0,0,1,0,0,0,0.1034,1], "EE_T_K": [1,0,0,0,0,1,0,0,0,0,1,0,0,0,0,1], "m_ee": 0.73, "F_x_Cee": [-0.01,0,0.03], "I_ee": [0.001,0,0,0,0.0025,0,0,0,0.0017], "m_load": 0, "F_x_Cload": [0,0,0], "I_load": [0,0,0,0,0,0,0,0,0], "m_total": 0.73, "F_x_Ctotal": [-0.01,0,0.03], "I_total": [0.001,0,0,0,0.0025,0,0,0,0.0017], "elbow": [-1.14597,-1], "elbow_d": [-1.14596,-1], "elbow_c": [-1.14596,-1], "delbow_c": [0,0], "ddelbow_c": [0,0], "tau_J": [-0.558219,-41.1352,-22.5656,0.431818,-0.793331,-2.39809,-0.0199387], "tau_J_d": [0,0,0,0,0,0,0], "dtau_J": [45.6402,-129.436,-100.485,-155.173,5.48735,-16.1813,-67.8732], "q": [2.24893,1.75744,-1.14597,-1.19787,-2.07041,2.58889,1.25159], "dq": [8.86406e-05,0.00138224,0.000703361,0.00183568,-5.03263e-05,0.000193672,0.001163], "q_d": [2.24891,1.75747,-1.14596,-1.1979,-2.0704,2.58879,1.25158], "dq_d": [0,0,0,0,0,0,0], "ddq_d": [0,0,0,0,0,0,0], "joint_contact": [0,0,0,0,0,0,0], "cartesian_contact": [0,0,0,0,0,0], "joint_collision": [0,0,0,0,0,0,0], "cartesian_collision": [0,0,0,0,0,0], "tau_ext_hat_filtered": [-0.558768,0.641842,0.815356,-0.783277,0.320755,-0.875898,0.0131791], "O_F_ext_hat_K": [0.120481,-2.93642,-1.89489,0.019304,-0.170397,-0.460672], "K_F_ext_hat_K": [1.81947,-0.97658,-2.82198,0.127429,-1.59227,0.145717], "O_dP_EE_d": [0,0,0,0,0,0], "O_ddP_O": [0,0,-9.81], "O_T_EE_c": [0.0100946,0.0259014,-0.999604,0,-0.955594,0.294647,-0.00201535,0,0.294484,0.955254,0.0277261,0,0.0827886,0.808967,-0.00461196,1], "O_dP_EE_c": [0,0,0,0,0,0], "O_ddP_EE_c": [0,0,0,0,0,0], "theta": [2.24889,1.75455,-1.14755,-1.19784,-2.0705,2.58862,1.25158], "dtheta": [0,0,0,0,0,0,0], "current_errors": [], "last_motion_errors": [], "control_command_success_rate": 0, "robot_mode": "User stopped", "time": 7549655}