{"O_T_EE": [0.0220573,0.0314404,-0.999253,0,-0.908203,0.418451,-0.00688135,0,0.41793,0.907693,0.0377849,0,0.180841,0.789617,-0.00449876,1], "O_T_EE_d": [0.0220671,0.031471,-0.999251,0,-0.908201,0.418454,-0.00687734,0,0.417933,0.907691,0.0378169,0,0.180844,0.789589,-0.00453686,1], "F_T_NE": [0.7071,-0.7071,0,0,0.7071,0.7071,0,0,0,0,1,0,0,0,0.1034,1], "NE_T_EE": [1,0,0,0,0,1,0,0,0,0,1,0,0,0,0,1], "F_T_EE": [0.7071,-0.7071,0,0,0.7071,0.7071,0,0,0,0,1,0,0,0,0.1034,1], "EE_T_K": [1,0,0,0,0,1,0,0,0,0,1,0,0,0,0,1], "m_ee": 0.73, "F_x_Cee": [-0.01,0,0.03], "I_ee": [0.001,0,0,0,0.0025,0,0,0,0.0017], "m_load": 0, "F_x_Cload": [0,0,0], "I_load": [0,0,0,0,0,0,0,0,0], "m_total": 0.73, "F_x_Ctotal": [-0.01,0,0.03], "I_total": [0.001,0,0,0,0.0025,0,0,0,0.0017], "elbow": [-1.14401,-1], "elbow_d": [-1.14393,-1], "elbow_c": [-1.14393,-1], "delbow_c": [0,0], "ddelbow_c": [0,0], "tau_J": [-0.149589,-40.6075,-22.4902,0.241388,-0.738399,-2.32851,0.0816849], "tau_J_d": [0,0,0,0,0,0,0], "dtau_J": [-35.2178,43.2771,-58.0319,-85.588,22.5973,-5.8609,-75.205], "q": [2.13835,1.75831,-1.14401,-1.21524,-2.04834,2.5794,1.23504], "dq": [-1.12484e-05,-0.000561587,0.00118735,0.000390145,-0.000182123,-0.000439018,0.00171521], "q_d": [2.13837,1.75833,-1.14393,-1.21531,-2.04833,2.57927,1.23503], "dq_d": [0,0,0,0,0,0,0], "ddq_d": [0,0,0,0,0,0,0], "joint_contact": [0,0,0,0,0,0,0], "cartesian_contact": [0,0,0,0,0,0], "joint_collision": [0,0,0,0,0,0,0], "cartesian_collision": [0,0,0,0,0,0], "tau_ext_hat_filtered": [-0.137113,0.711079,1.05714,-0.891459,0.351584,-0.761919,0.130093], "O_F_ext_hat_K": [-1.12326,-5.34219,-1.07142,0.572053,-0.198347,-0.0479991], "K_F_ext_hat_K": [0.877898,-1.20794,-5.359,-0.0118133,-1.47615,0.243375], "O_dP_EE_d": [0,0,0,0,0,0], "O_ddP_O": [0,0,-9.81], "O_T_EE_c": [0.0220671,0.031471,-0.999251,0,-0.908201,0.418454,-0.00687734,0,0.417933,0.907691,0.0378169,0,0.180844,0.789589,-0.00453686,1], "O_dP_EE_c": [0,0,0,0,0,0], "O_ddP_EE_c": [0,0,0,0,0,0], "theta": [2.13833,1.75546,-1.14559,-1.21522,-2.04843,2.57914,1.23505], "dtheta": [0,0,0,0,0,0,0], "current_errors": [], "last_motion_errors": [], "control_command_success_rate": 0, "robot_mode": "User stopped", "time": 7582270}