{"O_T_EE": [0.0273398,0.0633011,-0.99761,0,-0.847837,0.530136,0.0104034,0,0.529538,0.845543,0.0681641,0,0.271782,0.763608,0.00288121,1], "O_T_EE_d": [0.0274827,0.0632877,-0.997607,0,-0.84786,0.530102,0.010272,0,0.529494,0.845565,0.0682291,0,0.271784,0.763578,0.002848,1], "F_T_NE": [0.7071,-0.7071,0,0,0.7071,0.7071,0,0,0,0,1,0,0,0,0.1034,1], "NE_T_EE": [1,0,0,0,0,1,0,0,0,0,1,0,0,0,0,1], "F_T_EE": [0.7071,-0.7071,0,0,0.7071,0.7071,0,0,0,0,1,0,0,0,0.1034,1], "EE_T_K": [1,0,0,0,0,1,0,0,0,0,1,0,0,0,0,1], "m_ee": 0.73, "F_x_Cee": [-0.01,0,0.03], "I_ee": [0.001,0,0,0,0.0025,0,0,0,0.0017], "m_load": 0, "F_x_Cload": [0,0,0], "I_load": [0,0,0,0,0,0,0,0,0], "m_total": 0.73, "F_x_Ctotal": [-0.01,0,0.03], "I_total": [0.001,0,0,0,0.0025,0,0,0,0.0017], "elbow": [1.99547,-1], "elbow_d": [1.99546,-1], "elbow_c": [1.99546,-1], "delbow_c": [0,0], "ddelbow_c": [0,0], "tau_J": [0.151925,40.337,-22.9028,0.507196,-0.683468,-2.61873,-0.162761], "tau_J_d": [0,0,0,0,0,0,0], "dtau_J": [-88.05,6.83084,-209.205,67.9626,25.4659,-16.9489,-99.4299], "q": [-1.11162,-1.75544,1.99547,-1.22822,-2.01169,2.55767,1.22547], "dq": [0.000866723,-0.000368463,0.00167147,-0.00173272,-0.0004104,0.000459614,0.0020795], "q_d": [-1.11155,-1.75555,1.99546,-1.2283,-2.01167,2.55754,1.22546], "dq_d": [0,0,0,0,0,0,0], "ddq_d": [0,0,0,0,0,0,0], "joint_contact": [0,0,0,0,0,0,0], "cartesian_contact": [0,0,0,0,0,0], "joint_collision": [0,0,0,0,0,0,0], "cartesian_collision": [0,0,0,0,0,0], "tau_ext_hat_filtered": [0.224596,-0.871094,0.835379,-0.559493,0.369031,-0.970451,-0.0862385], "O_F_ext_hat_K": [-1.9981,-3.73721,-2.06318,0.0203126,-0.446835,0.279322], "K_F_ext_hat_K": [1.76709,-0.30864,-4.35868,0.21009,-1.87736,-0.023483], "O_dP_EE_d": [0,0,0,0,0,0], "O_ddP_O": [0,0,-9.81], "O_T_EE_c": [0.0274827,0.0632877,-0.997607,0,-0.84786,0.530102,0.010272,0,0.529494,0.845565,0.0682291,0,0.271784,0.763578,0.002848,1], "O_dP_EE_c": [0,0,0,0,0,0], "O_ddP_EE_c": [0,0,0,0,0,0], "theta": [-1.11161,-1.75261,1.99387,-1.22818,-2.01177,2.55738,1.22545], "dtheta": [0,0,0,0,0,0,0], "current_errors": [], "last_motion_errors": [], "control_command_success_rate": 0, "robot_mode": "User stopped", "time": 7687508}