{"O_T_EE": [0.0089966,0.0295949,-0.999512,0,-0.733118,0.679953,0.0135342,0,0.680035,0.732652,0.0278144,0,0.406643,0.696646,0.00273875,1], "O_T_EE_d": [0.00914166,0.0296353,-0.999509,0,-0.733158,0.679911,0.0134537,0,0.67999,0.732689,0.0279434,0,0.406613,0.696648,0.00277091,1], "F_T_NE": [0.7071,-0.7071,0,0,0.7071,0.7071,0,0,0,0,1,0,0,0,0.1034,1], "NE_T_EE": [1,0,0,0,0,1,0,0,0,0,1,0,0,0,0,1], "F_T_EE": [0.7071,-0.7071,0,0,0.7071,0.7071,0,0,0,0,1,0,0,0,0.1034,1], "EE_T_K": [1,0,0,0,0,1,0,0,0,0,1,0,0,0,0,1], "m_ee": 0.73, "F_x_Cee": [-0.01,0,0.03], "I_ee": [0.001,0,0,0,0.0025,0,0,0,0.0017], "m_load": 0, "F_x_Cload": [0,0,0], "I_load": [0,0,0,0,0,0,0,0,0], "m_total": 0.73, "F_x_Ctotal": [-0.01,0,0.03], "I_total": [0.001,0,0,0,0.0025,0,0,0,0.0017], "elbow": [1.98217,-1], "elbow_d": [1.98212,-1], "elbow_c": [1.98212,-1], "delbow_c": [0,0], "ddelbow_c": [0,0], "tau_J": [0.298714,40.1505,-23.0139,-0.0283874,-0.60107,-2.51802,0.0414016], "tau_J_d": [0,0,0,0,0,0,0], "dtau_J": [39.5981,-80.6946,31.8567,-21.6609,-12.5647,-24.2209,0.587238], "q": [-1.28141,-1.75057,1.98217,-1.24719,-2.04696,2.60731,1.26909], "dq": [0.000504423,0.000347148,-0.000109327,0.000120785,0.000238678,0.000331832,-0.000726591], "q_d": [-1.28126,-1.7506,1.98212,-1.24735,-2.04693,2.60719,1.2691], "dq_d": [0,0,0,0,0,0,0], "ddq_d": [0,0,0,0,0,0,0], "joint_contact": [0,0,0,0,0,0,0], "cartesian_contact": [0,0,0,0,0,0], "joint_collision": [0,0,0,0,0,0,0], "cartesian_collision": [0,0,0,0,0,0], "tau_ext_hat_filtered": [0.324435,-0.692928,0.954312,-0.8136,0.550441,-0.971891,0.047123], "O_F_ext_hat_K": [-3.82782,-4.96504,-1.42973,0.596892,-0.703452,0.387479], "K_F_ext_hat_K": [1.24768,-0.589111,-6.28046,0.236507,-2.02788,0.133088], "O_dP_EE_d": [0,0,0,0,0,0], "O_ddP_O": [0,0,-9.81], "O_T_EE_c": [0.00914166,0.0296353,-0.999509,0,-0.733158,0.679911,0.0134537,0,0.67999,0.732689,0.0279434,0,0.406613,0.696648,0.00277091,1], "O_dP_EE_c": [0,0,0,0,0,0], "O_ddP_EE_c": [0,0,0,0,0,0], "theta": [-1.28139,-1.74775,1.98055,-1.24719,-2.04703,2.60703,1.2691], "dtheta": [0,0,0,0,0,0,0], "current_errors": [], "last_motion_errors": [], "control_command_success_rate": 0, "robot_mode": "User stopped", "time": 7733158}