{"O_T_EE": [0.0149194,0.0426375,-0.99897,0,-0.788684,0.614614,0.0144538,0,0.614609,0.78767,0.042798,0,0.363411,0.722164,0.00292682,1], "O_T_EE_d": [0.0150437,0.0427519,-0.998963,0,-0.788665,0.614638,0.0144274,0,0.614629,0.787646,0.0429643,0,0.363463,0.722157,0.0029979,1], "F_T_NE": [0.7071,-0.7071,0,0,0.7071,0.7071,0,0,0,0,1,0,0,0,0.1034,1], "NE_T_EE": [1,0,0,0,0,1,0,0,0,0,1,0,0,0,0,1], "F_T_EE": [0.7071,-0.7071,0,0,0.7071,0.7071,0,0,0,0,1,0,0,0,0.1034,1], "EE_T_K": [1,0,0,0,0,1,0,0,0,0,1,0,0,0,0,1], "m_ee": 0.73, "F_x_Cee": [-0.01,0,0.03], "I_ee": [0.001,0,0,0,0.0025,0,0,0,0.0017], "m_load": 0, "F_x_Cload": [0,0,0], "I_load": [0,0,0,0,0,0,0,0,0], "m_total": 0.73, "F_x_Ctotal": [-0.01,0,0.03], "I_total": [0.001,0,0,0,0.0025,0,0,0,0.0017], "elbow": [1.98444,-1], "elbow_d": [1.98439,-1], "elbow_c": [1.98439,-1], "delbow_c": [0,0], "ddelbow_c": [0,0], "tau_J": [0.0765462,40.5631,-23.4662,-0.25849,-0.775021,-2.56837,0.071614], "tau_J_d": [0,0,0,0,0,0,0], "dtau_J": [-69.6065,-27.0111,9.74213,-11.3744,-4.50686,16.5508,-38.1779], "q": [-1.22418,-1.75732,1.98444,-1.24318,-2.07151,2.57785,1.29472], "dq": [0.0008515,8.00513e-05,0.000319666,-0.000283847,8.48447e-05,-0.00036341,0.000173576], "q_d": [-1.2242,-1.75729,1.98439,-1.24326,-2.07149,2.57773,1.29472], "dq_d": [0,0,0,0,0,0,0], "ddq_d": [0,0,0,0,0,0,0], "joint_contact": [0,0,0,0,0,0,0], "cartesian_contact": [0,0,0,0,0,0], "joint_collision": [0,0,0,0,0,0,0], "cartesian_collision": [0,0,0,0,0,0], "tau_ext_hat_filtered": [0.121958,-0.273421,0.493702,-0.989048,0.342014,-1.03951,0.0869417], "O_F_ext_hat_K": [-3.16706,-6.35776,0.214998,1.57107,-0.937656,0.203215], "K_F_ext_hat_K": [-0.533117,-1.40668,-6.94512,-0.241752,-1.62128,0.198705], "O_dP_EE_d": [0,0,0,0,0,0], "O_ddP_O": [0,0,-9.81], "O_T_EE_c": [0.0150437,0.0427519,-0.998963,0,-0.788665,0.614638,0.0144274,0,0.614629,0.787646,0.0429643,0,0.363463,0.722157,0.0029979,1], "O_dP_EE_c": [0,0,0,0,0,0], "O_ddP_EE_c": [0,0,0,0,0,0], "theta": [-1.22417,-1.75448,1.98279,-1.2432,-2.07159,2.57757,1.29473], "dtheta": [0,0,0,0,0,0,0], "current_errors": [], "last_motion_errors": [], "control_command_success_rate": 0, "robot_mode": "User stopped", "time": 7720039}