{"O_T_EE": [0.0205958,0.000804276,-0.999778,0,-0.369608,0.929152,-0.00686662,0,0.928958,0.369675,0.0194343,0,0.671886,0.428628,-0.00473352,1], "O_T_EE_d": [0.020656,0.000927871,-0.999777,0,-0.369629,0.929144,-0.00677444,0,0.928948,0.369694,0.0195357,0,0.671873,0.428652,-0.00471315,1], "F_T_NE": [0.7071,-0.7071,0,0,0.7071,0.7071,0,0,0,0,1,0,0,0,0.1034,1], "NE_T_EE": [1,0,0,0,0,1,0,0,0,0,1,0,0,0,0,1], "F_T_EE": [0.7071,-0.7071,0,0,0.7071,0.7071,0,0,0,0,1,0,0,0,0.1034,1], "EE_T_K": [1,0,0,0,0,1,0,0,0,0,1,0,0,0,0,1], "m_ee": 0.73, "F_x_Cee": [-0.01,0,0.03], "I_ee": [0.001,0,0,0,0.0025,0,0,0,0.0017], "m_load": 0, "F_x_Cload": [0,0,0], "I_load": [0,0,0,0,0,0,0,0,0], "m_total": 0.73, "F_x_Ctotal": [-0.01,0,0.03], "I_total": [0.001,0,0,0,0.0025,0,0,0,0.0017], "elbow": [-1.13218,-1], "elbow_d": [-1.13216,-1], "elbow_c": [-1.13216,-1], "delbow_c": [0,0], "ddelbow_c": [0,0], "tau_J": [0.711312,-39.7387,-23.1647,0.201715,-0.610226,-2.34773,0.071614], "tau_J_d": [0,0,0,0,0,0,0], "dtau_J": [-19.1143,8.9929,103.461,9.49688,0.67648,-4.90966,-77.0055], "q": [1.40742,1.74502,-1.13218,-1.29279,-2.12376,2.56768,1.31669], "dq": [0.0011413,-0.000276809,-0.000503611,0.00483025,0.00656199,0.000730107,0.0020999], "q_d": [1.40747,1.74499,-1.13216,-1.29283,-2.12368,2.56758,1.3167], "dq_d": [0,0,0,0,0,0,0], "ddq_d": [0,0,0,0,0,0,0], "joint_contact": [0,0,0,0,0,0,0], "cartesian_contact": [0,0,0,0,0,0], "joint_collision": [0,0,0,0,0,0,0], "cartesian_collision": [0,0,0,0,0,0], "tau_ext_hat_filtered": [0.759062,0.231925,1.06211,-0.530988,0.510425,-0.864493,0.123255], "O_F_ext_hat_K": [-6.33177,-2.69904,-0.498323,0.618707,-1.06662,0.851652], "K_F_ext_hat_K": [0.365641,-0.164127,-6.88941,0.065097,-1.64204,0.254936], "O_dP_EE_d": [0,0,0,0,0,0], "O_ddP_O": [0,0,-9.81], "O_T_EE_c": [0.020656,0.000927871,-0.999777,0,-0.369629,0.929144,-0.00677444,0,0.928948,0.369694,0.0195357,0,0.671873,0.428652,-0.00471315,1], "O_dP_EE_c": [0,0,0,0,0,0], "O_ddP_EE_c": [0,0,0,0,0,0], "theta": [1.40747,1.74223,-1.13381,-1.29278,-2.12383,2.56742,1.3167], "dtheta": [0,0,0,0.0250771,0,0,0], "current_errors": [], "last_motion_errors": [], "control_command_success_rate": 0, "robot_mode": "User stopped", "time": 8837809}