{"O_T_EE": [0.0425483,0.0307153,-0.998613,0,-0.533024,0.846083,0.003313,0,0.845027,0.532153,0.0523723,0,0.582695,0.546903,-0.00400788,1], "O_T_EE_d": [0.0428014,0.0309232,-0.998595,0,-0.533046,0.846068,0.00335276,0,0.845,0.532164,0.0526974,0,0.582701,0.546961,-0.00385922,1], "F_T_NE": [0.7071,-0.7071,0,0,0.7071,0.7071,0,0,0,0,1,0,0,0,0.1034,1], "NE_T_EE": [1,0,0,0,0,1,0,0,0,0,1,0,0,0,0,1], "F_T_EE": [0.7071,-0.7071,0,0,0.7071,0.7071,0,0,0,0,1,0,0,0,0.1034,1], "EE_T_K": [1,0,0,0,0,1,0,0,0,0,1,0,0,0,0,1], "m_ee": 0.73, "F_x_Cee": [-0.01,0,0.03], "I_ee": [0.001,0,0,0,0.0025,0,0,0,0.0017], "m_load": 0, "F_x_Cload": [0,0,0], "I_load": [0,0,0,0,0,0,0,0,0], "m_total": 0.73, "F_x_Ctotal": [-0.01,0,0.03], "I_total": [0.001,0,0,0,0.0025,0,0,0,0.0017], "elbow": [-0.0326362,-1], "elbow_d": [-0.0326323,-1], "elbow_c": [-0.0326323,-1], "delbow_c": [0,0], "ddelbow_c": [0,0], "tau_J": [0.227303,-48.8635,-1.22953,15.1147,-0.271481,-2.83937,0.132954], "tau_J_d": [0,0,0,0,0,0,0], "dtau_J": [23.3039,-49.8455,5.1797,66.5861,-11.1537,19.7207,91.5142], "q": [0.831689,1.21873,-0.0326362,-1.40366,-2.85161,2.02699,0.675819], "dq": [-0.000151531,4.03368e-05,-0.000362466,-0.006257,0.000469697,-0.000349662,-0.00183266], "q_d": [0.831745,1.21856,-0.0326323,-1.40374,-2.85161,2.02675,0.675828], "dq_d": [0,0,0,0,0,0,0], "ddq_d": [0,0,0,0,0,0,0], "joint_contact": [0,0,0,0,0,0,0], "cartesian_contact": [0,0,0,0,0,0], "joint_collision": [0,0,0,0,0,0,0], "cartesian_collision": [0,0,0,0,0,0], "tau_ext_hat_filtered": [0.241218,0.105389,0.208624,-0.745306,0.144308,-1.11374,0.0970539], "O_F_ext_hat_K": [-5.7417,-4.61232,1.24234,1.50452,-1.78945,0.280398], "K_F_ext_hat_K": [-1.62662,-0.837842,-7.24129,0.17438,-1.37124,0.124543], "O_dP_EE_d": [0,0,0,0,0,0], "O_ddP_O": [0,0,-9.81], "O_T_EE_c": [0.0428014,0.0309232,-0.998595,0,-0.533046,0.846068,0.00335276,0,0.845,0.532164,0.0526974,0,0.582701,0.546961,-0.00385922,1], "O_dP_EE_c": [0,0,0,0,0,0], "O_ddP_EE_c": [0,0,0,0,0,0], "theta": [0.831705,1.2153,-0.0327217,-1.4026,-2.85164,2.02668,0.675834], "dtheta": [0,0,0,0,0,0,0], "current_errors": [], "last_motion_errors": [], "control_command_success_rate": 0, "robot_mode": "User stopped", "time": 7953253}