{"O_T_EE": [0.0571996,0.0389686,-0.997592,0,-0.476953,0.87889,0.00698438,0,0.877063,0.475414,0.0688597,0,0.615063,0.508594,-0.00412316,1], "O_T_EE_d": [0.0574232,0.0391063,-0.997574,0,-0.476917,0.878909,0.00700181,0,0.877068,0.475367,0.0691216,0,0.615047,0.508596,-0.00399026,1], "F_T_NE": [0.7071,-0.7071,0,0,0.7071,0.7071,0,0,0,0,1,0,0,0,0.1034,1], "NE_T_EE": [1,0,0,0,0,1,0,0,0,0,1,0,0,0,0,1], "F_T_EE": [0.7071,-0.7071,0,0,0.7071,0.7071,0,0,0,0,1,0,0,0,0.1034,1], "EE_T_K": [1,0,0,0,0,1,0,0,0,0,1,0,0,0,0,1], "m_ee": 0.73, "F_x_Cee": [-0.01,0,0.03], "I_ee": [0.001,0,0,0,0.0025,0,0,0,0.0017], "m_load": 0, "F_x_Cload": [0,0,0], "I_load": [0,0,0,0,0,0,0,0,0], "m_total": 0.73, "F_x_Ctotal": [-0.01,0,0.03], "I_total": [0.001,0,0,0,0.0025,0,0,0,0.0017], "elbow": [-0.0338381,-1], "elbow_d": [-0.0338352,-1], "elbow_c": [-0.0338352,-1], "delbow_c": [0,0], "ddelbow_c": [0,0], "tau_J": [0.413765,-49.8434,-1.30491,14.6545,-0.207394,-3.33009,0.0926712], "tau_J_d": [0,0,0,0,0,0,0], "dtau_J": [-46.1589,70.065,-35.7894,-184.672,20.5391,-7.61385,-47.2835], "q": [0.771682,1.22385,-0.0338381,-1.40624,-2.84907,2.00295,0.681245], "dq": [0.000840045,-0.00103918,-5.97951e-05,-0.000335543,-0.000245847,0.000236372,0.0012589], "q_d": [0.771727,1.22356,-0.0338352,-1.40659,-2.84903,2.00262,0.681247], "dq_d": [0,0,0,0,0,0,0], "ddq_d": [0,0,0,0,0,0,0], "joint_contact": [0,0,0,0,0,0,0], "cartesian_contact": [0,0,0,0,0,0], "joint_collision": [0,0,0,0,0,0,0], "cartesian_collision": [0,0,0,0,0,0], "tau_ext_hat_filtered": [0.411474,-0.934112,0.199845,-1.02456,0.193433,-1.55244,0.124929], "O_F_ext_hat_K": [-10.3318,-7.65564,4.83823,3.22389,-4.09025,0.431417], "K_F_ext_hat_K": [-5.716,-1.7669,-12.3681,0.114655,-1.39678,0.13909], "O_dP_EE_d": [0,0,0,0,0,0], "O_ddP_O": [0,0,-9.81], "O_T_EE_c": [0.0574232,0.0391063,-0.997574,0,-0.476917,0.878909,0.00700181,0,0.877068,0.475367,0.0691216,0,0.615047,0.508596,-0.00399026,1], "O_dP_EE_c": [0,0,0,0,0,0], "O_ddP_EE_c": [0,0,0,0,0,0], "theta": [0.771711,1.22035,-0.0339297,-1.40521,-2.8491,2.00258,0.681255], "dtheta": [0,0,0,0,0,0,0], "current_errors": [], "last_motion_errors": [], "control_command_success_rate": 0, "robot_mode": "User stopped", "time": 7972396}