{"O_T_EE": [0.0407965,0.0189155,-0.998979,0,-0.187353,0.982222,0.0109471,0,0.981445,0.186719,0.0436159,0,0.739111,0.291651,-0.00487873,1], "O_T_EE_d": [0.0407639,0.0189421,-0.99898,0,-0.187377,0.982217,0.0109782,0,0.981441,0.186742,0.0435891,0,0.739063,0.291682,-0.00490317,1], "F_T_NE": [0.7071,-0.7071,0,0,0.7071,0.7071,0,0,0,0,1,0,0,0,0.1034,1], "NE_T_EE": [1,0,0,0,0,1,0,0,0,0,1,0,0,0,0,1], "F_T_EE": [0.7071,-0.7071,0,0,0.7071,0.7071,0,0,0,0,1,0,0,0,0.1034,1], "EE_T_K": [1,0,0,0,0,1,0,0,0,0,1,0,0,0,0,1], "m_ee": 0.73, "F_x_Cee": [-0.01,0,0.03], "I_ee": [0.001,0,0,0,0.0025,0,0,0,0.0017], "m_load": 0, "F_x_Cload": [0,0,0], "I_load": [0,0,0,0,0,0,0,0,0], "m_total": 0.73, "F_x_Ctotal": [-0.01,0,0.03], "I_total": [0.001,0,0,0,0.0025,0,0,0,0.0017], "elbow": [0.00093689,-1], "elbow_d": [0.000980082,-1], "elbow_c": [0.000980082,-1], "delbow_c": [0,0], "ddelbow_c": [0,0], "tau_J": [0.78669,-48.4112,0.0836368,14.3848,0.029728,-2.63887,0.143025], "tau_J_d": [0,0,0,0,0,0,0], "dtau_J": [64.3191,-34.5442,-41.0741,-46.8082,-5.58103,23.2512,86.2454], "q": [0.424826,1.20504,0.00093689,-1.4303,-2.87827,2.01813,0.668829], "dq": [-0.00103109,0.000373903,0.00139701,-4.48153e-05,-0.000144365,-0.000367133,-0.00183567], "q_d": [0.424861,1.20502,0.000980082,-1.43042,-2.87825,2.01804,0.668835], "dq_d": [0,0,0,0,0,0,0], "ddq_d": [0,0,0,0,0,0,0], "joint_contact": [0,0,0,0,0,0,0], "cartesian_contact": [0,0,0,0,0,0], "joint_collision": [0,0,0,0,0,0,0], "cartesian_collision": [0,0,0,0,0,0], "tau_ext_hat_filtered": [0.677371,0.458198,0.57948,-1.31798,0.443943,-0.918753,0.108303], "O_F_ext_hat_K": [-8.89814,-1.84144,1.67787,0.81268,-2.37203,0.637222], "K_F_ext_hat_K": [-2.07404,-0.123245,-9.00369,0.5876,-1.22322,0.0806599], "O_dP_EE_d": [0,0,0,0,0,0], "O_ddP_O": [0,0,-9.81], "O_T_EE_c": [0.0407639,0.0189421,-0.99898,0,-0.187377,0.982217,0.0109782,0,0.981441,0.186742,0.0435891,0,0.739063,0.291682,-0.00490317,1], "O_dP_EE_c": [0,0,0,0,0,0], "O_ddP_EE_c": [0,0,0,0,0,0], "theta": [0.424881,1.20164,0.000942759,-1.42929,-2.87827,2.01783,0.668844], "dtheta": [0,0,0,0,0,0,0], "current_errors": [], "last_motion_errors": ["joint_position_limits_violation"], "control_command_success_rate": 0, "robot_mode": "User stopped", "time": 8967949}