{"O_T_EE": [0.0458193,0.00696119,-0.998916,0,-0.304786,0.952382,-0.00734333,0,0.951317,0.304798,0.04576,0,0.69607,0.384904,-0.00537039,1], "O_T_EE_d": [0.0457224,0.00701388,-0.99892,0,-0.304771,0.952388,-0.00726277,0,0.951327,0.30478,0.045684,0,0.69603,0.3849,-0.00542651,1], "F_T_NE": [0.7071,-0.7071,0,0,0.7071,0.7071,0,0,0,0,1,0,0,0,0.1034,1], "NE_T_EE": [1,0,0,0,0,1,0,0,0,0,1,0,0,0,0,1], "F_T_EE": [0.7071,-0.7071,0,0,0.7071,0.7071,0,0,0,0,1,0,0,0,0.1034,1], "EE_T_K": [1,0,0,0,0,1,0,0,0,0,1,0,0,0,0,1], "m_ee": 0.73, "F_x_Cee": [-0.01,0,0.03], "I_ee": [0.001,0,0,0,0.0025,0,0,0,0.0017], "m_load": 0, "F_x_Cload": [0,0,0], "I_load": [0,0,0,0,0,0,0,0,0], "m_total": 0.73, "F_x_Ctotal": [-0.01,0,0.03], "I_total": [0.001,0,0,0,0.0025,0,0,0,0.0017], "elbow": [-1.13765,-1], "elbow_d": [-1.13754,-1], "elbow_c": [-1.13754,-1], "delbow_c": [0,0], "ddelbow_c": [0,0], "tau_J": [0.338387,-38.7588,-22.6767,-0.639349,-0.856502,-2.14815,0.204366], "tau_J_d": [0,0,0,0,0,0,0], "dtau_J": [-42.4927,-49.7117,24.3626,182.923,-0.0505986,12.429,110.29], "q": [1.35381,1.76104,-1.13765,-1.29771,-2.07691,2.54774,1.29545], "dq": [0.000524877,0.00221035,-0.00226806,0.00426192,-7.54783e-05,-0.000117978,-0.00236819], "q_d": [1.35386,1.76103,-1.13754,-1.29777,-2.0769,2.54772,1.29549], "dq_d": [0,0,0,0,0,0,0], "ddq_d": [0,0,0,0,0,0,0], "joint_contact": [0,0,0,0,0,0,0], "cartesian_contact": [0,0,0,0,0,0], "joint_collision": [0,0,0,0,0,0,0], "cartesian_collision": [0,0,0,0,0,0], "tau_ext_hat_filtered": [0.346596,1.01132,1.61058,-0.994974,0.237813,-0.639878,0.164486], "O_F_ext_hat_K": [-6.99175,-3.85082,-0.709596,0.373259,-0.641265,0.449852], "K_F_ext_hat_K": [0.36167,-1.53128,-7.85756,-0.416294,-1.32346,0.297236], "O_dP_EE_d": [0,0,0,0,0,0], "O_ddP_O": [0,0,-9.81], "O_T_EE_c": [0.0457224,0.00701388,-0.99892,0,-0.304771,0.952388,-0.00726277,0,0.951327,0.30478,0.045684,0,0.69603,0.3849,-0.00542651,1], "O_dP_EE_c": [0,0,0,0,0,0], "O_ddP_EE_c": [0,0,0,0,0,0], "theta": [1.35383,1.75832,-1.13924,-1.29775,-2.077,2.5475,1.29547], "dtheta": [0,0,0,0,0,0,0], "current_errors": [], "last_motion_errors": [], "control_command_success_rate": 0, "robot_mode": "User stopped", "time": 8858414}