{"O_T_EE": [0.0326998,-0.0162995,-0.999323,0,0.249934,0.968223,-0.00761387,0,0.96771,-0.249521,0.0357351,0,0.790396,-0.052841,-0.00585128,1], "O_T_EE_d": [0.0326374,-0.0163264,-0.999324,0,0.249964,0.968215,-0.00765441,0,0.967704,-0.24955,0.0356818,0,0.790342,-0.0528546,-0.00590957,1], "F_T_NE": [0.7071,-0.7071,0,0,0.7071,0.7071,0,0,0,0,1,0,0,0,0.1034,1], "NE_T_EE": [1,0,0,0,0,1,0,0,0,0,1,0,0,0,0,1], "F_T_EE": [0.7071,-0.7071,0,0,0.7071,0.7071,0,0,0,0,1,0,0,0,0.1034,1], "EE_T_K": [1,0,0,0,0,1,0,0,0,0,1,0,0,0,0,1], "m_ee": 0.73, "F_x_Cee": [-0.01,0,0.03], "I_ee": [0.001,0,0,0,0.0025,0,0,0,0.0017], "m_load": 0, "F_x_Cload": [0,0,0], "I_load": [0,0,0,0,0,0,0,0,0], "m_total": 0.73, "F_x_Ctotal": [-0.01,0,0.03], "I_total": [0.001,0,0,0,0.0025,0,0,0,0.0017], "elbow": [0.00678497,-1], "elbow_d": [0.00677722,-1], "elbow_c": [0.00677722,-1], "delbow_c": [0,0], "ddelbow_c": [0,0], "tau_J": [0.227303,-47.7685,-0.368634,15.1504,-0.390499,-2.58852,0.0926712], "tau_J_d": [0,0,0,0,0,0,0], "dtau_J": [-137.564,140.115,34.2786,149.418,-25.0065,-6.97222,106.154], "q": [-0.0233421,1.19844,0.00678497,-1.44254,-2.88451,2.02,0.649194], "dq": [0.00123086,-0.0012514,-0.000290218,-0.000277691,-0.0021809,-0.000219098,-0.00197182], "q_d": [-0.023347,1.19845,0.00677722,-1.44269,-2.88449,2.0199,0.649192], "dq_d": [0,0,0,0,0,0,0], "ddq_d": [0,0,0,0,0,0,0], "joint_contact": [0,0,0,0,0,0,0], "cartesian_contact": [0,0,0,0,0,0], "joint_collision": [0,0,0,0,0,0,0], "cartesian_collision": [0,0,0,0,0,0], "tau_ext_hat_filtered": [0.275522,0.897618,0.0208121,-0.553022,0.0317328,-0.88011,0.0541528], "O_F_ext_hat_K": [-3.46445,0.699441,-1.4652,-0.249161,-0.256136,0.245991], "K_F_ext_hat_K": [1.33955,-0.177518,-3.57947,0.136256,-1.47064,0.0335147], "O_dP_EE_d": [0,0,0,0,0,0], "O_ddP_O": [0,0,-9.81], "O_T_EE_c": [0.0326374,-0.0163264,-0.999324,0,0.249964,0.968215,-0.00765441,0,0.967704,-0.24955,0.0356818,0,0.790342,-0.0528546,-0.00590957,1], "O_dP_EE_c": [0,0,0,0,0,0], "O_ddP_EE_c": [0,0,0,0,0,0], "theta": [-0.0233261,1.19508,0.0067591,-1.44148,-2.88455,2.01972,0.649205], "dtheta": [0,0,0,0,0,0,0], "current_errors": [], "last_motion_errors": ["joint_position_limits_violation"], "control_command_success_rate": 0, "robot_mode": "User stopped", "time": 9231522}