{"O_T_EE": [0.0491412,-0.0171369,-0.998635,0,0.175107,0.984505,-0.00827771,0,0.983322,-0.174464,0.0513815,0,0.791864,-0.00189989,-0.00590551,1], "O_T_EE_d": [0.0487965,-0.0171703,-0.998652,0,0.17507,0.984511,-0.00837287,0,0.983346,-0.174429,0.0510477,0,0.791728,-0.00186617,-0.00615523,1], "F_T_NE": [0.7071,-0.7071,0,0,0.7071,0.7071,0,0,0,0,1,0,0,0,0.1034,1], "NE_T_EE": [1,0,0,0,0,1,0,0,0,0,1,0,0,0,0,1], "F_T_EE": [0.7071,-0.7071,0,0,0.7071,0.7071,0,0,0,0,1,0,0,0,0.1034,1], "EE_T_K": [1,0,0,0,0,1,0,0,0,0,1,0,0,0,0,1], "m_ee": 0.73, "F_x_Cee": [-0.01,0,0.03], "I_ee": [0.001,0,0,0,0.0025,0,0,0,0.0017], "m_load": 0, "F_x_Cload": [0,0,0], "I_load": [0,0,0,0,0,0,0,0,0], "m_total": 0.73, "F_x_Ctotal": [-0.01,0,0.03], "I_total": [0.001,0,0,0,0.0025,0,0,0,0.0017], "elbow": [-0.291843,-1], "elbow_d": [-0.291765,-1], "elbow_c": [-0.291765,-1], "delbow_c": [0,0], "ddelbow_c": [0,0], "tau_J": [0.374093,-44.7891,-7.37883,12.8534,-0.124996,-2.04744,0.02126], "tau_J_d": [0,0,0,0,0,0,0], "dtau_J": [1.43332,142.088,-62.4897,-71.4122,28.598,-17.5273,-11.6605], "q": [0.294367,1.24206,-0.291843,-1.42535,-2.71332,2.07101,0.837724], "dq": [-0.000399058,-0.0023387,-0.000443919,0.000652981,-0.000602993,0.000382291,0.000220102], "q_d": [0.294424,1.24229,-0.291765,-1.42551,-2.71332,2.07097,0.837718], "dq_d": [0,0,0,0,0,0,0], "ddq_d": [0,0,0,0,0,0,0], "joint_contact": [0,0,0,0,0,0,0], "cartesian_contact": [0,0,0,0,0,0], "joint_collision": [0,0,0,0,0,0,0], "cartesian_collision": [0,0,0,0,0,0], "tau_ext_hat_filtered": [0.338675,3.00117,0.927574,-1.71101,0.2513,-0.300696,0.0333802], "O_F_ext_hat_K": [-3.50934,0.673594,-4.36057,-0.228871,1.95823,0.314761], "K_F_ext_hat_K": [4.1707,0.0847447,-3.79238,0.225793,-1.53248,0.0163921], "O_dP_EE_d": [0,0,0,0,0,0], "O_ddP_O": [0,0,-9.81], "O_T_EE_c": [0.0487965,-0.0171703,-0.998652,0,0.17507,0.984511,-0.00837287,0,0.983346,-0.174429,0.0510477,0,0.791728,-0.00186617,-0.00615523,1], "O_dP_EE_c": [0,0,0,0,0,0], "O_ddP_EE_c": [0,0,0,0,0,0], "theta": [0.294393,1.23891,-0.292361,-1.42445,-2.71334,2.07078,0.837726], "dtheta": [0,0,0,0,0,0,0], "current_errors": [], "last_motion_errors": ["joint_position_limits_violation"], "control_command_success_rate": 0, "robot_mode": "User stopped", "time": 9077252}