{"O_T_EE": [0.0380256,-0.00628139,-0.999247,0,0.36415,0.931296,0.00800321,0,0.930562,-0.364187,0.0377012,0,0.776709,-0.152668,-0.00544806,1], "O_T_EE_d": [0.0379913,-0.00628104,-0.999249,0,0.364149,0.931296,0.00799098,0,0.930564,-0.364186,0.0376691,0,0.77668,-0.152659,-0.00545865,1], "F_T_NE": [0.7071,-0.7071,0,0,0.7071,0.7071,0,0,0,0,1,0,0,0,0.1034,1], "NE_T_EE": [1,0,0,0,0,1,0,0,0,0,1,0,0,0,0,1], "F_T_EE": [0.7071,-0.7071,0,0,0.7071,0.7071,0,0,0,0,1,0,0,0,0.1034,1], "EE_T_K": [1,0,0,0,0,1,0,0,0,0,1,0,0,0,0,1], "m_ee": 0.73, "F_x_Cee": [-0.01,0,0.03], "I_ee": [0.001,0,0,0,0.0025,0,0,0,0.0017], "m_load": 0, "F_x_Cload": [0,0,0], "I_load": [0,0,0,0,0,0,0,0,0], "m_total": 0.73, "F_x_Ctotal": [-0.01,0,0.03], "I_total": [0.001,0,0,0,0.0025,0,0,0,0.0017], "elbow": [-0.0110412,-1], "elbow_d": [-0.0110401,-1], "elbow_c": [-0.0110401,-1], "delbow_c": [0,0], "ddelbow_c": [0,0], "tau_J": [0.413765,-47.0544,-0.368634,13.6945,-0.363033,-2.33766,0.122884], "tau_J_d": [0,0,0,0,0,0,0], "dtau_J": [-10.2401,-194.698,53.9436,34.8208,-10.7178,4.29189,-100.635], "q": [-0.136718,1.19639,-0.0110412,-1.44665,-2.88297,2.01969,0.680738], "dq": [0.00124883,0.00199334,-0.000628782,-0.000367275,0.000109208,0.000487645,0.00301093], "q_d": [-0.13671,1.19633,-0.0110401,-1.44679,-2.88297,2.01964,0.680743], "dq_d": [0,0,0,0,0,0,0], "ddq_d": [0,0,0,0,0,0,0], "joint_contact": [0,0,0,0,0,0,0], "cartesian_contact": [0,0,0,0,0,0], "joint_collision": [0,0,0,0,0,0,0], "cartesian_collision": [0,0,0,0,0,0], "tau_ext_hat_filtered": [0.305037,1.64441,0.400651,-1.91838,0.0469281,-0.628915,0.204609], "O_F_ext_hat_K": [-8.19937,1.9832,-0.170352,-0.21705,-1.13129,0.359697], "K_F_ext_hat_K": [-0.154023,-1.14024,-8.35871,-0.072513,-1.31028,0.242902], "O_dP_EE_d": [0,0,0,0,0,0], "O_ddP_O": [0,0,-9.81], "O_T_EE_c": [0.0379913,-0.00628104,-0.999249,0,0.364149,0.931296,0.00799098,0,0.930564,-0.364186,0.0376691,0,0.77668,-0.152659,-0.00545865,1], "O_dP_EE_c": [0,0,0,0,0,0], "O_ddP_EE_c": [0,0,0,0,0,0], "theta": [-0.13669,1.19309,-0.011067,-1.44569,-2.88301,2.01943,0.680752], "dtheta": [0,0,0,0,0,0,0], "current_errors": [], "last_motion_errors": ["joint_position_limits_violation"], "control_command_success_rate": 0, "robot_mode": "User stopped", "time": 9306571}