{"O_T_EE": [0.0377242,-0.010828,-0.99922,0,0.312972,0.949751,0.00152387,0,0.949012,-0.312791,0.0392183,0,0.785024,-0.103017,-0.005638,1], "O_T_EE_d": [0.0376861,-0.0107903,-0.999222,0,0.312987,0.949746,0.0015484,0,0.949008,-0.312808,0.0391702,0,0.784993,-0.10301,-0.00566948,1], "F_T_NE": [0.7071,-0.7071,0,0,0.7071,0.7071,0,0,0,0,1,0,0,0,0.1034,1], "NE_T_EE": [1,0,0,0,0,1,0,0,0,0,1,0,0,0,0,1], "F_T_EE": [0.7071,-0.7071,0,0,0.7071,0.7071,0,0,0,0,1,0,0,0,0.1034,1], "EE_T_K": [1,0,0,0,0,1,0,0,0,0,1,0,0,0,0,1], "m_ee": 0.73, "F_x_Cee": [-0.01,0,0.03], "I_ee": [0.001,0,0,0,0.0025,0,0,0,0.0017], "m_load": 0, "F_x_Cload": [0,0,0], "I_load": [0,0,0,0,0,0,0,0,0], "m_total": 0.73, "F_x_Ctotal": [-0.01,0,0.03], "I_total": [0.001,0,0,0,0.0025,0,0,0,0.0017], "elbow": [-0.00204008,-1], "elbow_d": [-0.00202075,-1], "elbow_c": [-0.00202075,-1], "delbow_c": [0,0], "ddelbow_c": [0,0], "tau_J": [0.18763,-47.0147,-0.293255,14.2697,-0.0160484,-2.37794,0.224507], "tau_J_d": [0,0,0,0,0,0,0], "dtau_J": [90.383,138.462,-147.596,-101.546,-2.06172,-5.03589,62.9492], "q": [-0.0785505,1.19858,-0.00204008,-1.44406,-2.87623,2.01584,0.662852], "dq": [-0.00112304,-0.00121619,0.000255391,0.00115107,0.000334493,0.000347557,-0.00210888], "q_d": [-0.0785526,1.19857,-0.00202075,-1.44416,-2.87621,2.01579,0.662872], "dq_d": [0,0,0,0,0,0,0], "ddq_d": [0,0,0,0,0,0,0], "joint_contact": [0,0,0,0,0,0,0], "cartesian_contact": [0,0,0,0,0,0], "joint_collision": [0,0,0,0,0,0,0], "cartesian_collision": [0,0,0,0,0,0], "tau_ext_hat_filtered": [0.179278,1.63192,0.387743,-1.2691,0.402562,-0.644009,0.185056], "O_F_ext_hat_K": [-4.77421,1.47941,-1.69371,-0.037673,0.0109106,0.190183], "K_F_ext_hat_K": [1.49629,-0.0917047,-5.05996,0.485236,-1.34776,0.192842], "O_dP_EE_d": [0,0,0,0,0,0], "O_ddP_O": [0,0,-9.81], "O_T_EE_c": [0.0376861,-0.0107903,-0.999222,0,0.312987,0.949746,0.0015484,0,0.949008,-0.312808,0.0391702,0,0.784993,-0.10301,-0.00566948,1], "O_dP_EE_c": [0,0,0,0,0,0], "O_ddP_EE_c": [0,0,0,0,0,0], "theta": [-0.0785366,1.19528,-0.00206129,-1.44306,-2.87623,2.01557,0.662876], "dtheta": [0,0,0,0,0,0,0], "current_errors": [], "last_motion_errors": ["joint_position_limits_violation"], "control_command_success_rate": 0, "robot_mode": "User stopped", "time": 9274440}