{"O_T_EE": [0.0591303,-0.0244712,-0.997941,0,0.581758,0.81322,0.014529,0,0.811205,-0.581431,0.0623235,0,0.713905,-0.34238,-0.00556072,1], "O_T_EE_d": [0.0591071,-0.0244836,-0.997942,0,0.581763,0.813217,0.0145057,0,0.811204,-0.581434,0.0623118,0,0.713874,-0.342361,-0.00560622,1], "F_T_NE": [0.7071,-0.7071,0,0,0.7071,0.7071,0,0,0,0,1,0,0,0,0.1034,1], "NE_T_EE": [1,0,0,0,0,1,0,0,0,0,1,0,0,0,0,1], "F_T_EE": [0.7071,-0.7071,0,0,0.7071,0.7071,0,0,0,0,1,0,0,0,0.1034,1], "EE_T_K": [1,0,0,0,0,1,0,0,0,0,1,0,0,0,0,1], "m_ee": 0.73, "F_x_Cee": [-0.01,0,0.03], "I_ee": [0.001,0,0,0,0.0025,0,0,0,0.0017], "m_load": 0, "F_x_Cload": [0,0,0], "I_load": [0,0,0,0,0,0,0,0,0], "m_total": 0.73, "F_x_Ctotal": [-0.01,0,0.03], "I_total": [0.001,0,0,0,0.0025,0,0,0,0.0017], "elbow": [-0.253377,-1], "elbow_d": [-0.253364,-1], "elbow_c": [-0.253364,-1], "delbow_c": [0,0], "ddelbow_c": [0,0], "tau_J": [0.0765462,-46.9036,-7.08128,13.8095,-0.0435142,-2.69838,0.143025], "tau_J_d": [0,0,0,0,0,0,0], "dtau_J": [43.7614,-29.2637,-171.596,-41.3476,1.3885,-7.84353,-60.5682], "q": [-0.1816,1.23655,-0.253377,-1.42794,-2.73429,2.04573,0.83726], "dq": [-0.000336076,-0.000882354,0.000441127,-0.00212026,-0.00164132,0.000490112,0.00165239], "q_d": [-0.181578,1.23659,-0.253364,-1.42802,-2.73427,2.04563,0.83726], "dq_d": [0,0,0,0,0,0,0], "ddq_d": [0,0,0,0,0,0,0], "joint_contact": [0,0,0,0,0,0,0], "cartesian_contact": [0,0,0,0,0,0], "joint_collision": [0,0,0,0,0,0,0], "cartesian_collision": [0,0,0,0,0,0], "tau_ext_hat_filtered": [0.064281,0.907094,0.336412,-0.943364,0.332219,-0.895078,0.178323], "O_F_ext_hat_K": [-4.98853,2.67867,-0.645183,-0.444441,-0.814207,0.0930989], "K_F_ext_hat_K": [0.283336,-0.733157,-5.6444,0.102659,-1.45663,0.198597], "O_dP_EE_d": [0,0,0,0,0,0], "O_ddP_O": [0,0,-9.81], "O_T_EE_c": [0.0591071,-0.0244836,-0.997942,0,0.581763,0.813217,0.0145057,0,0.811204,-0.581434,0.0623118,0,0.713874,-0.342361,-0.00560622,1], "O_dP_EE_c": [0,0,0,0,0,0], "O_ddP_EE_c": [0,0,0,0,0,0], "theta": [-0.181595,1.23326,-0.253874,-1.42697,-2.73429,2.04543,0.837276], "dtheta": [0,0,0,0,0,0,0], "current_errors": [], "last_motion_errors": ["joint_position_limits_violation"], "control_command_success_rate": 0, "robot_mode": "User stopped", "time": 9357540}