{"O_T_EE": [0.0564046,-0.0371261,-0.997708,0,0.629678,0.776815,0.00669199,0,0.774801,-0.628624,0.0671947,0,0.691324,-0.38672,-0.00546479,1], "O_T_EE_d": [0.0564332,-0.0371506,-0.997705,0,0.629694,0.776802,0.00669232,0,0.774786,-0.628639,0.0672323,0,0.691308,-0.386718,-0.00544809,1], "F_T_NE": [0.7071,-0.7071,0,0,0.7071,0.7071,0,0,0,0,1,0,0,0,0.1034,1], "NE_T_EE": [1,0,0,0,0,1,0,0,0,0,1,0,0,0,0,1], "F_T_EE": [0.7071,-0.7071,0,0,0.7071,0.7071,0,0,0,0,1,0,0,0,0.1034,1], "EE_T_K": [1,0,0,0,0,1,0,0,0,0,1,0,0,0,0,1], "m_ee": 0.73, "F_x_Cee": [-0.01,0,0.03], "I_ee": [0.001,0,0,0,0.0025,0,0,0,0.0017], "m_load": 0, "F_x_Cload": [0,0,0], "I_load": [0,0,0,0,0,0,0,0,0], "m_total": 0.73, "F_x_Ctotal": [-0.01,0,0.03], "I_total": [0.001,0,0,0,0.0025,0,0,0,0.0017], "elbow": [-0.320382,-1], "elbow_d": [-0.320389,-1], "elbow_c": [-0.320389,-1], "delbow_c": [0,0], "ddelbow_c": [0,0], "tau_J": [0.263009,-46.8639,-8.692,13.1192,-0.161617,-2.69838,0.153096], "tau_J_d": [0,0,0,0,0,0,0], "dtau_J": [-137.657,-86.2092,36.7479,75.5879,-19.8366,19.5669,19.5116], "q": [-0.189136,1.25592,-0.320382,-1.42079,-2.69373,2.06065,0.871275], "dq": [0.00157664,0.000787839,0.000464199,-0.000216021,0.000193763,0.000423643,0.000205993], "q_d": [-0.189111,1.25586,-0.320389,-1.42091,-2.69372,2.06057,0.871285], "dq_d": [0,0,0,0,0,0,0], "ddq_d": [0,0,0,0,0,0,0], "joint_contact": [0,0,0,0,0,0,0], "cartesian_contact": [0,0,0,0,0,0], "joint_collision": [0,0,0,0,0,0,0], "cartesian_collision": [0,0,0,0,0,0], "tau_ext_hat_filtered": [0.280169,0.734632,0.411481,-1.26081,0.218162,-0.950341,0.157191], "O_F_ext_hat_K": [-7.03019,4.19739,0.729503,-0.992816,-1.65629,0.325497], "K_F_ext_hat_K": [-1.28022,-1.1613,-8.03656,-0.13934,-1.38573,0.189453], "O_dP_EE_d": [0,0,0,0,0,0], "O_ddP_O": [0,0,-9.81], "O_T_EE_c": [0.0564332,-0.0371506,-0.997705,0,0.629694,0.776802,0.00669232,0,0.774786,-0.628639,0.0672323,0,0.691308,-0.386718,-0.00544809,1], "O_dP_EE_c": [0,0,0,0,0,0], "O_ddP_EE_c": [0,0,0,0,0,0], "theta": [-0.189117,1.25263,-0.320992,-1.41987,-2.69375,2.06035,0.871292], "dtheta": [0,0,0,0,0,0,0], "current_errors": [], "last_motion_errors": ["joint_position_limits_violation"], "control_command_success_rate": 0, "robot_mode": "User stopped", "time": 9368447}