{"O_T_EE": [0.0328584,-0.0325036,-0.998922,0,0.754144,0.656686,0.00343904,0,0.655879,-0.753458,0.0460909,0,0.606861,-0.518421,0.00463753,1], "O_T_EE_d": [0.0330218,-0.0326329,-0.998912,0,0.754284,0.656524,0.00348734,0,0.655709,-0.753593,0.0462949,0,0.606839,-0.518485,0.00470259,1], "F_T_NE": [0.7071,-0.7071,0,0,0.7071,0.7071,0,0,0,0,1,0,0,0,0.1034,1], "NE_T_EE": [1,0,0,0,0,1,0,0,0,0,1,0,0,0,0,1], "F_T_EE": [0.7071,-0.7071,0,0,0.7071,0.7071,0,0,0,0,1,0,0,0,0.1034,1], "EE_T_K": [1,0,0,0,0,1,0,0,0,0,1,0,0,0,0,1], "m_ee": 0.73, "F_x_Cee": [-0.01,0,0.03], "I_ee": [0.001,0,0,0,0.0025,0,0,0,0.0017], "m_load": 0, "F_x_Cload": [0,0,0], "I_load": [0,0,0,0,0,0,0,0,0], "m_total": 0.73, "F_x_Ctotal": [-0.01,0,0.03], "I_total": [0.001,0,0,0,0.0025,0,0,0,0.0017], "elbow": [-2.04072,-1], "elbow_d": [-2.0407,-1], "elbow_c": [-2.0407,-1], "delbow_c": [0,0], "ddelbow_c": [0,0], "tau_J": [0.0011678,39.2063,24.6054,0.126337,-0.115841,-2.41823,0.204366], "tau_J_d": [0,0,0,0,0,0,0], "dtau_J": [-65.8121,13.1292,-92.0379,-31.7892,-24.7392,37.5878,66.9696], "q": [1.61409,-1.75432,-2.04072,-1.392,2.54647,2.21141,-0.110699], "dq": [0.000936662,0.000344686,0.00178045,0.000521011,0.000827037,-0.000698283,-0.00161895], "q_d": [1.61406,-1.7543,-2.0407,-1.39201,2.54645,2.21115,-0.11066], "dq_d": [0,0,0,0,0,0,0], "ddq_d": [0,0,0,0,0,0,0], "joint_contact": [0,0,0,0,0,0,0], "cartesian_contact": [0,0,0,0,0,0], "joint_collision": [0,0,0,0,0,0,0], "cartesian_collision": [0,0,0,0,0,0], "tau_ext_hat_filtered": [0.0300939,0.0756552,0.0187894,-0.313997,0.125309,-1.30595,0.175925], "O_F_ext_hat_K": [-2.15029,3.71279,0.60097,-1.01071,-0.983137,-0.109959], "K_F_ext_hat_K": [-0.791672,0.818592,-4.18006,1.24439,-0.918155,-0.046359], "O_dP_EE_d": [0,0,0,0,0,0], "O_ddP_O": [0,0,-9.81], "O_T_EE_c": [0.0330218,-0.0326329,-0.998912,0,0.754284,0.656524,0.00348734,0,0.655709,-0.753593,0.0462949,0,0.606839,-0.518485,0.00470259,1], "O_dP_EE_c": [0,0,0,0,0,0], "O_ddP_EE_c": [0,0,0,0,0,0], "theta": [1.61409,-1.75157,-2.039,-1.39199,2.54646,2.21114,-0.110677], "dtheta": [0,0,0,0,0,0,0], "current_errors": [], "last_motion_errors": ["joint_position_limits_violation"], "control_command_success_rate": 0, "robot_mode": "User stopped", "time": 10500803}