{"O_T_EE": [0.0320281,-0.0497588,-0.998238,0,0.875223,0.483683,0.00397122,0,0.482643,-0.873825,0.0590427,0,0.484136,-0.632776,-0.00667511,1], "O_T_EE_d": [0.0321399,-0.0501195,-0.998216,0,0.875375,0.483409,0.00391322,0,0.48236,-0.873956,0.0594112,0,0.483956,-0.632972,-0.00651761,1], "F_T_NE": [0.7071,-0.7071,0,0,0.7071,0.7071,0,0,0,0,1,0,0,0,0.1034,1], "NE_T_EE": [1,0,0,0,0,1,0,0,0,0,1,0,0,0,0,1], "F_T_EE": [0.7071,-0.7071,0,0,0.7071,0.7071,0,0,0,0,1,0,0,0,0.1034,1], "EE_T_K": [1,0,0,0,0,1,0,0,0,0,1,0,0,0,0,1], "m_ee": 0.73, "F_x_Cee": [-0.01,0,0.03], "I_ee": [0.001,0,0,0,0.0025,0,0,0,0.0017], "m_load": 0, "F_x_Cload": [0,0,0], "I_load": [0,0,0,0,0,0,0,0,0], "m_total": 0.73, "F_x_Ctotal": [-0.01,0,0.03], "I_total": [0.001,0,0,0,0.0025,0,0,0,0.0017], "elbow": [-0.0914827,-1], "elbow_d": [-0.0916055,-1], "elbow_c": [-0.0916055,-1], "delbow_c": [0,0], "ddelbow_c": [0,0], "tau_J": [-0.669303,-49.4268,-3.70512,15.0354,-0.0892906,-3.09938,0.0926712], "tau_J_d": [0,0,0,0,0,0,0], "dtau_J": [6.01888,42.2786,40.4563,-10.5146,0.0908981,-20.5188,-84.597], "q": [-0.799534,1.22323,-0.0914827,-1.41342,-2.87495,2.02281,0.744838], "dq": [-4.46619e-05,-0.00123235,-0.0014442,-0.000250885,3.49906e-05,-5.24249e-05,0.00102644], "q_d": [-0.799759,1.22306,-0.0916055,-1.41351,-2.87492,2.02254,0.744852], "dq_d": [0,0,0,0,0,0,0], "ddq_d": [0,0,0,0,0,0,0], "joint_contact": [0,0,0,0,0,0,0], "cartesian_contact": [0,0,0,0,0,0], "joint_collision": [0,0,0,0,0,0,0], "cartesian_collision": [0,0,0,0,0,0], "tau_ext_hat_filtered": [-0.67839,-0.569358,-0.745713,-0.629476,0.305444,-1.32902,0.14268], "O_F_ext_hat_K": [-6.01706,6.29259,2.76973,-2.84595,-2.05667,-0.717302], "K_F_ext_hat_K": [-3.27074,-2.21169,-8.23917,-0.0423741,-1.35913,0.115151], "O_dP_EE_d": [0,0,0,0,0,0], "O_ddP_O": [0,0,-9.81], "O_T_EE_c": [0.0321399,-0.0501195,-0.998216,0,0.875375,0.483409,0.00391322,0,0.48236,-0.873956,0.0594112,0,0.483956,-0.632972,-0.00651761,1], "O_dP_EE_c": [0,0,0,0,0,0], "O_ddP_EE_c": [0,0,0,0,0,0], "theta": [-0.799581,1.21976,-0.0917416,-1.41237,-2.87496,2.02247,0.744848], "dtheta": [0,0,0,0,0,0,0], "current_errors": [], "last_motion_errors": ["joint_position_limits_violation"], "control_command_success_rate": 0, "robot_mode": "User stopped", "time": 10708117}