{"O_T_EE": [0.0269825,-0.0365905,-0.998956,0,0.826207,0.563348,0.00168167,0,0.562709,-0.825406,0.0454327,0,0.558734,-0.566149,-0.00649478,1], "O_T_EE_d": [0.0271355,-0.0369535,-0.998939,0,0.826345,0.563145,0.00161479,0,0.562499,-0.825528,0.0458184,0,0.558632,-0.56632,-0.00634925,1], "F_T_NE": [0.7071,-0.7071,0,0,0.7071,0.7071,0,0,0,0,1,0,0,0,0.1034,1], "NE_T_EE": [1,0,0,0,0,1,0,0,0,0,1,0,0,0,0,1], "F_T_EE": [0.7071,-0.7071,0,0,0.7071,0.7071,0,0,0,0,1,0,0,0,0.1034,1], "EE_T_K": [1,0,0,0,0,1,0,0,0,0,1,0,0,0,0,1], "m_ee": 0.73, "F_x_Cee": [-0.01,0,0.03], "I_ee": [0.001,0,0,0,0.0025,0,0,0,0.0017], "m_load": 0, "F_x_Cload": [0,0,0], "I_load": [0,0,0,0,0,0,0,0,0], "m_total": 0.73, "F_x_Ctotal": [-0.01,0,0.03], "I_total": [0.001,0,0,0,0.0025,0,0,0,0.0017], "elbow": [-0.0176123,-1], "elbow_d": [-0.0177167,-1], "elbow_c": [-0.0177167,-1], "delbow_c": [0,0], "ddelbow_c": [0,0], "tau_J": [-0.784355,-49.5022,-2.05473,15.1147,-0.170772,-3.12959,0.0313308], "tau_J_d": [0,0,0,0,0,0,0], "dtau_J": [36.1397,64.2808,-69.8805,-0.130829,45.2178,-32.7927,-53.0639], "q": [-0.729072,1.21216,-0.0176123,-1.42161,-2.87691,2.02185,0.675447], "dq": [-0.000508069,0.000363071,0.00105928,0.00116529,-0.00127529,0.000596249,0.000388036], "q_d": [-0.729217,1.21203,-0.0177167,-1.42164,-2.87688,2.02156,0.675435], "dq_d": [0,0,0,0,0,0,0], "ddq_d": [0,0,0,0,0,0,0], "joint_contact": [0,0,0,0,0,0,0], "cartesian_contact": [0,0,0,0,0,0], "joint_collision": [0,0,0,0,0,0,0], "cartesian_collision": [0,0,0,0,0,0], "tau_ext_hat_filtered": [-0.796133,-0.565717,-0.952882,-0.581197,0.212516,-1.37752,0.0570881], "O_F_ext_hat_K": [-6.76709,5.28248,2.63848,-2.61873,-2.24835,-0.842425], "K_F_ext_hat_K": [-3.01167,-2.61076,-8.04822,-0.0385905,-1.41862,0.0246208], "O_dP_EE_d": [0,0,0,0,0,0], "O_ddP_O": [0,0,-9.81], "O_T_EE_c": [0.0271355,-0.0369535,-0.998939,0,0.826345,0.563145,0.00161479,0,0.562499,-0.825528,0.0458184,0,0.558632,-0.56632,-0.00634925,1], "O_dP_EE_c": [0,0,0,0,0,0], "O_ddP_EE_c": [0,0,0,0,0,0], "theta": [-0.729127,1.20868,-0.0177558,-1.42055,-2.87693,2.0215,0.67545], "dtheta": [0,0,0,0,0,0,0], "current_errors": [], "last_motion_errors": ["joint_position_limits_violation"], "control_command_success_rate": 0, "robot_mode": "User stopped", "time": 10679004}