{"O_T_EE": [0.00576907,-0.025522,-0.999648,0,0.979467,0.201557,0.000506639,0,0.201477,-0.979144,0.0261613,0,0.269029,-0.756674,-0.00762996,1], "O_T_EE_d": [0.00575843,-0.0255995,-0.999646,0,0.979505,0.201372,0.000485541,0,0.201293,-0.97918,0.026235,0,0.268865,-0.756704,-0.00763532,1], "F_T_NE": [0.7071,-0.7071,0,0,0.7071,0.7071,0,0,0,0,1,0,0,0,0.1034,1], "NE_T_EE": [1,0,0,0,0,1,0,0,0,0,1,0,0,0,0,1], "F_T_EE": [0.7071,-0.7071,0,0,0.7071,0.7071,0,0,0,0,1,0,0,0,0.1034,1], "EE_T_K": [1,0,0,0,0,1,0,0,0,0,1,0,0,0,0,1], "m_ee": 0.73, "F_x_Cee": [-0.01,0,0.03], "I_ee": [0.001,0,0,0,0.0025,0,0,0,0.0017], "m_load": 0, "F_x_Cload": [0,0,0], "I_load": [0,0,0,0,0,0,0,0,0], "m_total": 0.73, "F_x_Ctotal": [-0.01,0,0.03], "I_total": [0.001,0,0,0,0.0025,0,0,0,0.0017], "elbow": [-1.12511,-1], "elbow_d": [-1.12505,-1], "elbow_c": [-1.12505,-1], "delbow_c": [0,0], "ddelbow_c": [0,0], "tau_J": [-0.41143,-40.191,-23.4662,0.241388,-0.865658,-2.51802,0.0313308], "tau_J_d": [0,0,0,0,0,0,0], "dtau_J": [-69.2783,49.9166,15.8959,12.1397,-17.0306,-3.89076,33.4727], "q": [-0.4156,1.75449,-1.12511,-1.26527,-2.19015,2.52653,1.37213], "dq": [0.00130722,-0.000547267,-0.000552266,0.0056739,0.00786284,0.000282635,-0.000303222], "q_d": [-0.415725,1.75448,-1.12505,-1.26542,-2.19013,2.52637,1.37212], "dq_d": [0,0,0,0,0,0,0], "ddq_d": [0,0,0,0,0,0,0], "joint_contact": [0,0,0,0,0,0,0], "cartesian_contact": [0,0,0,0,0,0], "joint_collision": [0,0,0,0,0,0,0], "cartesian_collision": [0,0,0,0,0,0], "tau_ext_hat_filtered": [-0.34251,0.196863,0.476545,-0.625802,0.219084,-1.09258,0.0389142], "O_F_ext_hat_K": [-2.06037,3.28229,-0.739453,-0.79828,-0.288257,-0.216731], "K_F_ext_hat_K": [0.643548,-1.3569,-3.6483,-0.454265,-1.45561,0.225826], "O_dP_EE_d": [0,0,0,0,0,0], "O_ddP_O": [0,0,-9.81], "O_T_EE_c": [0.00575843,-0.0255995,-0.999646,0,0.979505,0.201372,0.000485541,0,0.201293,-0.97918,0.026235,0,0.268865,-0.756704,-0.00763532,1], "O_dP_EE_c": [0,0,0,0,0,0], "O_ddP_EE_c": [0,0,0,0,0,0], "theta": [-0.415629,1.75167,-1.12676,-1.26526,-2.19024,2.52625,1.37213], "dtheta": [0,0,0,0.0235761,0,0,0], "current_errors": [], "last_motion_errors": ["joint_position_limits_violation"], "control_command_success_rate": 0, "robot_mode": "User stopped", "time": 10886169}