{"O_T_EE": [0.0125933,-0.0125533,-0.999832,0,0.990799,0.134838,0.0107865,0,0.134683,-0.990788,0.0141361,0,0.22115,-0.772647,-0.00832788,1], "O_T_EE_d": [0.0125641,-0.0126009,-0.999832,0,0.990822,0.134673,0.0107536,0,0.134517,-0.99081,0.0141775,0,0.221002,-0.77267,-0.00834032,1], "F_T_NE": [0.7071,-0.7071,0,0,0.7071,0.7071,0,0,0,0,1,0,0,0,0.1034,1], "NE_T_EE": [1,0,0,0,0,1,0,0,0,0,1,0,0,0,0,1], "F_T_EE": [0.7071,-0.7071,0,0,0.7071,0.7071,0,0,0,0,1,0,0,0,0.1034,1], "EE_T_K": [1,0,0,0,0,1,0,0,0,0,1,0,0,0,0,1], "m_ee": 0.73, "F_x_Cee": [-0.01,0,0.03], "I_ee": [0.001,0,0,0,0.0025,0,0,0,0.0017], "m_load": 0, "F_x_Cload": [0,0,0], "I_load": [0,0,0,0,0,0,0,0,0], "m_total": 0.73, "F_x_Ctotal": [-0.01,0,0.03], "I_total": [0.001,0,0,0,0.0025,0,0,0,0.0017], "elbow": [-1.13345,-1], "elbow_d": [-1.13341,-1], "elbow_c": [-1.13341,-1], "delbow_c": [0,0], "ddelbow_c": [0,0], "tau_J": [0.0765462,-39.4372,-22.2284,0.392145,-0.810726,-2.17744,0.0514724], "tau_J_d": [0,0,0,0,0,0,0], "dtau_J": [175.582,-142.326,57.6846,160.764,-22.4556,14.0781,59.0668], "q": [-0.479442,1.75783,-1.13345,-1.25739,-2.1889,2.54821,1.38508], "dq": [-0.00091192,0.00135765,-0.00301664,-0.00756901,0.000482651,-0.000223025,-0.000890064], "q_d": [-0.479572,1.75785,-1.13341,-1.25747,-2.18888,2.54811,1.38507], "dq_d": [0,0,0,0,0,0,0], "ddq_d": [0,0,0,0,0,0,0], "joint_contact": [0,0,0,0,0,0,0], "cartesian_contact": [0,0,0,0,0,0], "joint_collision": [0,0,0,0,0,0,0], "cartesian_collision": [0,0,0,0,0,0], "tau_ext_hat_filtered": [0.0297619,1.20479,1.73549,-0.48368,0.324853,-0.780868,0.0372197], "O_F_ext_hat_K": [-1.20908,3.92055,-2.96812,0.68325,0.227004,0.145921], "K_F_ext_hat_K": [2.90324,-0.701347,-4.08923,-0.228235,-1.68459,0.217184], "O_dP_EE_d": [0,0,0,0,0,0], "O_ddP_O": [0,0,-9.81], "O_T_EE_c": [0.0125641,-0.0126009,-0.999832,0,0.990822,0.134673,0.0107536,0,0.134517,-0.99081,0.0141775,0,0.221002,-0.77267,-0.00834032,1], "O_dP_EE_c": [0,0,0,0,0,0], "O_ddP_EE_c": [0,0,0,0,0,0], "theta": [-0.479436,1.75506,-1.13501,-1.25736,-2.18899,2.54797,1.38509], "dtheta": [0,0,0,-0.0253337,0,0,0], "current_errors": [], "last_motion_errors": ["joint_position_limits_violation"], "control_command_success_rate": 0, "robot_mode": "User stopped", "time": 10917313}