{"O_T_EE": [0.0197333,-0.021288,-0.999569,0,0.997268,0.0714646,0.0181659,0,0.0710485,-0.997216,0.0226405,0,0.172768,-0.786104,-0.00843631,1], "O_T_EE_d": [0.0196953,-0.0212985,-0.99957,0,0.997268,0.0714709,0.018127,0,0.0710554,-0.997215,0.0226484,0,0.172732,-0.786086,-0.00848925,1], "F_T_NE": [0.7071,-0.7071,0,0,0.7071,0.7071,0,0,0,0,1,0,0,0,0.1034,1], "NE_T_EE": [1,0,0,0,0,1,0,0,0,0,1,0,0,0,0,1], "F_T_EE": [0.7071,-0.7071,0,0,0.7071,0.7071,0,0,0,0,1,0,0,0,0.1034,1], "EE_T_K": [1,0,0,0,0,1,0,0,0,0,1,0,0,0,0,1], "m_ee": 0.73, "F_x_Cee": [-0.01,0,0.03], "I_ee": [0.001,0,0,0,0.0025,0,0,0,0.0017], "m_load": 0, "F_x_Cload": [0,0,0], "I_load": [0,0,0,0,0,0,0,0,0], "m_total": 0.73, "F_x_Ctotal": [-0.01,0,0.03], "I_total": [0.001,0,0,0,0.0025,0,0,0,0.0017], "elbow": [-1.1342,-1], "elbow_d": [-1.13415,-1], "elbow_c": [-1.13415,-1], "delbow_c": [0,0], "ddelbow_c": [0,0], "tau_J": [0.0368734,-39.4015,-22.2284,0.0866639,-0.546139,-2.15822,0.02126], "tau_J_d": [0,0,0,0,0,0,0], "dtau_J": [-127.779,-79.7286,-20.8177,-1.23147,5.00831,23.9722,-63.9328], "q": [-0.54602,1.7615,-1.1342,-1.25004,-2.17377,2.54275,1.38003], "dq": [0.000995908,-0.000592033,-0.000544925,-0.000484942,-0.000135757,-0.000652836,0.00110764], "q_d": [-0.546031,1.76158,-1.13415,-1.25006,-2.17375,2.54264,1.38003], "dq_d": [0,0,0,0,0,0,0], "ddq_d": [0,0,0,0,0,0,0], "joint_contact": [0,0,0,0,0,0,0], "cartesian_contact": [0,0,0,0,0,0], "joint_collision": [0,0,0,0,0,0,0], "cartesian_collision": [0,0,0,0,0,0], "tau_ext_hat_filtered": [0.199921,1.10701,1.61564,-0.631621,0.552883,-0.733833,0.0658143], "O_F_ext_hat_K": [-0.702411,5.31551,-2.49743,0.160946,0.113404,0.282447], "K_F_ext_hat_K": [2.36938,-0.365997,-5.40715,0.0541345,-1.8668,0.189964], "O_dP_EE_d": [0,0,0,0,0,0], "O_ddP_O": [0,0,-9.81], "O_T_EE_c": [0.0196953,-0.0212985,-0.99957,0,0.997268,0.0714709,0.018127,0,0.0710554,-0.997215,0.0226484,0,0.172732,-0.786086,-0.00848925,1], "O_dP_EE_c": [0,0,0,0,0,0], "O_ddP_EE_c": [0,0,0,0,0,0], "theta": [-0.546017,1.75873,-1.13576,-1.25003,-2.17383,2.54251,1.38003], "dtheta": [0,0,0,0,0,0,0], "current_errors": [], "last_motion_errors": ["joint_position_limits_violation"], "control_command_success_rate": 0, "robot_mode": "User stopped", "time": 10938327}