{"O_T_EE": [0.0114589,-0.0254102,-0.999602,0,0.993935,-0.108967,0.014164,0,-0.109286,-0.99372,0.0240078,0,0.0244378,-0.808928,-0.00851525,1], "O_T_EE_d": [0.0113859,-0.0253351,-0.999605,0,0.993919,-0.109117,0.0140868,0,-0.109433,-0.993706,0.0239391,0,0.0242925,-0.808884,-0.00860675,1], "F_T_NE": [0.7071,-0.7071,0,0,0.7071,0.7071,0,0,0,0,1,0,0,0,0.1034,1], "NE_T_EE": [1,0,0,0,0,1,0,0,0,0,1,0,0,0,0,1], "F_T_EE": [0.7071,-0.7071,0,0,0.7071,0.7071,0,0,0,0,1,0,0,0,0.1034,1], "EE_T_K": [1,0,0,0,0,1,0,0,0,0,1,0,0,0,0,1], "m_ee": 0.73, "F_x_Cee": [-0.01,0,0.03], "I_ee": [0.001,0,0,0,0.0025,0,0,0,0.0017], "m_load": 0, "F_x_Cload": [0,0,0], "I_load": [0,0,0,0,0,0,0,0,0], "m_total": 0.73, "F_x_Ctotal": [-0.01,0,0.03], "I_total": [0.001,0,0,0,0.0025,0,0,0,0.0017], "elbow": [-1.12136,-1], "elbow_d": [-1.1213,-1], "elbow_c": [-1.1213,-1], "delbow_c": [0,0], "ddelbow_c": [0,0], "tau_J": [0.112252,-40.191,-21.9269,1.08245,-0.610226,-2.2278,0.122884], "tau_J_d": [0,0,0,0,0,0,0], "dtau_J": [-34.3846,21.924,-2.6789,-20.5002,-25.608,-24.9647,156.2], "q": [-0.75442,1.75194,-1.12136,-1.22754,-2.18657,2.53422,1.36165], "dq": [0.00039169,-0.00138895,0.000230165,0.00252613,0.000129184,0.000308135,-0.00346507], "q_d": [-0.754533,1.75206,-1.1213,-1.22759,-2.18656,2.53416,1.36165], "dq_d": [0,0,0,0,0,0,0], "ddq_d": [0,0,0,0,0,0,0], "joint_contact": [0,0,0,0,0,0,0], "cartesian_contact": [0,0,0,0,0,0], "joint_collision": [0,0,0,0,0,0,0], "cartesian_collision": [0,0,0,0,0,0], "tau_ext_hat_filtered": [0.105692,1.02807,1.61043,-0.303021,0.48263,-0.77981,0.0589278], "O_F_ext_hat_K": [0.29836,3.1712,-3.20866,0.820069,0.0615428,0.206851], "K_F_ext_hat_K": [3.13028,-0.0944558,-3.26092,0.0916562,-1.79163,0.208539], "O_dP_EE_d": [0,0,0,0,0,0], "O_ddP_O": [0,0,-9.81], "O_T_EE_c": [0.0113859,-0.0253351,-0.999605,0,0.993919,-0.109117,0.0140868,0,-0.109433,-0.993706,0.0239391,0,0.0242925,-0.808884,-0.00860675,1], "O_dP_EE_c": [0,0,0,0,0,0], "O_ddP_EE_c": [0,0,0,0,0,0], "theta": [-0.754412,1.74912,-1.1229,-1.22746,-2.18664,2.53397,1.36166], "dtheta": [0,0,0,0,0,0,0], "current_errors": [], "last_motion_errors": ["joint_position_limits_violation"], "control_command_success_rate": 0, "robot_mode": "User stopped", "time": 11246817}