{"O_T_EE": [0.0141927,-0.0493725,-0.99867,0,0.981403,-0.190482,0.0233644,0,-0.191385,-0.980448,0.0457517,0,-0.0279272,-0.809945,-0.0081469,1], "O_T_EE_d": [0.0140563,-0.0492775,-0.998677,0,0.981371,-0.190662,0.0232205,0,-0.191558,-0.980418,0.0456804,0,-0.0280916,-0.809877,-0.00825176,1], "F_T_NE": [0.7071,-0.7071,0,0,0.7071,0.7071,0,0,0,0,1,0,0,0,0.1034,1], "NE_T_EE": [1,0,0,0,0,1,0,0,0,0,1,0,0,0,0,1], "F_T_EE": [0.7071,-0.7071,0,0,0.7071,0.7071,0,0,0,0,1,0,0,0,0.1034,1], "EE_T_K": [1,0,0,0,0,1,0,0,0,0,1,0,0,0,0,1], "m_ee": 0.73, "F_x_Cee": [-0.01,0,0.03], "I_ee": [0.001,0,0,0,0.0025,0,0,0,0.0017], "m_load": 0, "F_x_Cload": [0,0,0], "I_load": [0,0,0,0,0,0,0,0,0], "m_total": 0.73, "F_x_Ctotal": [-0.01,0,0.03], "I_total": [0.001,0,0,0,0.0025,0,0,0,0.0017], "elbow": [-0.0357861,-1], "elbow_d": [-0.0358966,-1], "elbow_c": [-0.0358966,-1], "delbow_c": [0,0], "ddelbow_c": [0,0], "tau_J": [-0.931144,-48.2604,-1.97935,15.0354,-0.262325,-2.49879,0.0514724], "tau_J_d": [0,0,0,0,0,0,0], "dtau_J": [26.2994,-84.8606,104.068,24.0425,12.6516,18.8953,-124.421], "q": [-1.53666,1.25481,-0.0357861,-1.33337,-2.89356,2.07181,0.712508], "dq": [0.000171542,0.000792367,-0.000317906,0.00116712,5.53993e-05,9.90882e-05,0.00353336], "q_d": [-1.53677,1.25492,-0.0358966,-1.33346,-2.89353,2.07171,0.712497], "dq_d": [0,0,0,0,0,0,0], "ddq_d": [0,0,0,0,0,0,0], "joint_contact": [0,0,0,0,0,0,0], "cartesian_contact": [0,0,0,0,0,0], "joint_collision": [0,0,0,0,0,0,0], "cartesian_collision": [0,0,0,0,0,0], "tau_ext_hat_filtered": [-0.995,1.5033,-0.591118,-1.38784,0.166009,-0.751935,0.111301], "O_F_ext_hat_K": [-1.04387,6.43282,-0.816182,-0.651192,0.0981115,-0.934553], "K_F_ext_hat_K": [0.482686,-2.2689,-6.14461,-0.115388,-1.3586,0.155117], "O_dP_EE_d": [0,0,0,0,0,0], "O_ddP_O": [0,0,-9.81], "O_T_EE_c": [0.0140563,-0.0492775,-0.998677,0,0.981371,-0.190662,0.0232205,0,-0.191558,-0.980418,0.0456804,0,-0.0280916,-0.809877,-0.00825176,1], "O_dP_EE_c": [0,0,0,0,0,0], "O_ddP_EE_c": [0,0,0,0,0,0], "theta": [-1.53673,1.25142,-0.0359239,-1.33231,-2.89359,2.07154,0.712515], "dtheta": [0,0,0,0,0,0,0], "current_errors": [], "last_motion_errors": ["joint_position_limits_violation"], "control_command_success_rate": 0, "robot_mode": "User stopped", "time": 11371196}