{"O_T_EE": [0.0194374,-0.0101262,-0.99975,0,0.998924,-0.0416964,0.0198437,0,-0.0418877,-0.999079,0.00930501,0,0.0740162,-0.804737,-0.00843958,1], "O_T_EE_d": [0.0193899,-0.0100572,-0.999752,0,0.998914,-0.0419593,0.0197958,0,-0.0421488,-0.999069,0.00923289,0,0.0738193,-0.804693,-0.00851621,1], "F_T_NE": [0.7071,-0.7071,0,0,0.7071,0.7071,0,0,0,0,1,0,0,0,0.1034,1], "NE_T_EE": [1,0,0,0,0,1,0,0,0,0,1,0,0,0,0,1], "F_T_EE": [0.7071,-0.7071,0,0,0.7071,0.7071,0,0,0,0,1,0,0,0,0.1034,1], "EE_T_K": [1,0,0,0,0,1,0,0,0,0,1,0,0,0,0,1], "m_ee": 0.73, "F_x_Cee": [-0.01,0,0.03], "I_ee": [0.001,0,0,0,0.0025,0,0,0,0.0017], "m_load": 0, "F_x_Cload": [0,0,0], "I_load": [0,0,0,0,0,0,0,0,0], "m_total": 0.73, "F_x_Ctotal": [-0.01,0,0.03], "I_total": [0.001,0,0,0,0.0025,0,0,0,0.0017], "elbow": [-1.13761,-1], "elbow_d": [-1.1375,-1], "elbow_c": [-1.1375,-1], "delbow_c": [0,0], "ddelbow_c": [0,0], "tau_J": [0.18763,-40.2663,-22.5299,0.356439,-0.628536,-2.25801,0.0615432], "tau_J_d": [0,0,0,0,0,0,0], "dtau_J": [15.0965,55.9714,66.4535,-73.8811,18.0789,-9.68347,-71.7641], "q": [-0.682797,1.76091,-1.13761,-1.23312,-2.20391,2.55344,1.40084], "dq": [0.000477164,-0.000996551,-0.00109521,0.00189272,-0.000616784,-0.000167625,0.00159267], "q_d": [-0.682915,1.76095,-1.1375,-1.23329,-2.2039,2.55337,1.40083], "dq_d": [0,0,0,0,0,0,0], "ddq_d": [0,0,0,0,0,0,0], "joint_contact": [0,0,0,0,0,0,0], "cartesian_contact": [0,0,0,0,0,0], "joint_collision": [0,0,0,0,0,0,0], "cartesian_collision": [0,0,0,0,0,0], "tau_ext_hat_filtered": [0.175558,0.658009,1.17143,-0.577265,0.488707,-0.886413,0.0929068], "O_F_ext_hat_K": [-0.305177,5.36363,-1.55373,-0.471891,-0.0459549,0.266101], "K_F_ext_hat_K": [1.49313,-0.559335,-5.36036,-0.147378,-1.75654,0.238485], "O_dP_EE_d": [0,0,0,0,0,0], "O_ddP_O": [0,0,-9.81], "O_T_EE_c": [0.0193899,-0.0100572,-0.999752,0,0.998914,-0.0419593,0.0197958,0,-0.0421488,-0.999069,0.00923289,0,0.0738193,-0.804693,-0.00851621,1], "O_dP_EE_c": [0,0,0,0,0,0], "O_ddP_EE_c": [0,0,0,0,0,0], "theta": [-0.682784,1.75808,-1.13919,-1.23309,-2.20398,2.55319,1.40085], "dtheta": [0,0,0,0,0,0,0], "current_errors": [], "last_motion_errors": ["joint_position_limits_violation"], "control_command_success_rate": 0, "robot_mode": "User stopped", "time": 11227693}