{"O_T_EE": [0.0178663,0.00159067,-0.999829,0,0.999811,0.00627568,0.0178759,0,0.00630317,-0.999979,-0.00147828,0,0.12393,-0.796687,-0.00824229,1], "O_T_EE_d": [0.0179273,0.00159956,-0.999828,0,0.999811,0.00610976,0.0179368,0,0.00613752,-0.99998,-0.00148976,0,0.123796,-0.796672,-0.00830219,1], "F_T_NE": [0.7071,-0.7071,0,0,0.7071,0.7071,0,0,0,0,1,0,0,0,0.1034,1], "NE_T_EE": [1,0,0,0,0,1,0,0,0,0,1,0,0,0,0,1], "F_T_EE": [0.7071,-0.7071,0,0,0.7071,0.7071,0,0,0,0,1,0,0,0,0.1034,1], "EE_T_K": [1,0,0,0,0,1,0,0,0,0,1,0,0,0,0,1], "m_ee": 0.73, "F_x_Cee": [-0.01,0,0.03], "I_ee": [0.001,0,0,0,0.0025,0,0,0,0.0017], "m_load": 0, "F_x_Cload": [0,0,0], "I_load": [0,0,0,0,0,0,0,0,0], "m_total": 0.73, "F_x_Ctotal": [-0.01,0,0.03], "I_total": [0.001,0,0,0,0.0025,0,0,0,0.0017], "elbow": [-1.12694,-1], "elbow_d": [-1.1268,-1], "elbow_c": [-1.1268,-1], "delbow_c": [0,0], "ddelbow_c": [0,0], "tau_J": [0.635933,-40.8694,-22.8274,1.00707,-0.674313,-2.40816,0.071614], "tau_J_d": [0,0,0,0,0,0,0], "dtau_J": [-153.101,70.9632,43.9782,18.9451,-18.1667,-0.949741,-87.5502], "q": [-0.618009,1.74553,-1.12694,-1.24198,-2.20424,2.56578,1.38441], "dq": [0.0014706,-0.000128438,0.00482831,-0.0040096,0.00065245,2.30571e-05,0.00231736], "q_d": [-0.618145,1.74554,-1.1268,-1.24206,-2.20422,2.56565,1.38442], "dq_d": [0,0,0,0,0,0,0], "ddq_d": [0,0,0,0,0,0,0], "joint_contact": [0,0,0,0,0,0,0], "cartesian_contact": [0,0,0,0,0,0], "joint_collision": [0,0,0,0,0,0,0], "cartesian_collision": [0,0,0,0,0,0], "tau_ext_hat_filtered": [0.620255,0.126765,0.841464,-0.332472,0.479993,-1.03105,0.138093], "O_F_ext_hat_K": [-0.2499,5.95197,-0.569936,-1.19564,-0.224454,0.713069], "K_F_ext_hat_K": [0.574853,-0.222693,-5.95258,-0.205344,-1.69722,0.286174], "O_dP_EE_d": [0,0,0,0,0,0], "O_ddP_O": [0,0,-9.81], "O_T_EE_c": [0.0179273,0.00159956,-0.999828,0,0.999811,0.00610976,0.0179368,0,0.00613752,-0.99998,-0.00148976,0,0.123796,-0.796672,-0.00830219,1], "O_dP_EE_c": [0,0,0,0,0,0], "O_ddP_EE_c": [0,0,0,0,0,0], "theta": [-0.617964,1.74266,-1.12854,-1.24191,-2.20431,2.56551,1.38442], "dtheta": [0,0,0.0247187,0,0,0,0], "current_errors": [], "last_motion_errors": ["joint_position_limits_violation"], "control_command_success_rate": 0, "robot_mode": "User stopped", "time": 11195633}