{"O_T_EE": [0.0638426,0.0208557,-0.997732,0,0.886419,-0.460462,0.0470948,0,-0.458444,-0.887432,-0.0478848,0,-0.273441,-0.770255,-0.00826106,1], "O_T_EE_d": [0.0639915,0.0208236,-0.997724,0,0.886513,-0.460264,0.0472525,0,-0.458241,-0.887536,-0.0479143,0,-0.273241,-0.770301,-0.00831688,1], "F_T_NE": [0.7071,-0.7071,0,0,0.7071,0.7071,0,0,0,0,1,0,0,0,0.1034,1], "NE_T_EE": [1,0,0,0,0,1,0,0,0,0,1,0,0,0,0,1], "F_T_EE": [0.7071,-0.7071,0,0,0.7071,0.7071,0,0,0,0,1,0,0,0,0.1034,1], "EE_T_K": [1,0,0,0,0,1,0,0,0,0,1,0,0,0,0,1], "m_ee": 0.73, "F_x_Cee": [-0.01,0,0.03], "I_ee": [0.001,0,0,0,0.0025,0,0,0,0.0017], "m_load": 0, "F_x_Cload": [0,0,0], "I_load": [0,0,0,0,0,0,0,0,0], "m_total": 0.73, "F_x_Ctotal": [-0.01,0,0.03], "I_total": [0.001,0,0,0,0.0025,0,0,0,0.0017], "elbow": [-1.14294,-1], "elbow_d": [-1.14278,-1], "elbow_c": [-1.14278,-1], "delbow_c": [0,0], "ddelbow_c": [0,0], "tau_J": [1.08424,-41.9247,-21.8158,1.50695,-0.95721,-2.11793,0.244649], "tau_J_d": [0,0,0,0,0,0,0], "dtau_J": [-97.6189,91.5079,64.4614,22.7922,21.1258,3.79939,23.2131], "q": [-1.1578,1.74516,-1.14294,-1.16953,-2.26033,2.62905,1.44003], "dq": [-0.000121862,-0.000816617,-0.000207511,-0.000235371,-0.000553539,-6.71304e-05,3.86704e-05], "q_d": [-1.15757,1.74514,-1.14278,-1.16955,-2.26032,2.62896,1.44006], "dq_d": [0,0,0,0,0,0,0], "ddq_d": [0,0,0,0,0,0,0], "joint_contact": [0,0,0,0,0,0,0], "cartesian_contact": [0,0,0,0,0,0], "joint_collision": [0,0,0,0,0,0,0], "cartesian_collision": [0,0,0,0,0,0], "tau_ext_hat_filtered": [1.07993,0.420516,1.32179,-0.288699,0.277782,-0.869324,0.267042], "O_F_ext_hat_K": [3.36698,7.99124,0.248994,-1.56277,0.235766,1.17346], "K_F_ext_hat_K": [0.133193,-0.683391,-8.64718,-0.851123,-1.3278,0.448655], "O_dP_EE_d": [0,0,0,0,0,0], "O_ddP_O": [0,0,-9.81], "O_T_EE_c": [0.0639915,0.0208236,-0.997724,0,0.886513,-0.460264,0.0472525,0,-0.458241,-0.887536,-0.0479143,0,-0.273241,-0.770301,-0.00831688,1], "O_dP_EE_c": [0,0,0,0,0,0], "O_ddP_EE_c": [0,0,0,0,0,0], "theta": [-1.15772,1.74222,-1.14447,-1.16943,-2.26044,2.62881,1.44006], "dtheta": [0,0,0,0,0,0,0], "current_errors": [], "last_motion_errors": ["joint_position_limits_violation"], "control_command_success_rate": 0, "robot_mode": "User stopped", "time": 11768650}