{"O_T_EE": [-0.0173766,-0.0486619,-0.998655,0,0.911851,-0.410476,0.00413521,0,-0.410133,-0.91057,0.0515061,0,-0.225532,-0.784112,-0.00822518,1], "O_T_EE_d": [-0.0173474,-0.0485105,-0.998662,0,0.91181,-0.410569,0.00410489,0,-0.410227,-0.910536,0.0513556,0,-0.225607,-0.784016,-0.00840943,1], "F_T_NE": [0.7071,-0.7071,0,0,0.7071,0.7071,0,0,0,0,1,0,0,0,0.1034,1], "NE_T_EE": [1,0,0,0,0,1,0,0,0,0,1,0,0,0,0,1], "F_T_EE": [0.7071,-0.7071,0,0,0.7071,0.7071,0,0,0,0,1,0,0,0,0.1034,1], "EE_T_K": [1,0,0,0,0,1,0,0,0,0,1,0,0,0,0,1], "m_ee": 0.73, "F_x_Cee": [-0.01,0,0.03], "I_ee": [0.001,0,0,0,0.0025,0,0,0,0.0017], "m_load": 0, "F_x_Cload": [0,0,0], "I_load": [0,0,0,0,0,0,0,0,0], "m_total": 0.73, "F_x_Ctotal": [-0.01,0,0.03], "I_total": [0.001,0,0,0,0.0025,0,0,0,0.0017], "elbow": [-0.292871,-1], "elbow_d": [-0.292828,-1], "elbow_c": [-0.292828,-1], "delbow_c": [0,0], "ddelbow_c": [0,0], "tau_J": [0.449471,-48.1454,-7.34312,15.2655,-0.225704,-2.61873,0.255635], "tau_J_d": [0,0,0,0,0,0,0], "dtau_J": [21.2382,-75.5726,66.8081,-99.4886,-4.49421,-19.0306,104.854], "q": [-1.586,1.30736,-0.292871,-1.28539,-2.74655,2.1369,0.850612], "dq": [-0.000327026,0.000296629,-0.00125783,-0.00154127,-0.000391552,0.000373923,-0.00312804], "q_d": [-1.58613,1.30763,-0.292828,-1.28535,-2.74655,2.13683,0.850637], "dq_d": [0,0,0,0,0,0,0], "ddq_d": [0,0,0,0,0,0,0], "joint_contact": [0,0,0,0,0,0,0], "cartesian_contact": [0,0,0,0,0,0], "joint_collision": [0,0,0,0,0,0,0], "cartesian_collision": [0,0,0,0,0,0], "tau_ext_hat_filtered": [0.459803,1.0518,0.694085,-0.338358,0.21008,-0.863798,0.189662], "O_F_ext_hat_K": [1.43012,2.28666,-2.26464,0.291108,-0.085333,0.48995], "K_F_ext_hat_K": [2.12551,0.356079,-2.78535,0.1204,-1.55087,0.212566], "O_dP_EE_d": [0,0,0,0,0,0], "O_ddP_O": [0,0,-9.81], "O_T_EE_c": [-0.0173474,-0.0485105,-0.998662,0,0.91181,-0.410569,0.00410489,0,-0.410227,-0.910536,0.0513556,0,-0.225607,-0.784016,-0.00840943,1], "O_dP_EE_c": [0,0,0,0,0,0], "O_ddP_EE_c": [0,0,0,0,0,0], "theta": [-1.58597,1.30398,-0.293387,-1.28432,-2.74658,2.13661,0.85064], "dtheta": [0,0,0,0,0,0,0], "current_errors": [], "last_motion_errors": ["joint_position_limits_violation"], "control_command_success_rate": 0, "robot_mode": "User stopped", "time": 11473519}