{"O_T_EE": [0.0472219,-0.00677538,-0.998852,0,0.740983,-0.670342,0.0395779,0,-0.669853,-0.742015,-0.0266349,0,-0.454333,-0.684986,-0.00862971,1], "O_T_EE_d": [0.0470485,-0.00707615,-0.998858,0,0.741134,-0.67017,0.0396568,0,-0.669698,-0.742168,-0.0262866,0,-0.45428,-0.685136,-0.00842634,1], "F_T_NE": [0.7071,-0.7071,0,0,0.7071,0.7071,0,0,0,0,1,0,0,0,0.1034,1], "NE_T_EE": [1,0,0,0,0,1,0,0,0,0,1,0,0,0,0,1], "F_T_EE": [0.7071,-0.7071,0,0,0.7071,0.7071,0,0,0,0,1,0,0,0,0.1034,1], "EE_T_K": [1,0,0,0,0,1,0,0,0,0,1,0,0,0,0,1], "m_ee": 0.73, "F_x_Cee": [-0.01,0,0.03], "I_ee": [0.001,0,0,0,0.0025,0,0,0,0.0017], "m_load": 0, "F_x_Cload": [0,0,0], "I_load": [0,0,0,0,0,0,0,0,0], "m_total": 0.73, "F_x_Ctotal": [-0.01,0,0.03], "I_total": [0.001,0,0,0,0.0025,0,0,0,0.0017], "elbow": [-1.15795,-1], "elbow_d": [-1.15807,-1], "elbow_c": [-1.15807,-1], "delbow_c": [0,0], "ddelbow_c": [0,0], "tau_J": [1.00886,-43.9996,-23.0536,1.69738,-0.847347,-2.74873,0.0926712], "tau_J_d": [0,0,0,0,0,0,0], "dtau_J": [-11.0194,-19.5709,28.2418,121.641,-0.0697122,-23.7595,-71.3728], "q": [-1.41715,1.76259,-1.15795,-1.13653,-2.19024,2.63179,1.38137], "dq": [0.00153611,0.000379541,-0.00604781,0.00154393,-0.000204189,7.20045e-05,0.00196053], "q_d": [-1.41708,1.76241,-1.15807,-1.13649,-2.19023,2.63163,1.38137], "dq_d": [0,0,0,0,0,0,0], "ddq_d": [0,0,0,0,0,0,0], "joint_contact": [0,0,0,0,0,0,0], "cartesian_contact": [0,0,0,0,0,0], "joint_collision": [0,0,0,0,0,0,0], "cartesian_collision": [0,0,0,0,0,0], "tau_ext_hat_filtered": [0.846352,-1.22592,-0.249162,-0.033578,0.372448,-1.40733,0.149758], "O_F_ext_hat_K": [4.0911,4.68399,1.80518,-2.59426,1.60522,0.940383], "K_F_ext_hat_K": [-1.64169,-0.0370013,-6.26411,-0.33743,-1.57544,0.320739], "O_dP_EE_d": [0,0,0,0,0,0], "O_ddP_O": [0,0,-9.81], "O_T_EE_c": [0.0470485,-0.00707615,-0.998858,0,0.741134,-0.67017,0.0396568,0,-0.669698,-0.742168,-0.0262866,0,-0.45428,-0.685136,-0.00842634,1], "O_dP_EE_c": [0,0,0,0,0,0], "O_ddP_EE_c": [0,0,0,0,0,0], "theta": [-1.41708,1.7595,-1.15957,-1.13641,-2.19033,2.63149,1.38138], "dtheta": [0,0,-0.0257623,0,0,0,0], "current_errors": [], "last_motion_errors": ["joint_position_limits_violation"], "control_command_success_rate": 0, "robot_mode": "User stopped", "time": 11950426}