{"O_T_EE": [0.0289154,-0.0287137,-0.99916,0,0.819886,-0.571101,0.0401395,0,-0.571784,-0.820374,0.00702852,0,-0.366298,-0.732906,-0.00843377,1], "O_T_EE_d": [0.028813,-0.029078,-0.999152,0,0.820049,-0.570858,0.0402617,0,-0.571555,-0.82053,0.00739743,0,-0.366198,-0.733052,-0.00826791,1], "F_T_NE": [0.7071,-0.7071,0,0,0.7071,0.7071,0,0,0,0,1,0,0,0,0.1034,1], "NE_T_EE": [1,0,0,0,0,1,0,0,0,0,1,0,0,0,0,1], "F_T_EE": [0.7071,-0.7071,0,0,0.7071,0.7071,0,0,0,0,1,0,0,0,0.1034,1], "EE_T_K": [1,0,0,0,0,1,0,0,0,0,1,0,0,0,0,1], "m_ee": 0.73, "F_x_Cee": [-0.01,0,0.03], "I_ee": [0.001,0,0,0,0.0025,0,0,0,0.0017], "m_load": 0, "F_x_Cload": [0,0,0], "I_load": [0,0,0,0,0,0,0,0,0], "m_total": 0.73, "F_x_Ctotal": [-0.01,0,0.03], "I_total": [0.001,0,0,0,0.0025,0,0,0,0.0017], "elbow": [-1.07692,-1], "elbow_d": [-1.07699,-1], "elbow_c": [-1.07699,-1], "delbow_c": [0,0], "ddelbow_c": [0,0], "tau_J": [0.897774,-44.0749,-22.9028,3.26843,-0.564449,-2.83937,0.153096], "tau_J_d": [0,0,0,0,0,0,0], "dtau_J": [13.8501,178.066,-53.0118,56.1932,33.1494,11.7672,-102.6], "q": [-1.30681,1.71218,-1.07692,-1.17106,-2.21998,2.54277,1.3318], "dq": [-0.000159734,-0.000918751,-0.00306038,6.35116e-05,-0.000418485,-0.000457983,0.00141257], "q_d": [-1.30672,1.71205,-1.07699,-1.17099,-2.21997,2.54252,1.33184], "dq_d": [0,0,0,0,0,0,0], "ddq_d": [0,0,0,0,0,0,0], "joint_contact": [0,0,0,0,0,0,0], "cartesian_contact": [0,0,0,0,0,0], "joint_collision": [0,0,0,0,0,0,0], "cartesian_collision": [0,0,0,0,0,0], "tau_ext_hat_filtered": [0.882235,-1.20157,-0.313393,0.0842024,0.48988,-1.40206,0.206256], "O_F_ext_hat_K": [3.55629,4.99256,1.82898,-2.77487,1.28674,0.958393], "K_F_ext_hat_K": [-1.868,0.137916,-6.11634,-0.241863,-1.57272,0.314914], "O_dP_EE_d": [0,0,0,0,0,0], "O_ddP_O": [0,0,-9.81], "O_T_EE_c": [0.028813,-0.029078,-0.999152,0,0.820049,-0.570858,0.0402617,0,-0.571555,-0.82053,0.00739743,0,-0.366198,-0.733052,-0.00826791,1], "O_dP_EE_c": [0,0,0,0,0,0], "O_ddP_EE_c": [0,0,0,0,0,0], "theta": [-1.30675,1.70908,-1.07853,-1.17083,-2.22004,2.54245,1.33182], "dtheta": [0,0,0,0,0,0,0], "current_errors": [], "last_motion_errors": ["joint_position_limits_violation"], "control_command_success_rate": 0, "robot_mode": "User stopped", "time": 11904505}