{"O_T_EE": [0.0441511,-0.0233752,-0.998742,0,-0.845285,-0.533718,-0.0248758,0,-0.532475,0.845336,-0.0433238,0,-0.58443,0.623053,0.0952429,1], "O_T_EE_d": [0.0441801,-0.0233476,-0.998741,0,-0.845319,-0.533662,-0.0249179,0,-0.532419,0.845372,-0.0433143,0,-0.584379,0.623064,0.0951967,1], "F_T_NE": [0.7071,-0.7071,0,0,0.7071,0.7071,0,0,0,0,1,0,0,0,0.1034,1], "NE_T_EE": [1,0,0,0,0,1,0,0,0,0,1,0,0,0,0,1], "F_T_EE": [0.7071,-0.7071,0,0,0.7071,0.7071,0,0,0,0,1,0,0,0,0.1034,1], "EE_T_K": [1,0,0,0,0,1,0,0,0,0,1,0,0,0,0,1], "m_ee": 0.73, "F_x_Cee": [-0.01,0,0.03], "I_ee": [0.001,0,0,0,0.0025,0,0,0,0.0017], "m_load": 0, "F_x_Cload": [0,0,0], "I_load": [0,0,0,0,0,0,0,0,0], "m_total": 0.73, "F_x_Ctotal": [-0.01,0,0.03], "I_total": [0.001,0,0,0,0.0025,0,0,0,0.0017], "elbow": [0.00625069,-1], "elbow_d": [0.00623191,-1], "elbow_c": [0.00623191,-1], "delbow_c": [0,0], "ddelbow_c": [0,0], "tau_J": [0.18763,-51.2002,-0.178204,17.3761,-0.25317,-2.3578,0.132954], "tau_J_d": [0,0,0,0,0,0,0], "dtau_J": [107.248,88.4247,-56.9406,88.2483,32.7759,39.883,120.598], "q": [2.35049,1.09601,0.00625069,-1.26295,-2.82233,2.37071,0.531697], "dq": [-0.000276976,-0.00055242,0.000317442,-0.00103422,-0.000256983,0.000146476,-0.00316004], "q_d": [2.35046,1.09603,0.00623191,-1.26306,-2.82234,2.37058,0.531703], "dq_d": [0,0,0,0,0,0,0], "ddq_d": [0,0,0,0,0,0,0], "joint_contact": [0,0,0,0,0,0,0], "cartesian_contact": [0,0,0,0,0,0], "joint_collision": [0,0,0,0,0,0,0], "cartesian_collision": [0,0,0,0,0,0], "tau_ext_hat_filtered": [0.128643,0.190427,0.0123314,-1.73315,0.118486,-0.830256,0.0513863], "O_F_ext_hat_K": [9.18563,-10.5717,1.71815,3.47391,2.83746,0.163336], "K_F_ext_hat_K": [-1.06333,-2.16497,-13.9022,0.330788,-1.68483,0.0792404], "O_dP_EE_d": [0,0,0,0,0,0], "O_ddP_O": [0,0,-9.81], "O_T_EE_c": [0.0441801,-0.0233476,-0.998741,0,-0.845319,-0.533662,-0.0249179,0,-0.532419,0.845372,-0.0433143,0,-0.584379,0.623064,0.0951967,1], "O_dP_EE_c": [0,0,0,0,0,0], "O_ddP_EE_c": [0,0,0,0,0,0], "theta": [2.3505,1.09242,0.00623819,-1.26173,-2.82236,2.37045,0.531711], "dtheta": [0,0,0,0,0,0,0], "current_errors": [], "last_motion_errors": ["joint_position_limits_violation"], "control_command_success_rate": 0, "robot_mode": "User stopped", "time": 904430}