{"O_T_EE": [-0.0247431,0.0441638,-0.998708,0,-0.958823,-0.283749,0.0112073,0,-0.282893,0.95788,0.049367,0,-0.380314,0.763274,0.107456,1], "O_T_EE_d": [-0.024551,0.0439731,-0.998721,0,-0.958856,-0.283641,0.0110824,0,-0.282797,0.957921,0.0491285,0,-0.380201,0.763234,0.107261,1], "F_T_NE": [0.7071,-0.7071,0,0,0.7071,0.7071,0,0,0,0,1,0,0,0,0.1034,1], "NE_T_EE": [1,0,0,0,0,1,0,0,0,0,1,0,0,0,0,1], "F_T_EE": [0.7071,-0.7071,0,0,0.7071,0.7071,0,0,0,0,1,0,0,0,0.1034,1], "EE_T_K": [1,0,0,0,0,1,0,0,0,0,1,0,0,0,0,1], "m_ee": 0.73, "F_x_Cee": [-0.01,0,0.03], "I_ee": [0.001,0,0,0,0.0025,0,0,0,0.0017], "m_load": 0, "F_x_Cload": [0,0,0], "I_load": [0,0,0,0,0,0,0,0,0], "m_total": 0.73, "F_x_Ctotal": [-0.01,0,0.03], "I_total": [0.001,0,0,0,0.0025,0,0,0,0.0017], "elbow": [2.72815,-1], "elbow_d": [2.72815,-1], "elbow_c": [2.72815,-1], "delbow_c": [0,0], "ddelbow_c": [0,0], "tau_J": [-0.149589,48.3311,-9.89012,15.4956,-0.381344,-2.4283,0.000202917], "tau_J_d": [0,0,0,0,0,0,0], "dtau_J": [51.6771,-42.135,-35.5181,96.98,20.8356,31.1538,-38.4085], "q": [-0.773787,-1.14374,2.72815,-1.28562,-2.68154,2.33882,0.843776], "dq": [-0.000131955,0.000101959,-0.00298588,-0.000925996,-0.000311061,-0.000866325,-0.00780061], "q_d": [-0.773811,-1.14386,2.72815,-1.28585,-2.68153,2.33875,0.84377], "dq_d": [0,0,0,0,0,0,0], "ddq_d": [0,0,0,0,0,0,0], "joint_contact": [0,0,0,0,0,0,0], "cartesian_contact": [0,0,0,0,0,0], "joint_collision": [0,0,0,0,0,0,0], "cartesian_collision": [0,0,0,0,0,0], "tau_ext_hat_filtered": [-0.110442,-1.64541,0.435695,-1.8523,0.193941,-0.685729,0.0343043], "O_F_ext_hat_K": [3.95718,-7.79648,-1.66117,1.16412,0.368931,-0.0285056], "K_F_ext_hat_K": [1.21681,-1.60064,-8.66956,-0.0408112,-1.69165,0.101552], "O_dP_EE_d": [0,0,0,0,0,0], "O_ddP_O": [0,0,-9.81], "O_T_EE_c": [-0.024551,0.0439731,-0.998721,0,-0.958856,-0.283641,0.0110824,0,-0.282797,0.957921,0.0491285,0,-0.380201,0.763234,0.107261,1], "O_dP_EE_c": [0,0,0,0,0,0], "O_ddP_EE_c": [0,0,0,0,0,0], "theta": [-0.773798,-1.14035,2.72746,-1.28454,-2.68159,2.33855,0.843776], "dtheta": [0,0,0,0,0,0,-0.0357181], "current_errors": [], "last_motion_errors": ["joint_position_limits_violation"], "control_command_success_rate": 0, "robot_mode": "User stopped", "time": 1071794}