{"O_T_EE": [0.0192925,0.0538332,-0.998354,0,-0.98775,0.155615,-0.0106965,0,0.154786,0.98635,0.056177,0,-0.0361314,0.840545,0.0958015,1], "O_T_EE_d": [0.0193435,0.0536688,-0.998362,0,-0.987757,0.155566,-0.0107753,0,0.154735,0.986366,0.056022,0,-0.0361669,0.840489,0.0956592,1], "F_T_NE": [0.7071,-0.7071,0,0,0.7071,0.7071,0,0,0,0,1,0,0,0,0.1034,1], "NE_T_EE": [1,0,0,0,0,1,0,0,0,0,1,0,0,0,0,1], "F_T_EE": [0.7071,-0.7071,0,0,0.7071,0.7071,0,0,0,0,1,0,0,0,0.1034,1], "EE_T_K": [1,0,0,0,0,1,0,0,0,0,1,0,0,0,0,1], "m_ee": 0.73, "F_x_Cee": [-0.01,0,0.03], "I_ee": [0.001,0,0,0,0.0025,0,0,0,0.0017], "m_load": 0, "F_x_Cload": [0,0,0], "I_load": [0,0,0,0,0,0,0,0,0], "m_total": 0.73, "F_x_Ctotal": [-0.01,0,0.03], "I_total": [0.001,0,0,0,0.0025,0,0,0,0.0017], "elbow": [0.0681868,-1], "elbow_d": [0.0681822,-1], "elbow_c": [0.0681822,-1], "delbow_c": [0,0], "ddelbow_c": [0,0], "tau_J": [0.560555,-48.8635,1.46822,16.9516,-0.491207,-2.49879,0.0514724], "tau_J_d": [0,0,0,0,0,0,0], "dtau_J": [104.157,46.8942,50.4809,-150.361,-16.8601,-16.0866,-4.91172], "q": [1.60231,1.07638,0.0681868,-1.36875,-2.87782,2.18079,0.547323], "dq": [-0.000393753,-0.00167643,-0.000861605,0.00132282,6.9733e-05,-3.40156e-05,4.48918e-05], "q_d": [1.60236,1.07651,0.0681822,-1.36884,-2.87783,2.18074,0.5473], "dq_d": [0,0,0,0,0,0,0], "ddq_d": [0,0,0,0,0,0,0], "joint_contact": [0,0,0,0,0,0,0], "cartesian_contact": [0,0,0,0,0,0], "joint_collision": [0,0,0,0,0,0,0], "cartesian_collision": [0,0,0,0,0,0], "tau_ext_hat_filtered": [0.495024,1.61386,0.173014,-1.30061,-0.0365651,-0.759035,0.0480529], "O_F_ext_hat_K": [-0.594136,-5.41015,-2.33763,0.192356,-0.333591,0.502323], "K_F_ext_hat_K": [2.03111,-0.230041,-5.55958,0.213493,-1.64675,0.0532808], "O_dP_EE_d": [0,0,0,0,0,0], "O_ddP_O": [0,0,-9.81], "O_T_EE_c": [0.0193435,0.0536688,-0.998362,0,-0.987757,0.155566,-0.0107753,0,0.154735,0.986366,0.056022,0,-0.0361669,0.840489,0.0956592,1], "O_dP_EE_c": [0,0,0,0,0,0], "O_ddP_EE_c": [0,0,0,0,0,0], "theta": [1.60235,1.07296,0.0682909,-1.36756,-2.87787,2.18052,0.547329], "dtheta": [0,0,0,0,0,0,0], "current_errors": [], "last_motion_errors": ["joint_position_limits_violation"], "control_command_success_rate": 0, "robot_mode": "User stopped", "time": 1721078}