{"O_T_EE": [-0.00791433,-0.0107384,-0.999901,0,-0.381295,0.924417,-0.00690974,0,0.924418,0.38121,-0.0114109,0,0.69072,0.447119,0.0960381,1], "O_T_EE_d": [-0.00778931,-0.0106925,-0.999903,0,-0.381325,0.924405,-0.00691465,0,0.924407,0.381242,-0.011278,0,0.690702,0.447143,0.0960536,1], "F_T_NE": [0.7071,-0.7071,0,0,0.7071,0.7071,0,0,0,0,1,0,0,0,0.1034,1], "NE_T_EE": [1,0,0,0,0,1,0,0,0,0,1,0,0,0,0,1], "F_T_EE": [0.7071,-0.7071,0,0,0.7071,0.7071,0,0,0,0,1,0,0,0,0.1034,1], "EE_T_K": [1,0,0,0,0,1,0,0,0,0,1,0,0,0,0,1], "m_ee": 0.73, "F_x_Cee": [-0.01,0,0.03], "I_ee": [0.001,0,0,0,0.0025,0,0,0,0.0017], "m_load": 0, "F_x_Cload": [0,0,0], "I_load": [0,0,0,0,0,0,0,0,0], "m_total": 0.73, "F_x_Ctotal": [-0.01,0,0.03], "I_total": [0.001,0,0,0,0.0025,0,0,0,0.0017], "elbow": [-0.412325,-1], "elbow_d": [-0.412309,-1], "elbow_c": [-0.412309,-1], "delbow_c": [0,0], "ddelbow_c": [0,0], "tau_J": [0.711312,-48.5619,-10.0052,15.6503,-0.234859,-2.73866,0.000202917], "tau_J_d": [0,0,0,0,0,0,0], "dtau_J": [8.1851,2.23813,165.292,-62.3948,-9.72587,9.41002,-73.3129], "q": [0.9425,1.06712,-0.412325,-1.43956,-2.69876,2.32883,0.845632], "dq": [-0.00017989,0.000440957,-0.0016262,0.000983267,0.000774406,0.00052268,0.000469132], "q_d": [0.942544,1.0671,-0.412309,-1.43962,-2.69876,2.32864,0.845622], "dq_d": [0,0,0,0,0,0,0], "ddq_d": [0,0,0,0,0,0,0], "joint_contact": [0,0,0,0,0,0,0], "cartesian_contact": [0,0,0,0,0,0], "joint_collision": [0,0,0,0,0,0,0], "cartesian_collision": [0,0,0,0,0,0], "tau_ext_hat_filtered": [0.801513,-0.649667,0.396373,-0.76906,0.323929,-1.1138,0.0522306], "O_F_ext_hat_K": [-9.0319,-4.29376,1.58161,1.85869,-3.47826,0.869791], "K_F_ext_hat_K": [-1.46389,-0.536349,-10.0041,0.213166,-1.68413,0.106772], "O_dP_EE_d": [0,0,0,0,0,0], "O_ddP_O": [0,0,-9.81], "O_T_EE_c": [-0.00778931,-0.0106925,-0.999903,0,-0.381325,0.924405,-0.00691465,0,0.924407,0.381242,-0.011278,0,0.690702,0.447143,0.0960536,1], "O_dP_EE_c": [0,0,0,0,0,0], "O_ddP_EE_c": [0,0,0,0,0,0], "theta": [0.942551,1.06371,-0.413028,-1.43846,-2.69879,2.32853,0.845631], "dtheta": [0,0,0,0,0,0,0], "current_errors": [], "last_motion_errors": [], "control_command_success_rate": 0, "robot_mode": "User stopped", "time": 657699}