{"O_T_EE": [-0.0217627,-0.0420773,-0.998868,0,-0.331192,0.942993,-0.0325078,0,0.943311,0.330116,-0.0344584,0,0.716091,0.404741,0.0958565,1], "O_T_EE_d": [-0.0217693,-0.0420242,-0.99887,0,-0.331209,0.942989,-0.0324548,0,0.943305,0.330135,-0.0344477,0,0.716059,0.404762,0.0958587,1], "F_T_NE": [0.7071,-0.7071,0,0,0.7071,0.7071,0,0,0,0,1,0,0,0,0.1034,1], "NE_T_EE": [1,0,0,0,0,1,0,0,0,0,1,0,0,0,0,1], "F_T_EE": [0.7071,-0.7071,0,0,0.7071,0.7071,0,0,0,0,1,0,0,0,0.1034,1], "EE_T_K": [1,0,0,0,0,1,0,0,0,0,1,0,0,0,0,1], "m_ee": 0.73, "F_x_Cee": [-0.01,0,0.03], "I_ee": [0.001,0,0,0,0.0025,0,0,0,0.0017], "m_load": 0, "F_x_Cload": [0,0,0], "I_load": [0,0,0,0,0,0,0,0,0], "m_total": 0.73, "F_x_Ctotal": [-0.01,0,0.03], "I_total": [0.001,0,0,0,0.0025,0,0,0,0.0017], "elbow": [-0.459479,-1], "elbow_d": [-0.459447,-1], "elbow_c": [-0.459447,-1], "delbow_c": [0,0], "ddelbow_c": [0,0], "tau_J": [0.635933,-47.2805,-10.755,15.1147,-0.363033,-2.43837,0.153096], "tau_J_d": [0,0,0,0,0,0,0], "dtau_J": [42.297,-87.382,-61.8988,-6.83335,-34.284,14.1168,21.119], "q": [0.915464,1.07658,-0.459479,-1.43232,-2.69454,2.3728,0.854963], "dq": [0.000114717,7.87979e-05,-3.75959e-05,-0.00127859,0.000126939,-0.000409645,-0.000623029], "q_d": [0.915508,1.07651,-0.459447,-1.43243,-2.69453,2.37273,0.854986], "dq_d": [0,0,0,0,0,0,0], "ddq_d": [0,0,0,0,0,0,0], "joint_contact": [0,0,0,0,0,0,0], "cartesian_contact": [0,0,0,0,0,0], "joint_collision": [0,0,0,0,0,0,0], "cartesian_collision": [0,0,0,0,0,0], "tau_ext_hat_filtered": [0.684508,0.311242,0.675887,-1.03394,0.229458,-0.901607,0.134027], "O_F_ext_hat_K": [-7.6833,-3.36732,-0.205969,0.99829,-2.15318,0.759237], "K_F_ext_hat_K": [0.514642,-0.624028,-8.35225,-0.0114496,-1.72838,0.1974], "O_dP_EE_d": [0,0,0,0,0,0], "O_ddP_O": [0,0,-9.81], "O_T_EE_c": [-0.0217693,-0.0420242,-0.99887,0,-0.331209,0.942989,-0.0324548,0,0.943305,0.330135,-0.0344477,0,0.716059,0.404762,0.0958587,1], "O_dP_EE_c": [0,0,0,0,0,0], "O_ddP_EE_c": [0,0,0,0,0,0], "theta": [0.915509,1.07326,-0.460233,-1.43126,-2.69458,2.37253,0.854979], "dtheta": [0,0,0,0,0,0,0], "current_errors": [], "last_motion_errors": [], "control_command_success_rate": 0, "robot_mode": "User stopped", "time": 675068}