{"O_T_EE": [-0.0473036,-0.0128787,-0.998788,0,0.250939,0.967686,-0.0243624,0,0.966846,-0.251792,-0.0425441,0,0.814477,-0.0801731,0.093868,1], "O_T_EE_d": [-0.0474097,-0.012801,-0.998784,0,0.250955,0.967683,-0.0243146,0,0.966836,-0.251808,-0.0426659,0,0.814434,-0.0801494,0.0937908,1], "F_T_NE": [0.7071,-0.7071,0,0,0.7071,0.7071,0,0,0,0,1,0,0,0,0.1034,1], "NE_T_EE": [1,0,0,0,0,1,0,0,0,0,1,0,0,0,0,1], "F_T_EE": [0.7071,-0.7071,0,0,0.7071,0.7071,0,0,0,0,1,0,0,0,0.1034,1], "EE_T_K": [1,0,0,0,0,1,0,0,0,0,1,0,0,0,0,1], "m_ee": 0.73, "F_x_Cee": [-0.01,0,0.03], "I_ee": [0.001,0,0,0,0.0025,0,0,0,0.0017], "m_load": 0, "F_x_Cload": [0,0,0], "I_load": [0,0,0,0,0,0,0,0,0], "m_total": 0.73, "F_x_Ctotal": [-0.01,0,0.03], "I_total": [0.001,0,0,0,0.0025,0,0,0,0.0017], "elbow": [-0.826491,-1], "elbow_d": [-0.826392,-1], "elbow_c": [-0.826392,-1], "delbow_c": [0,0], "ddelbow_c": [0,0], "tau_J": [0.18763,-42.9443,-19.003,10.2469,-0.564449,-2.04744,0.0514724], "tau_J_d": [0,0,0,0,0,0,0], "dtau_J": [18.0527,-62.9233,49.9977,135.977,10.5347,-3.4463,-65.3534], "q": [0.567192,1.25877,-0.826491,-1.41529,-2.59811,2.49292,1.16279], "dq": [-0.000136947,0.000717751,0.00033911,-0.00119304,-8.30974e-05,0.00528251,0.00201578], "q_d": [0.567224,1.25876,-0.826392,-1.4154,-2.5981,2.4929,1.1628], "dq_d": [0,0,0,0,0,0,0], "ddq_d": [0,0,0,0,0,0,0], "joint_contact": [0,0,0,0,0,0,0], "cartesian_contact": [0,0,0,0,0,0], "joint_collision": [0,0,0,0,0,0,0], "cartesian_collision": [0,0,0,0,0,0], "tau_ext_hat_filtered": [0.159084,1.43072,1.07039,-1.33194,0.326677,-0.623727,0.100579], "O_F_ext_hat_K": [-6.27438,0.462826,-2.48582,-0.119767,-0.312516,0.204652], "K_F_ext_hat_K": [2.7737,-1.06608,-6.07714,-0.294795,-1.76897,0.15963], "O_dP_EE_d": [0,0,0,0,0,0], "O_ddP_O": [0,0,-9.81], "O_T_EE_c": [-0.0474097,-0.012801,-0.998784,0,0.250955,0.967683,-0.0243146,0,0.966836,-0.251808,-0.0426659,0,0.814434,-0.0801494,0.0937908,1], "O_dP_EE_c": [0,0,0,0,0,0], "O_ddP_EE_c": [0,0,0,0,0,0], "theta": [0.567205,1.25576,-0.827826,-1.41457,-2.59818,2.49269,1.1628], "dtheta": [0,0,0,0,0,0,0], "current_errors": [], "last_motion_errors": [], "control_command_success_rate": 0, "robot_mode": "User stopped", "time": 1282413}