{"O_T_EE": [-0.0512559,0.0147122,-0.998568,0,0.381242,0.924446,-0.00594876,0,0.923052,-0.381008,-0.0529933,0,0.798743,-0.179931,0.0944056,1], "O_T_EE_d": [-0.0512869,0.0147739,-0.998565,0,0.381258,0.92444,-0.00590443,0,0.923044,-0.381021,-0.0530453,0,0.798716,-0.179916,0.0943711,1], "F_T_NE": [0.7071,-0.7071,0,0,0.7071,0.7071,0,0,0,0,1,0,0,0,0.1034,1], "NE_T_EE": [1,0,0,0,0,1,0,0,0,0,1,0,0,0,0,1], "F_T_EE": [0.7071,-0.7071,0,0,0.7071,0.7071,0,0,0,0,1,0,0,0,0.1034,1], "EE_T_K": [1,0,0,0,0,1,0,0,0,0,1,0,0,0,0,1], "m_ee": 0.73, "F_x_Cee": [-0.01,0,0.03], "I_ee": [0.001,0,0,0,0.0025,0,0,0,0.0017], "m_load": 0, "F_x_Cload": [0,0,0], "I_load": [0,0,0,0,0,0,0,0,0], "m_total": 0.73, "F_x_Ctotal": [-0.01,0,0.03], "I_total": [0.001,0,0,0,0.0025,0,0,0,0.0017], "elbow": [-0.741742,-1], "elbow_d": [-0.741713,-1], "elbow_c": [-0.741713,-1], "delbow_c": [0,0], "ddelbow_c": [0,0], "tau_J": [0.973153,-44.6026,-16.8289,11.5085,-0.509518,-2.11793,0.153096], "tau_J_d": [0,0,0,0,0,0,0], "dtau_J": [-12.4904,-102.139,26.4321,-145.031,-1.24819,-35.9305,25.7737], "q": [0.386266,1.20028,-0.741742,-1.4187,-2.61398,2.48035,1.09664], "dq": [-0.000902778,0.000622472,-0.000333127,0.000991724,0.000190552,0.000206056,-0.00119505], "q_d": [0.386308,1.20026,-0.741713,-1.41881,-2.61396,2.48033,1.09667], "dq_d": [0,0,0,0,0,0,0], "ddq_d": [0,0,0,0,0,0,0], "joint_contact": [0,0,0,0,0,0,0], "cartesian_contact": [0,0,0,0,0,0], "joint_collision": [0,0,0,0,0,0,0], "cartesian_collision": [0,0,0,0,0,0], "tau_ext_hat_filtered": [0.962415,0.56004,1.23525,-1.42208,0.320677,-0.663928,0.150966], "O_F_ext_hat_K": [-9.87919,3.16028,-0.27272,-0.624049,-2.40327,1.07358], "K_F_ext_hat_K": [0.825207,-0.843242,-10.3086,-0.332098,-1.70576,0.280055], "O_dP_EE_d": [0,0,0,0,0,0], "O_ddP_O": [0,0,-9.81], "O_T_EE_c": [-0.0512869,0.0147739,-0.998565,0,0.381258,0.92444,-0.00590443,0,0.923044,-0.381021,-0.0530453,0,0.798716,-0.179916,0.0943711,1], "O_dP_EE_c": [0,0,0,0,0,0], "O_ddP_EE_c": [0,0,0,0,0,0], "theta": [0.386333,1.19715,-0.742923,-1.4179,-2.61403,2.48012,1.09665], "dtheta": [0,0,0,0,0,0,0], "current_errors": [], "last_motion_errors": [], "control_command_success_rate": 0, "robot_mode": "User stopped", "time": 1239891}