{"O_T_EE": [-0.0340004,-0.00864976,-0.999375,0,0.849624,0.526308,-0.0334609,0,0.526278,-0.850247,-0.0105459,0,0.542753,-0.617272,0.0942639,1], "O_T_EE_d": [-0.0339417,-0.00870125,-0.999376,0,0.849639,0.526286,-0.0334384,0,0.526259,-0.85026,-0.0104703,0,0.542734,-0.61727,0.0942434,1], "F_T_NE": [0.7071,-0.7071,0,0,0.7071,0.7071,0,0,0,0,1,0,0,0,0.1034,1], "NE_T_EE": [1,0,0,0,0,1,0,0,0,0,1,0,0,0,0,1], "F_T_EE": [0.7071,-0.7071,0,0,0.7071,0.7071,0,0,0,0,1,0,0,0,0.1034,1], "EE_T_K": [1,0,0,0,0,1,0,0,0,0,1,0,0,0,0,1], "m_ee": 0.73, "F_x_Cee": [-0.01,0,0.03], "I_ee": [0.001,0,0,0,0.0025,0,0,0,0.0017], "m_load": 0, "F_x_Cload": [0,0,0], "I_load": [0,0,0,0,0,0,0,0,0], "m_total": 0.73, "F_x_Ctotal": [-0.01,0,0.03], "I_total": [0.001,0,0,0,0.0025,0,0,0,0.0017], "elbow": [0.0733659,-1], "elbow_d": [0.073358,-1], "elbow_c": [0.073358,-1], "delbow_c": [0,0], "ddelbow_c": [0,0], "tau_J": [0.112252,-49.9188,1.32143,16.7255,-0.326412,-2.74873,0.102742], "tau_J_d": [0,0,0,0,0,0,0], "dtau_J": [164.631,-59.3694,1.51249,-123.583,29.0725,0.0150016,-84.0039], "q": [-0.87564,1.0035,0.0733659,-1.47405,-2.91355,2.2228,0.55107], "dq": [-0.00123873,0.000971776,-0.0013184,-0.00185687,0.000244367,1.80187e-05,0.00184499], "q_d": [-0.875643,1.00352,0.073358,-1.47411,-2.91356,2.22263,0.551124], "dq_d": [0,0,0,0,0,0,0], "ddq_d": [0,0,0,0,0,0,0], "joint_contact": [0,0,0,0,0,0,0], "cartesian_contact": [0,0,0,0,0,0], "joint_collision": [0,0,0,0,0,0,0], "cartesian_collision": [0,0,0,0,0,0], "tau_ext_hat_filtered": [0.0351991,-0.716295,-0.105203,-0.957512,0.0734322,-1.15977,0.179083], "O_F_ext_hat_K": [-6.94027,8.09664,1.94414,-3.29398,-2.713,-0.000359046], "K_F_ext_hat_K": [-1.77702,-1.70038,-10.5572,0.164625,-1.65513,0.154154], "O_dP_EE_d": [0,0,0,0,0,0], "O_ddP_O": [0,0,-9.81], "O_T_EE_c": [-0.0339417,-0.00870125,-0.999376,0,0.849639,0.526286,-0.0334384,0,0.526259,-0.85026,-0.0104703,0,0.542734,-0.61727,0.0942434,1], "O_dP_EE_c": [0,0,0,0,0,0], "O_ddP_EE_c": [0,0,0,0,0,0], "theta": [-0.875631,0.999993,0.0734585,-1.47287,-2.91358,2.22249,0.551083], "dtheta": [0,0,0,0,0,0,0], "current_errors": ["joint_position_limits_violation"], "last_motion_errors": ["joint_position_limits_violation"], "control_command_success_rate": 0, "robot_mode": "User stopped", "time": 1748710}