{"O_T_EE": [-0.03976,0.00682433,-0.999176,0,0.822787,0.567599,-0.0288643,0,0.566945,-0.823273,-0.0281832,0,0.578894,-0.582745,0.0945388,1], "O_T_EE_d": [-0.0397543,0.00674154,-0.999177,0,0.822806,0.567569,-0.0289076,0,0.566918,-0.823294,-0.0281109,0,0.578863,-0.582762,0.0945869,1], "F_T_NE": [0.7071,-0.7071,0,0,0.7071,0.7071,0,0,0,0,1,0,0,0,0.1034,1], "NE_T_EE": [1,0,0,0,0,1,0,0,0,0,1,0,0,0,0,1], "F_T_EE": [0.7071,-0.7071,0,0,0.7071,0.7071,0,0,0,0,1,0,0,0,0.1034,1], "EE_T_K": [1,0,0,0,0,1,0,0,0,0,1,0,0,0,0,1], "m_ee": 0.73, "F_x_Cee": [-0.01,0,0.03], "I_ee": [0.001,0,0,0,0.0025,0,0,0,0.0017], "m_load": 0, "F_x_Cload": [0,0,0], "I_load": [0,0,0,0,0,0,0,0,0], "m_total": 0.73, "F_x_Ctotal": [-0.01,0,0.03], "I_total": [0.001,0,0,0,0.0025,0,0,0,0.0017], "elbow": [0.0947129,-1], "elbow_d": [0.0946812,-1], "elbow_c": [0.0946812,-1], "delbow_c": [0,0], "ddelbow_c": [0,0], "tau_J": [0.0765462,-49.6172,2.03157,16.4557,-0.326412,-2.54823,0.0313308], "tau_J_d": [0,0,0,0,0,0,0], "dtau_J": [98.6331,-23.404,156.881,97.7639,24.2199,-18.2981,-13.1094], "q": [-0.830786,0.998931,0.0947129,-1.47419,-2.89848,2.2402,0.528151], "dq": [-0.00158011,-0.000357386,-0.00251207,-0.000684467,-0.000357625,9.04022e-05,0.000516787], "q_d": [-0.830804,0.998807,0.0946812,-1.47432,-2.89849,2.24012,0.528149], "dq_d": [0,0,0,0,0,0,0], "ddq_d": [0,0,0,0,0,0,0], "joint_contact": [0,0,0,0,0,0,0], "cartesian_contact": [0,0,0,0,0,0], "joint_collision": [0,0,0,0,0,0,0], "cartesian_collision": [0,0,0,0,0,0], "tau_ext_hat_filtered": [-0.0201646,-0.439326,0.00258782,-1.35522,0.0614441,-1.00229,0.0543597], "O_F_ext_hat_K": [-7.9265,8.40734,1.99047,-3.19689,-2.8646,0.0358777], "K_F_ext_hat_K": [-1.61633,-1.80732,-11.4715,0.25457,-1.56252,0.0945388], "O_dP_EE_d": [0,0,0,0,0,0], "O_ddP_O": [0,0,-9.81], "O_T_EE_c": [-0.0397543,0.00674154,-0.999177,0,0.822806,0.567569,-0.0289076,0,0.566918,-0.823294,-0.0281109,0,0.578863,-0.582762,0.0945869,1], "O_dP_EE_c": [0,0,0,0,0,0], "O_ddP_EE_c": [0,0,0,0,0,0], "theta": [-0.830782,0.995448,0.0948544,-1.47303,-2.89851,2.23992,0.528154], "dtheta": [0,0,-0.0251285,0,0,0,0], "current_errors": ["joint_position_limits_violation"], "last_motion_errors": ["joint_position_limits_violation"], "control_command_success_rate": 0, "robot_mode": "User stopped", "time": 1730088}