{"O_T_EE": [-0.00379769,0.0179141,-0.999823,0,0.885841,0.463942,0.00494784,0,0.463958,-0.885682,-0.0176313,0,0.503647,-0.650517,0.0939543,1], "O_T_EE_d": [-0.00380515,0.0178679,-0.999823,0,0.885853,0.463919,0.00491934,0,0.463934,-0.885695,-0.017594,0,0.503621,-0.65052,0.0939589,1], "F_T_NE": [0.7071,-0.7071,0,0,0.7071,0.7071,0,0,0,0,1,0,0,0,0.1034,1], "NE_T_EE": [1,0,0,0,0,1,0,0,0,0,1,0,0,0,0,1], "F_T_EE": [0.7071,-0.7071,0,0,0.7071,0.7071,0,0,0,0,1,0,0,0,0.1034,1], "EE_T_K": [1,0,0,0,0,1,0,0,0,0,1,0,0,0,0,1], "m_ee": 0.73, "F_x_Cee": [-0.01,0,0.03], "I_ee": [0.001,0,0,0,0.0025,0,0,0,0.0017], "m_load": 0, "F_x_Cload": [0,0,0], "I_load": [0,0,0,0,0,0,0,0,0], "m_total": 0.73, "F_x_Ctotal": [-0.01,0,0.03], "I_total": [0.001,0,0,0,0.0025,0,0,0,0.0017], "elbow": [0.0563782,-1], "elbow_d": [0.0563647,-1], "elbow_c": [0.0563647,-1], "delbow_c": [0,0], "ddelbow_c": [0,0], "tau_J": [0.263009,-48.9745,0.984211,16.416,-0.344723,-2.48872,0.071614], "tau_J_d": [0,0,0,0,0,0,0], "dtau_J": [125.35,98.8405,33.493,-56.9087,-13.3019,-10.7953,-0.830791], "q": [-0.922411,1.00454,0.0563782,-1.46669,-2.89077,2.2349,0.588724], "dq": [-0.00202777,-0.000937929,0.000635476,0.00110821,0.00110799,0.000295938,-3.2603e-05], "q_d": [-0.922425,1.0045,0.0563647,-1.46678,-2.89078,2.23482,0.588724], "dq_d": [0,0,0,0,0,0,0], "ddq_d": [0,0,0,0,0,0,0], "joint_contact": [0,0,0,0,0,0,0], "cartesian_contact": [0,0,0,0,0,0], "joint_collision": [0,0,0,0,0,0,0], "cartesian_collision": [0,0,0,0,0,0], "tau_ext_hat_filtered": [0.195915,0.255747,-0.000354647,-1.37733,0.0581951,-0.914215,0.0823568], "O_F_ext_hat_K": [-5.52774,7.86499,0.51448,-2.48229,-1.59984,0.188175], "K_F_ext_hat_K": [-0.352509,-1.24528,-9.53959,0.167692,-1.62984,0.0770383], "O_dP_EE_d": [0,0,0,0,0,0], "O_ddP_O": [0,0,-9.81], "O_T_EE_c": [-0.00380515,0.0178679,-0.999823,0,0.885853,0.463919,0.00491934,0,0.463934,-0.885695,-0.017594,0,0.503621,-0.65052,0.0939589,1], "O_dP_EE_c": [0,0,0,0,0,0], "O_ddP_EE_c": [0,0,0,0,0,0], "theta": [-0.922392,1.0011,0.0564473,-1.46554,-2.89081,2.23463,0.588732], "dtheta": [0,0,0,0,0,0,0], "current_errors": [], "last_motion_errors": ["joint_position_limits_violation"], "control_command_success_rate": 0, "robot_mode": "User stopped", "time": 1970817}