{"O_T_EE": [-0.00737832,-0.0205609,-0.999752,0,0.970818,0.239471,-0.0120897,0,0.239665,-0.970685,0.0181943,0,0.334141,-0.755881,0.0941447,1], "O_T_EE_d": [-0.00737524,-0.0206157,-0.999751,0,0.970819,0.239468,-0.0120998,0,0.239663,-0.970685,0.0182483,0,0.334142,-0.755874,0.094156,1], "F_T_NE": [0.7071,-0.7071,0,0,0.7071,0.7071,0,0,0,0,1,0,0,0,0.1034,1], "NE_T_EE": [1,0,0,0,0,1,0,0,0,0,1,0,0,0,0,1], "F_T_EE": [0.7071,-0.7071,0,0,0.7071,0.7071,0,0,0,0,1,0,0,0,0.1034,1], "EE_T_K": [1,0,0,0,0,1,0,0,0,0,1,0,0,0,0,1], "m_ee": 0.73, "F_x_Cee": [-0.01,0,0.03], "I_ee": [0.001,0,0,0,0.0025,0,0,0,0.0017], "m_load": 0, "F_x_Cload": [0,0,0], "I_load": [0,0,0,0,0,0,0,0,0], "m_total": 0.73, "F_x_Ctotal": [-0.01,0,0.03], "I_total": [0.001,0,0,0,0.0025,0,0,0,0.0017], "elbow": [0.0296616,-1], "elbow_d": [0.0296645,-1], "elbow_c": [0.0296645,-1], "delbow_c": [0,0], "ddelbow_c": [0,0], "tau_J": [0.635933,-49.7283,0.758075,16.9159,-0.491207,-2.66908,0.0111892], "tau_J_d": [0,0,0,0,0,0,0], "dtau_J": [-26.0252,60.0703,31.8434,104.251,-19.7128,39.6206,-49.7105], "q": [-1.14183,1.02304,0.0296616,-1.4507,-2.89111,2.19992,0.594297], "dq": [0.000307213,-0.000588313,0.00045085,-0.000235349,0.000337739,-0.000522907,0.00196373], "q_d": [-1.14183,1.02302,0.0296645,-1.45076,-2.89111,2.19984,0.594292], "dq_d": [0,0,0,0,0,0,0], "ddq_d": [0,0,0,0,0,0,0], "joint_contact": [0,0,0,0,0,0,0], "cartesian_contact": [0,0,0,0,0,0], "joint_collision": [0,0,0,0,0,0,0], "cartesian_collision": [0,0,0,0,0,0], "tau_ext_hat_filtered": [0.678966,-0.158343,0.45688,-1.01045,-0.0375682,-1.01722,0.0611427], "O_F_ext_hat_K": [-2.76898,8.80477,0.961442,-3.05432,-1.0403,0.710187], "K_F_ext_hat_K": [-1.12183,-0.591327,-9.19279,0.159252,-1.56306,0.0832166], "O_dP_EE_d": [0,0,0,0,0,0], "O_ddP_O": [0,0,-9.81], "O_T_EE_c": [-0.00737524,-0.0206157,-0.999751,0,0.970819,0.239468,-0.0120998,0,0.239663,-0.970685,0.0182483,0,0.334142,-0.755874,0.094156,1], "O_dP_EE_c": [0,0,0,0,0,0], "O_ddP_EE_c": [0,0,0,0,0,0], "theta": [-1.14179,1.01955,0.0297145,-1.44951,-2.89116,2.19963,0.594298], "dtheta": [0,0,0,0,0,0,0], "current_errors": [], "last_motion_errors": ["joint_position_limits_violation"], "control_command_success_rate": 0, "robot_mode": "User stopped", "time": 2216869}