{"O_T_EE": [-0.0168924,0.0186787,-0.999673,0,0.954414,0.298266,-0.0105545,0,0.297977,-0.954299,-0.0228661,0,0.378926,-0.733785,0.0939925,1], "O_T_EE_d": [-0.0168945,0.018655,-0.999674,0,0.954421,0.298245,-0.0105641,0,0.297957,-0.954306,-0.0228438,0,0.378911,-0.73378,0.0940111,1], "F_T_NE": [0.7071,-0.7071,0,0,0.7071,0.7071,0,0,0,0,1,0,0,0,0.1034,1], "NE_T_EE": [1,0,0,0,0,1,0,0,0,0,1,0,0,0,0,1], "F_T_EE": [0.7071,-0.7071,0,0,0.7071,0.7071,0,0,0,0,1,0,0,0,0.1034,1], "EE_T_K": [1,0,0,0,0,1,0,0,0,0,1,0,0,0,0,1], "m_ee": 0.73, "F_x_Cee": [-0.01,0,0.03], "I_ee": [0.001,0,0,0,0.0025,0,0,0,0.0017], "m_load": 0, "F_x_Cload": [0,0,0], "I_load": [0,0,0,0,0,0,0,0,0], "m_total": 0.73, "F_x_Ctotal": [-0.01,0,0.03], "I_total": [0.001,0,0,0,0.0025,0,0,0,0.0017], "elbow": [0.0298796,-1], "elbow_d": [0.0298659,-1], "elbow_c": [0.0298659,-1], "delbow_c": [0,0], "ddelbow_c": [0,0], "tau_J": [0.298714,-48.9745,0.571613,16.1859,-0.262325,-2.33766,0.112813], "tau_J_d": [0,0,0,0,0,0,0], "dtau_J": [67.42,14.5639,19.5621,-5.24734,-1.13988,-11.3803,83.6812], "q": [-1.08387,1.01149,0.0298796,-1.44674,-2.88138,2.25572,0.586773], "dq": [-0.000190062,-0.000621775,-0.0004134,0.000422818,4.24036e-05,0.000357749,-0.00125522], "q_d": [-1.08387,1.01142,0.0298659,-1.44684,-2.88137,2.25567,0.586776], "dq_d": [0,0,0,0,0,0,0], "ddq_d": [0,0,0,0,0,0,0], "joint_contact": [0,0,0,0,0,0,0], "cartesian_contact": [0,0,0,0,0,0], "joint_collision": [0,0,0,0,0,0,0], "cartesian_collision": [0,0,0,0,0,0], "tau_ext_hat_filtered": [0.281718,0.567517,0.216869,-1.76873,0.148554,-0.778594,0.0893999], "O_F_ext_hat_K": [-4.28342,9.85336,0.495815,-2.77789,-1.1683,0.316101], "K_F_ext_hat_K": [-0.239253,-1.1545,-10.6907,0.288717,-1.5896,0.114312], "O_dP_EE_d": [0,0,0,0,0,0], "O_ddP_O": [0,0,-9.81], "O_T_EE_c": [-0.0168945,0.018655,-0.999674,0,0.954421,0.298245,-0.0105641,0,0.297957,-0.954306,-0.0228438,0,0.378911,-0.73378,0.0940111,1], "O_dP_EE_c": [0,0,0,0,0,0], "O_ddP_EE_c": [0,0,0,0,0,0], "theta": [-1.08385,1.00805,0.029919,-1.44561,-2.88141,2.25546,0.586786], "dtheta": [0,0,0,0,0,0,0], "current_errors": [], "last_motion_errors": ["joint_position_limits_violation"], "control_command_success_rate": 0, "robot_mode": "User stopped", "time": 2109220}