{"O_T_EE": [-0.00835667,0.0377816,-0.999241,0,0.978304,-0.206509,-0.0159897,0,-0.206961,-0.977714,-0.0352368,0,-0.0551887,-0.834462,0.093373,1], "O_T_EE_d": [-0.00835537,0.0377951,-0.999241,0,0.978303,-0.206513,-0.0159914,0,-0.206965,-0.977713,-0.0352503,0,-0.0551852,-0.834449,0.0933687,1], "F_T_NE": [0.7071,-0.7071,0,0,0.7071,0.7071,0,0,0,0,1,0,0,0,0.1034,1], "NE_T_EE": [1,0,0,0,0,1,0,0,0,0,1,0,0,0,0,1], "F_T_EE": [0.7071,-0.7071,0,0,0.7071,0.7071,0,0,0,0,1,0,0,0,0.1034,1], "EE_T_K": [1,0,0,0,0,1,0,0,0,0,1,0,0,0,0,1], "m_ee": 0.73, "F_x_Cee": [-0.01,0,0.03], "I_ee": [0.001,0,0,0,0.0025,0,0,0,0.0017], "m_load": 0, "F_x_Cload": [0,0,0], "I_load": [0,0,0,0,0,0,0,0,0], "m_total": 0.73, "F_x_Ctotal": [-0.01,0,0.03], "I_total": [0.001,0,0,0,0.0025,0,0,0,0.0017], "elbow": [-0.251536,-1], "elbow_d": [-0.251529,-1], "elbow_c": [-0.251529,-1], "delbow_c": [0,0], "ddelbow_c": [0,0], "tau_J": [0.449471,-49.0142,-5.99028,16.0352,-0.445431,-2.2278,0.153096], "tau_J_d": [0,0,0,0,0,0,0], "dtau_J": [-0.0732435,99.3515,9.22919,-11.0855,-52.3638,12.1041,-18.7046], "q": [-1.41504,1.06407,-0.251536,-1.36825,-2.81872,2.35576,0.770874], "dq": [-0.000174575,-0.000292301,-2.16037e-06,-0.000129545,0.0108007,-0.000368788,-0.000850623], "q_d": [-1.41503,1.06403,-0.251529,-1.36831,-2.81871,2.35574,0.77087], "dq_d": [0,0,0,0,0,0,0], "ddq_d": [0,0,0,0,0,0,0], "joint_contact": [0,0,0,0,0,0,0], "cartesian_contact": [0,0,0,0,0,0], "joint_collision": [0,0,0,0,0,0,0], "cartesian_collision": [0,0,0,0,0,0], "tau_ext_hat_filtered": [0.448723,0.67461,0.440653,-1.774,0.100517,-0.676113,0.140444], "O_F_ext_hat_K": [1.14801,11.2911,0.415197,-3.05815,0.304367,0.48227], "K_F_ext_hat_K": [0.00211937,-1.21528,-11.2917,-0.126923,-1.65984,0.167445], "O_dP_EE_d": [0,0,0,0,0,0], "O_ddP_O": [0,0,-9.81], "O_T_EE_c": [-0.00835537,0.0377951,-0.999241,0,0.978303,-0.206513,-0.0159914,0,-0.206965,-0.977713,-0.0352503,0,-0.0551852,-0.834449,0.0933687,1], "O_dP_EE_c": [0,0,0,0,0,0], "O_ddP_EE_c": [0,0,0,0,0,0], "theta": [-1.41501,1.06063,-0.251956,-1.36712,-2.81877,2.35551,0.770893], "dtheta": [0,0,0,0,0.0385,0,0], "current_errors": [], "last_motion_errors": ["joint_position_limits_violation"], "control_command_success_rate": 0, "robot_mode": "User stopped", "time": 2608447}