{"O_T_EE": [0.0180526,-0.00960263,-0.999781,0,-0.856031,-0.516799,-0.0104932,0,-0.516595,0.85605,-0.01755,0,-0.597701,0.634955,0.195218,1], "O_T_EE_d": [0.0179318,-0.00935216,-0.999786,0,-0.85612,-0.516652,-0.0105222,0,-0.516453,0.856142,-0.0172714,0,-0.597652,0.635041,0.195355,1], "F_T_NE": [0.7071,-0.7071,0,0,0.7071,0.7071,0,0,0,0,1,0,0,0,0.1034,1], "NE_T_EE": [1,0,0,0,0,1,0,0,0,0,1,0,0,0,0,1], "F_T_EE": [0.7071,-0.7071,0,0,0.7071,0.7071,0,0,0,0,1,0,0,0,0.1034,1], "EE_T_K": [1,0,0,0,0,1,0,0,0,0,1,0,0,0,0,1], "m_ee": 0.73, "F_x_Cee": [-0.01,0,0.03], "I_ee": [0.001,0,0,0,0.0025,0,0,0,0.0017], "m_load": 0, "F_x_Cload": [0,0,0], "I_load": [0,0,0,0,0,0,0,0,0], "m_total": 0.73, "F_x_Ctotal": [-0.01,0,0.03], "I_total": [0.001,0,0,0,0.0025,0,0,0,0.0017], "elbow": [0.33155,-1], "elbow_d": [0.331529,-1], "elbow_c": [0.331529,-1], "delbow_c": [0,0], "ddelbow_c": [0,0], "tau_J": [0.151925,-51.3113,7.39534,19.3677,0.0938149,-2.67824,-0.0300095], "tau_J_d": [0,0,0,0,0,0,0], "dtau_J": [27.1729,34.6328,-99.4894,80.6526,5.86705,6.34346,-74.8237], "q": [2.11833,0.98488,0.33155,-1.2795,-2.85224,2.41738,0.27914], "dq": [0.000429491,-0.000224315,0.00123587,-0.00160172,-3.68341e-05,-0.000528883,0.00129017], "q_d": [2.11826,0.984757,0.331529,-1.2795,-2.85223,2.4172,0.279118], "dq_d": [0,0,0,0,0,0,0], "ddq_d": [0,0,0,0,0,0,0], "joint_contact": [0,0,0,0,0,0,0], "cartesian_contact": [0,0,0,0,0,0], "joint_collision": [0,0,0,0,0,0,0], "cartesian_collision": [0,0,0,0,0,0], "tau_ext_hat_filtered": [0.16032,-0.786081,0.239021,-0.261351,0.252886,-1.27705,0.0186634], "O_F_ext_hat_K": [4.49272,-7.1654,0.506511,3.0169,1.99288,0.195144], "K_F_ext_hat_K": [-0.356495,-0.148147,-8.46375,1.25027,-1.51712,0.0479622], "O_dP_EE_d": [0,0,0,0,0,0], "O_ddP_O": [0,0,-9.81], "O_T_EE_c": [0.0179318,-0.00935216,-0.999786,0,-0.85612,-0.516652,-0.0105222,0,-0.516453,0.856142,-0.0172714,0,-0.597652,0.635041,0.195355,1], "O_dP_EE_c": [0,0,0,0,0,0], "O_ddP_EE_c": [0,0,0,0,0,0], "theta": [2.11834,0.981278,0.332069,-1.27814,-2.85223,2.41708,0.279137], "dtheta": [0,0,0,0,0,0,0], "current_errors": [], "last_motion_errors": ["joint_position_limits_violation"], "control_command_success_rate": 0, "robot_mode": "User stopped", "time": 3223818}