{"O_T_EE": [-0.00437484,-0.00164531,-0.999979,0,-0.930504,-0.366226,0.00467346,0,-0.366234,0.930523,7.12202e-05,0,-0.477286,0.72531,0.194387,1], "O_T_EE_d": [-0.00443411,-0.00133453,-0.99998,0,-0.93058,-0.366032,0.00461487,0,-0.366038,0.9306,0.000381145,0,-0.477185,0.725414,0.194527,1], "F_T_NE": [0.7071,-0.7071,0,0,0.7071,0.7071,0,0,0,0,1,0,0,0,0.1034,1], "NE_T_EE": [1,0,0,0,0,1,0,0,0,0,1,0,0,0,0,1], "F_T_EE": [0.7071,-0.7071,0,0,0.7071,0.7071,0,0,0,0,1,0,0,0,0.1034,1], "EE_T_K": [1,0,0,0,0,1,0,0,0,0,1,0,0,0,0,1], "m_ee": 0.73, "F_x_Cee": [-0.01,0,0.03], "I_ee": [0.001,0,0,0,0.0025,0,0,0,0.0017], "m_load": 0, "F_x_Cload": [0,0,0], "I_load": [0,0,0,0,0,0,0,0,0], "m_total": 0.73, "F_x_Ctotal": [-0.01,0,0.03], "I_total": [0.001,0,0,0,0.0025,0,0,0,0.0017], "elbow": [0.204888,-1], "elbow_d": [0.204823,-1], "elbow_c": [0.204823,-1], "delbow_c": [0,0], "ddelbow_c": [0,0], "tau_J": [-0.482841,-51.7635,3.79305,19.447,-0.0984458,-2.83937,-0.0199387], "tau_J_d": [0,0,0,0,0,0,0], "dtau_J": [-51.2386,-42.4487,-6.47177,84.7034,-17.6303,-8.12987,-47.9746], "q": [2.03332,0.955186,0.204888,-1.30355,-2.83514,2.40504,0.389365], "dq": [0.000959676,0.000199034,0.00175002,-0.000518936,0.000190447,0.000281619,0.00112822], "q_d": [2.03322,0.955067,0.204823,-1.30353,-2.83514,2.40485,0.389342], "dq_d": [0,0,0,0,0,0,0], "ddq_d": [0,0,0,0,0,0,0], "joint_contact": [0,0,0,0,0,0,0], "cartesian_contact": [0,0,0,0,0,0], "joint_collision": [0,0,0,0,0,0,0], "cartesian_collision": [0,0,0,0,0,0], "tau_ext_hat_filtered": [-0.482403,-1.01307,-0.586043,-0.55809,0.166633,-1.31462,0.0124232], "O_F_ext_hat_K": [5.97721,-9.70405,0.935439,4.23625,2.23053,-0.542686], "K_F_ext_hat_K": [-0.945621,-2.0036,-11.2188,0.830584,-1.78713,-0.0332528], "O_dP_EE_d": [0,0,0,0,0,0], "O_ddP_O": [0,0,-9.81], "O_T_EE_c": [-0.00443411,-0.00133453,-0.99998,0,-0.93058,-0.366032,0.00461487,0,-0.366038,0.9306,0.000381145,0,-0.477185,0.725414,0.194527,1], "O_dP_EE_c": [0,0,0,0,0,0], "O_ddP_EE_c": [0,0,0,0,0,0], "theta": [2.03328,0.951554,0.205154,-1.30218,-2.83516,2.40473,0.389363], "dtheta": [0,0,0,0,0,0,0], "current_errors": [], "last_motion_errors": ["joint_position_limits_violation"], "control_command_success_rate": 0, "robot_mode": "User stopped", "time": 3171866}