{"O_T_EE": [0.0123137,-0.00610154,-0.999896,0,-0.979767,-0.199801,-0.0108466,0,-0.199718,0.979817,-0.00843853,0,-0.343803,0.794057,0.195565,1], "O_T_EE_d": [0.0123028,-0.00595117,-0.999897,0,-0.97979,-0.199685,-0.0108669,0,-0.199604,0.979842,-0.00828775,0,-0.343742,0.794094,0.195632,1], "F_T_NE": [0.7071,-0.7071,0,0,0.7071,0.7071,0,0,0,0,1,0,0,0,0.1034,1], "NE_T_EE": [1,0,0,0,0,1,0,0,0,0,1,0,0,0,0,1], "F_T_EE": [0.7071,-0.7071,0,0,0.7071,0.7071,0,0,0,0,1,0,0,0,0.1034,1], "EE_T_K": [1,0,0,0,0,1,0,0,0,0,1,0,0,0,0,1], "m_ee": 0.73, "F_x_Cee": [-0.01,0,0.03], "I_ee": [0.001,0,0,0,0.0025,0,0,0,0.0017], "m_load": 0, "F_x_Cload": [0,0,0], "I_load": [0,0,0,0,0,0,0,0,0], "m_total": 0.73, "F_x_Ctotal": [-0.01,0,0.03], "I_total": [0.001,0,0,0,0.0025,0,0,0,0.0017], "elbow": [0.294051,-1], "elbow_d": [0.294031,-1], "elbow_c": [0.294031,-1], "delbow_c": [0,0], "ddelbow_c": [0,0], "tau_J": [-0.149589,-50.2203,6.15755,18.5266,-0.152462,-2.59859,0.112813], "tau_J_d": [0,0,0,0,0,0,0], "dtau_J": [51.9689,212.113,116.279,-11.5836,24.8524,-52.1663,54.974], "q": [1.79336,0.953669,0.294051,-1.32595,-2.85768,2.39499,0.322079], "dq": [6.99924e-06,-0.00169763,0.00140004,-0.00376447,-0.000274336,0.000322306,-0.0021928], "q_d": [1.79331,0.953594,0.294031,-1.32598,-2.85767,2.39487,0.322073], "dq_d": [0,0,0,0,0,0,0], "ddq_d": [0,0,0,0,0,0,0], "joint_contact": [0,0,0,0,0,0,0], "cartesian_contact": [0,0,0,0,0,0], "joint_collision": [0,0,0,0,0,0,0], "cartesian_collision": [0,0,0,0,0,0], "tau_ext_hat_filtered": [-0.231412,-0.149832,-0.267779,-1.02299,0.0590487,-1.12609,0.0963181], "O_F_ext_hat_K": [3.77631,-10.0272,-0.301685,3.53171,1.10531,-0.220849], "K_F_ext_hat_K": [0.409344,-1.69322,-10.5765,0.688964,-1.86049,0.105127], "O_dP_EE_d": [0,0,0,0,0,0], "O_ddP_O": [0,0,-9.81], "O_T_EE_c": [0.0123028,-0.00595117,-0.999897,0,-0.97979,-0.199685,-0.0108669,0,-0.199604,0.979842,-0.00828775,0,-0.343742,0.794094,0.195632,1], "O_dP_EE_c": [0,0,0,0,0,0], "O_ddP_EE_c": [0,0,0,0,0,0], "theta": [1.79335,0.950145,0.294483,-1.32465,-2.8577,2.3947,0.322093], "dtheta": [0,0,0,-0.0230728,0,0,0], "current_errors": [], "last_motion_errors": ["joint_position_limits_violation"], "control_command_success_rate": 0, "robot_mode": "User stopped", "time": 3877894}