{"O_T_EE": [0.00305583,0.010061,-0.999935,0,-0.991286,0.131645,-0.00170483,0,0.131622,0.991246,0.0103758,0,-0.0505606,0.855449,0.193921,1], "O_T_EE_d": [0.00317303,0.0100947,-0.999934,0,-0.991273,0.131739,-0.0018156,0,0.131715,0.991233,0.0104248,0,-0.0504926,0.855436,0.19392,1], "F_T_NE": [0.7071,-0.7071,0,0,0.7071,0.7071,0,0,0,0,1,0,0,0,0.1034,1], "NE_T_EE": [1,0,0,0,0,1,0,0,0,0,1,0,0,0,0,1], "F_T_EE": [0.7071,-0.7071,0,0,0.7071,0.7071,0,0,0,0,1,0,0,0,0.1034,1], "EE_T_K": [1,0,0,0,0,1,0,0,0,0,1,0,0,0,0,1], "m_ee": 0.73, "F_x_Cee": [-0.01,0,0.03], "I_ee": [0.001,0,0,0,0.0025,0,0,0,0.0017], "m_load": 0, "F_x_Cload": [0,0,0], "I_load": [0,0,0,0,0,0,0,0,0], "m_total": 0.73, "F_x_Ctotal": [-0.01,0,0.03], "I_total": [0.001,0,0,0,0.0025,0,0,0,0.0017], "elbow": [0.199092,-1], "elbow_d": [0.199009,-1], "elbow_c": [0.199009,-1], "delbow_c": [0,0], "ddelbow_c": [0,0], "tau_J": [0.338387,-49.4665,4.3207,18.2568,0.0846596,-2.51802,-0.00986788], "tau_J_d": [0,0,0,0,0,0,0], "dtau_J": [86.7348,108.786,-131.709,2.30684,-36.2799,-14.0626,-62.7691], "q": [1.50836,0.916072,0.199092,-1.37939,-2.87138,2.36724,0.425833], "dq": [-0.000937525,-0.000230437,0.00105416,0.000219967,0.000797836,0.000174067,0.00328816], "q_d": [1.50835,0.916015,0.199009,-1.37951,-2.87137,2.36712,0.425796], "dq_d": [0,0,0,0,0,0,0], "ddq_d": [0,0,0,0,0,0,0], "joint_contact": [0,0,0,0,0,0,0], "cartesian_contact": [0,0,0,0,0,0], "joint_collision": [0,0,0,0,0,0,0], "cartesian_collision": [0,0,0,0,0,0], "tau_ext_hat_filtered": [0.284385,0.3943,0.180636,-1.44376,0.433998,-0.95076,0.0603157], "O_F_ext_hat_K": [-1.10305,-10.1375,-0.737148,2.98429,-0.382352,0.303729], "K_F_ext_hat_K": [0.631748,-0.239863,-10.2015,1.15606,-1.65001,0.0750597], "O_dP_EE_d": [0,0,0,0,0,0], "O_ddP_O": [0,0,-9.81], "O_T_EE_c": [0.00317303,0.0100947,-0.999934,0,-0.991273,0.131739,-0.0018156,0,0.131715,0.991233,0.0104248,0,-0.0504926,0.855436,0.19392,1], "O_dP_EE_c": [0,0,0,0,0,0], "O_ddP_EE_c": [0,0,0,0,0,0], "theta": [1.50839,0.9126,0.199395,-1.37811,-2.87137,2.36696,0.425833], "dtheta": [0,0,0,0,0,0,0], "current_errors": [], "last_motion_errors": ["joint_position_limits_violation"], "control_command_success_rate": 0, "robot_mode": "User stopped", "time": 3524334}