{"O_T_EE": [-0.022007,-0.031393,-0.999255,0,-0.953608,0.300798,0.0115516,0,0.300217,0.95317,-0.036557,0,0.0970453,0.84863,0.210253,1], "O_T_EE_d": [-0.0220163,-0.031269,-0.999259,0,-0.95358,0.300885,0.0115945,0,0.300305,0.953147,-0.0364426,0,0.0971019,0.84862,0.210282,1], "F_T_NE": [0.7071,-0.7071,0,0,0.7071,0.7071,0,0,0,0,1,0,0,0,0.1034,1], "NE_T_EE": [1,0,0,0,0,1,0,0,0,0,1,0,0,0,0,1], "F_T_EE": [0.7071,-0.7071,0,0,0.7071,0.7071,0,0,0,0,1,0,0,0,0.1034,1], "EE_T_K": [1,0,0,0,0,1,0,0,0,0,1,0,0,0,0,1], "m_ee": 0.73, "F_x_Cee": [-0.01,0,0.03], "I_ee": [0.001,0,0,0,0.0025,0,0,0,0.0017], "m_load": 0, "F_x_Cload": [0,0,0], "I_load": [0,0,0,0,0,0,0,0,0], "m_total": 0.73, "F_x_Ctotal": [-0.01,0,0.03], "I_total": [0.001,0,0,0,0.0025,0,0,0,0.0017], "elbow": [2.7697,-1], "elbow_d": [2.76966,-1], "elbow_c": [2.76966,-1], "delbow_c": [0,0], "ddelbow_c": [0,0], "tau_J": [-0.185295,49.2356,-8.35478,18.1418,-0.207394,-2.6288,0.194295], "tau_J_d": [0,0,0,0,0,0,0], "dtau_J": [121.24,-86.1893,38.7718,36.1566,-7.66624,13.9892,88.4237], "q": [-1.38461,-0.910118,2.7697,-1.34759,-2.70762,2.55635,0.737106], "dq": [-0.000760542,0.00105792,0.000161628,-0.000181763,0.000165004,-0.000474763,-0.00279176], "q_d": [-1.38463,-0.910069,2.76966,-1.34768,-2.70759,2.55621,0.737149], "dq_d": [0,0,0,0,0,0,0], "ddq_d": [0,0,0,0,0,0,0], "joint_contact": [0,0,0,0,0,0,0], "cartesian_contact": [0,0,0,0,0,0], "joint_collision": [0,0,0,0,0,0,0], "cartesian_collision": [0,0,0,0,0,0], "tau_ext_hat_filtered": [-0.222168,0.348931,-0.288379,-1.17808,0.355835,-1.07777,0.149516], "O_F_ext_hat_K": [-1.49168,-11.0675,-0.436474,4.07309,-0.749545,-0.172323], "K_F_ext_hat_K": [0.816433,-1.91167,-10.9811,0.332299,-2.1665,0.192856], "O_dP_EE_d": [0,0,0,0,0,0], "O_ddP_O": [0,0,-9.81], "O_T_EE_c": [-0.0220163,-0.031269,-0.999259,0,-0.95358,0.300885,0.0115945,0,0.300305,0.953147,-0.0364426,0,0.0971019,0.84862,0.210282,1], "O_dP_EE_c": [0,0,0,0,0,0], "O_ddP_EE_c": [0,0,0,0,0,0], "theta": [-1.38462,-0.906663,2.76911,-1.34632,-2.70764,2.55606,0.737126], "dtheta": [0,0,0,0,0,0,0], "current_errors": [], "last_motion_errors": ["joint_position_limits_violation"], "control_command_success_rate": 0, "robot_mode": "User stopped", "time": 4050365}