{"O_T_EE": [-0.00549969,-0.0496544,-0.998742,0,-0.931488,0.363515,-0.0129435,0,0.363708,0.930263,-0.0482526,0,0.14925,0.837578,0.19752,1], "O_T_EE_d": [-0.00538761,-0.0492927,-0.99876,0,-0.931446,0.363622,-0.0129217,0,0.363816,0.93024,-0.0478735,0,0.14928,0.837618,0.19771,1], "F_T_NE": [0.7071,-0.7071,0,0,0.7071,0.7071,0,0,0,0,1,0,0,0,0.1034,1], "NE_T_EE": [1,0,0,0,0,1,0,0,0,0,1,0,0,0,0,1], "F_T_EE": [0.7071,-0.7071,0,0,0.7071,0.7071,0,0,0,0,1,0,0,0,0.1034,1], "EE_T_K": [1,0,0,0,0,1,0,0,0,0,1,0,0,0,0,1], "m_ee": 0.73, "F_x_Cee": [-0.01,0,0.03], "I_ee": [0.001,0,0,0,0.0025,0,0,0,0.0017], "m_load": 0, "F_x_Cload": [0,0,0], "I_load": [0,0,0,0,0,0,0,0,0], "m_total": 0.73, "F_x_Ctotal": [-0.01,0,0.03], "I_total": [0.001,0,0,0,0.0025,0,0,0,0.0017], "elbow": [0.388703,-1], "elbow_d": [0.388756,-1], "elbow_c": [0.388756,-1], "delbow_c": [0,0], "ddelbow_c": [0,0], "tau_J": [0.0011678,-49.6172,8.22054,18.2568,-0.0526695,-2.6288,0.0514724], "tau_J_d": [0,0,0,0,0,0,0], "dtau_J": [-64.9061,-23.486,51.0904,-99.8449,-25.3281,-17.4822,55.553], "q": [1.12419,0.914778,0.388703,-1.40802,-2.87584,2.40458,0.272204], "dq": [7.89079e-05,0.000237486,-0.000225397,0.00145006,0.000544732,-0.000106512,-0.000804845], "q_d": [1.12417,0.914621,0.388756,-1.408,-2.87583,2.40435,0.272193], "dq_d": [0,0,0,0,0,0,0], "ddq_d": [0,0,0,0,0,0,0], "joint_contact": [0,0,0,0,0,0,0], "cartesian_contact": [0,0,0,0,0,0], "joint_collision": [0,0,0,0,0,0,0], "cartesian_collision": [0,0,0,0,0,0], "tau_ext_hat_filtered": [0.0388519,-1.0876,-0.14071,-0.634822,0.117098,-1.29258,0.0259417], "O_F_ext_hat_K": [-3.08771,-10.2861,0.857689,4.38626,-1.48175,-0.049081], "K_F_ext_hat_K": [-0.328887,-0.874091,-10.7332,1.12663,-1.78032,-0.0438078], "O_dP_EE_d": [0,0,0,0,0,0], "O_ddP_O": [0,0,-9.81], "O_T_EE_c": [-0.00538761,-0.0492927,-0.99876,0,-0.931446,0.363622,-0.0129217,0,0.363816,0.93024,-0.0478735,0,0.14928,0.837618,0.19771,1], "O_dP_EE_c": [0,0,0,0,0,0], "O_ddP_EE_c": [0,0,0,0,0,0], "theta": [1.12419,0.911296,0.38928,-1.40674,-2.87584,2.40429,0.27221], "dtheta": [0,0,0,0,0,0,0], "current_errors": [], "last_motion_errors": ["joint_position_limits_violation"], "control_command_success_rate": 0, "robot_mode": "User stopped", "time": 4214200}