{"O_T_EE": [-0.0255196,-0.0552932,-0.998134,0,-0.777628,0.628532,-0.0149367,0,0.628197,0.775811,-0.0590386,0,0.384421,0.751236,0.1977,1], "O_T_EE_d": [-0.0254718,-0.055287,-0.998136,0,-0.777619,0.628543,-0.0149708,0,0.628211,0.775803,-0.0590034,0,0.38441,0.751207,0.197729,1], "F_T_NE": [0.7071,-0.7071,0,0,0.7071,0.7071,0,0,0,0,1,0,0,0,0.1034,1], "NE_T_EE": [1,0,0,0,0,1,0,0,0,0,1,0,0,0,0,1], "F_T_EE": [0.7071,-0.7071,0,0,0.7071,0.7071,0,0,0,0,1,0,0,0,0.1034,1], "EE_T_K": [1,0,0,0,0,1,0,0,0,0,1,0,0,0,0,1], "m_ee": 0.73, "F_x_Cee": [-0.01,0,0.03], "I_ee": [0.001,0,0,0,0.0025,0,0,0,0.0017], "m_load": 0, "F_x_Cload": [0,0,0], "I_load": [0,0,0,0,0,0,0,0,0], "m_total": 0.73, "F_x_Ctotal": [-0.01,0,0.03], "I_total": [0.001,0,0,0,0.0025,0,0,0,0.0017], "elbow": [0.494256,-1], "elbow_d": [0.494277,-1], "elbow_c": [0.494277,-1], "delbow_c": [0,0], "ddelbow_c": [0,0], "tau_J": [0.0368734,-47.6177,10.3192,16.8405,-0.0068931,-2.31844,0.0313308], "tau_J_d": [0,0,0,0,0,0,0], "dtau_J": [23.6895,-41.5901,30.2194,180.519,9.52531,-23.7791,-40.1542], "q": [0.743857,0.919748,0.494256,-1.45152,-2.88129,2.3774,0.197755], "dq": [-0.000954363,0.000545889,3.9681e-05,-0.00516504,-0.00011707,0.000659537,-0.00084641], "q_d": [0.743807,0.919604,0.494277,-1.45173,-2.88129,2.3773,0.19776], "dq_d": [0,0,0,0,0,0,0], "ddq_d": [0,0,0,0,0,0,0], "joint_contact": [0,0,0,0,0,0,0], "cartesian_contact": [0,0,0,0,0,0], "joint_collision": [0,0,0,0,0,0,0], "cartesian_collision": [0,0,0,0,0,0], "tau_ext_hat_filtered": [-0.0674735,-0.263493,-0.416081,-1.42155,0.103865,-1.05004,0.058241], "O_F_ext_hat_K": [-6.25503,-9.89016,-0.000373047,3.27083,-2.4102,-0.16429], "K_F_ext_hat_K": [0.706871,-1.35222,-11.6023,1.09063,-1.74519,-0.0213313], "O_dP_EE_d": [0,0,0,0,0,0], "O_ddP_O": [0,0,-9.81], "O_T_EE_c": [-0.0254718,-0.055287,-0.998136,0,-0.777619,0.628543,-0.0149708,0,0.628211,0.775803,-0.0590034,0,0.38441,0.751207,0.197729,1], "O_dP_EE_c": [0,0,0,0,0,0], "O_ddP_EE_c": [0,0,0,0,0,0], "theta": [0.743859,0.916407,0.49498,-1.45034,-2.88129,2.37714,0.197759], "dtheta": [0,0,0,-0.0249234,0,0,0], "current_errors": [], "last_motion_errors": ["joint_position_limits_violation"], "control_command_success_rate": 0, "robot_mode": "User stopped", "time": 4263211}