{"O_T_EE": [0.0155975,-0.0222626,-0.999621,0,-0.365129,0.930572,-0.0264221,0,0.930825,0.365409,0.00638597,0,0.699645,0.455611,0.196984,1], "O_T_EE_d": [0.0156683,-0.0221665,-0.999622,0,-0.36515,0.930565,-0.0263587,0,0.930815,0.365432,0.00648642,0,0.699609,0.455653,0.197035,1], "F_T_NE": [0.7071,-0.7071,0,0,0.7071,0.7071,0,0,0,0,1,0,0,0,0.1034,1], "NE_T_EE": [1,0,0,0,0,1,0,0,0,0,1,0,0,0,0,1], "F_T_EE": [0.7071,-0.7071,0,0,0.7071,0.7071,0,0,0,0,1,0,0,0,0.1034,1], "EE_T_K": [1,0,0,0,0,1,0,0,0,0,1,0,0,0,0,1], "m_ee": 0.73, "F_x_Cee": [-0.01,0,0.03], "I_ee": [0.001,0,0,0,0.0025,0,0,0,0.0017], "m_load": 0, "F_x_Cload": [0,0,0], "I_load": [0,0,0,0,0,0,0,0,0], "m_total": 0.73, "F_x_Ctotal": [-0.01,0,0.03], "I_total": [0.001,0,0,0,0.0025,0,0,0,0.0017], "elbow": [0.0956345,-1], "elbow_d": [0.0956741,-1], "elbow_c": [0.0956741,-1], "delbow_c": [0,0], "ddelbow_c": [0,0], "tau_J": [0.862069,-48.3358,2.48384,18.4473,-0.308102,-2.68831,0.153096], "tau_J_d": [0,0,0,0,0,0,0], "dtau_J": [-15.9375,12.8837,-4.54832,10.6938,-29.592,20.087,83.0667], "q": [0.53504,0.832077,0.0956345,-1.50379,-2.82937,2.33131,0.466107], "dq": [0.000473214,-4.57675e-05,0.00442172,-0.00485761,0.000266223,-0.000195607,-0.00235004], "q_d": [0.535084,0.831981,0.0956741,-1.50389,-2.82934,2.33119,0.466128], "dq_d": [0,0,0,0,0,0,0], "ddq_d": [0,0,0,0,0,0,0], "joint_contact": [0,0,0,0,0,0,0], "cartesian_contact": [0,0,0,0,0,0], "joint_collision": [0,0,0,0,0,0,0], "cartesian_collision": [0,0,0,0,0,0], "tau_ext_hat_filtered": [0.99225,0.0241381,0.753916,-0.944837,0.0801539,-1.09528,0.108549], "O_F_ext_hat_K": [-7.6491,-2.67058,-1.04192,0.886872,-2.52493,1.03323], "K_F_ext_hat_K": [0.981691,0.335274,-8.10248,0.635025,-1.91558,0.135572], "O_dP_EE_d": [0,0,0,0,0,0], "O_ddP_O": [0,0,-9.81], "O_T_EE_c": [0.0156683,-0.0221665,-0.999622,0,-0.36515,0.930565,-0.0263587,0,0.930815,0.365432,0.00648642,0,0.699609,0.455653,0.197035,1], "O_dP_EE_c": [0,0,0,0,0,0], "O_ddP_EE_c": [0,0,0,0,0,0], "theta": [0.5351,0.828685,0.0958099,-1.5025,-2.8294,2.33101,0.466124], "dtheta": [0,0,0.0250788,0,0,0,0], "current_errors": [], "last_motion_errors": [], "control_command_success_rate": 0, "robot_mode": "User stopped", "time": 477327}