{"O_T_EE": [0.0242903,-0.01737,-0.999544,0,-0.528039,0.848761,-0.0275818,0,0.848869,0.528479,0.0114448,0,0.607692,0.574677,0.197233,1], "O_T_EE_d": [0.0243498,-0.0172662,-0.999545,0,-0.528072,0.848742,-0.0275255,0,0.848848,0.528512,0.0115491,0,0.607644,0.574729,0.19726,1], "F_T_NE": [0.7071,-0.7071,0,0,0.7071,0.7071,0,0,0,0,1,0,0,0,0.1034,1], "NE_T_EE": [1,0,0,0,0,1,0,0,0,0,1,0,0,0,0,1], "F_T_EE": [0.7071,-0.7071,0,0,0.7071,0.7071,0,0,0,0,1,0,0,0,0.1034,1], "EE_T_K": [1,0,0,0,0,1,0,0,0,0,1,0,0,0,0,1], "m_ee": 0.73, "F_x_Cee": [-0.01,0,0.03], "I_ee": [0.001,0,0,0,0.0025,0,0,0,0.0017], "m_load": 0, "F_x_Cload": [0,0,0], "I_load": [0,0,0,0,0,0,0,0,0], "m_total": 0.73, "F_x_Ctotal": [-0.01,0,0.03], "I_total": [0.001,0,0,0,0.0025,0,0,0,0.0017], "elbow": [0.173168,-1], "elbow_d": [0.173229,-1], "elbow_c": [0.173229,-1], "delbow_c": [0,0], "ddelbow_c": [0,0], "tau_J": [0.973153,-49.0142,4.39608,18.9868,-0.40881,-2.81923,0.071614], "tau_J_d": [0,0,0,0,0,0,0], "dtau_J": [-73.5282,-69.8683,-50.0004,46.0098,1.74035,-17.9474,-30.0756], "q": [0.652714,0.842182,0.173168,-1.50117,-2.8559,2.31664,0.426833], "dq": [0.000915947,0.00187098,0.00034723,-3.79974e-05,0.000154783,1.92359e-06,0.00101157], "q_d": [0.652763,0.842159,0.173229,-1.50121,-2.85589,2.3165,0.426841], "dq_d": [0,0,0,0,0,0,0], "ddq_d": [0,0,0,0,0,0,0], "joint_contact": [0,0,0,0,0,0,0], "cartesian_contact": [0,0,0,0,0,0], "joint_collision": [0,0,0,0,0,0,0], "cartesian_collision": [0,0,0,0,0,0], "tau_ext_hat_filtered": [1.02075,-0.599973,0.924236,-0.30008,-0.0454461,-1.23438,0.10493], "O_F_ext_hat_K": [-5.98904,-2.99917,-0.423496,1.46532,-2.40648,1.10153], "K_F_ext_hat_K": [0.329929,0.628562,-6.67376,0.570304,-1.83406,0.158872], "O_dP_EE_d": [0,0,0,0,0,0], "O_ddP_O": [0,0,-9.81], "O_T_EE_c": [0.0243498,-0.0172662,-0.999545,0,-0.528072,0.848742,-0.0275255,0,0.848848,0.528512,0.0115491,0,0.607644,0.574729,0.19726,1], "O_dP_EE_c": [0,0,0,0,0,0], "O_ddP_EE_c": [0,0,0,0,0,0], "theta": [0.652782,0.838742,0.173477,-1.49984,-2.85595,2.31633,0.42684], "dtheta": [0,0,0,0,0,0,0], "current_errors": [], "last_motion_errors": [], "control_command_success_rate": 0, "robot_mode": "User stopped", "time": 416653}