{"O_T_EE": [0.0273191,-0.00473035,-0.999606,0,-0.476435,0.879031,-0.0171807,0,0.878783,0.476726,0.021761,0,0.640587,0.536379,0.197019,1], "O_T_EE_d": [0.0273793,-0.00464895,-0.999605,0,-0.476453,0.879022,-0.0171383,0,0.878771,0.476743,0.0218524,0,0.640563,0.536409,0.197071,1], "F_T_NE": [0.7071,-0.7071,0,0,0.7071,0.7071,0,0,0,0,1,0,0,0,0.1034,1], "NE_T_EE": [1,0,0,0,0,1,0,0,0,0,1,0,0,0,0,1], "F_T_EE": [0.7071,-0.7071,0,0,0.7071,0.7071,0,0,0,0,1,0,0,0,0.1034,1], "EE_T_K": [1,0,0,0,0,1,0,0,0,0,1,0,0,0,0,1], "m_ee": 0.73, "F_x_Cee": [-0.01,0,0.03], "I_ee": [0.001,0,0,0,0.0025,0,0,0,0.0017], "m_load": 0, "F_x_Cload": [0,0,0], "I_load": [0,0,0,0,0,0,0,0,0], "m_total": 0.73, "F_x_Ctotal": [-0.01,0,0.03], "I_total": [0.001,0,0,0,0.0025,0,0,0,0.0017], "elbow": [0.150011,-1], "elbow_d": [0.150044,-1], "elbow_c": [0.150044,-1], "delbow_c": [0,0], "ddelbow_c": [0,0], "tau_J": [0.560555,-48.5223,3.68196,17.9871,-0.170772,-2.54823,0.122884], "tau_J_d": [0,0,0,0,0,0,0], "dtau_J": [-107.417,-13.9585,70.6561,-31.4428,-5.6281,-9.19824,69.3143], "q": [0.61138,0.83953,0.150011,-1.50797,-2.85593,2.3035,0.455502], "dq": [0.00109699,-0.00046225,0.000320826,-0.00445098,-0.000120881,-0.000512134,-0.00252831], "q_d": [0.611405,0.839455,0.150044,-1.50803,-2.85592,2.30343,0.455513], "dq_d": [0,0,0,0,0,0,0], "ddq_d": [0,0,0,0,0,0,0], "joint_contact": [0,0,0,0,0,0,0], "cartesian_contact": [0,0,0,0,0,0], "joint_collision": [0,0,0,0,0,0,0], "cartesian_collision": [0,0,0,0,0,0], "tau_ext_hat_filtered": [0.6079,-0.318177,0.724621,-1.20929,0.205173,-0.965409,0.064322], "O_F_ext_hat_K": [-8.68373,-5.02485,0.0977289,1.94929,-3.10418,0.73401], "K_F_ext_hat_K": [-0.311159,-0.281454,-10.0245,0.735682,-1.58976,0.147224], "O_dP_EE_d": [0,0,0,0,0,0], "O_ddP_O": [0,0,-9.81], "O_T_EE_c": [0.0273793,-0.00464895,-0.999605,0,-0.476453,0.879022,-0.0171383,0,0.878771,0.476743,0.0218524,0,0.640563,0.536409,0.197071,1], "O_dP_EE_c": [0,0,0,0,0,0], "O_ddP_EE_c": [0,0,0,0,0,0], "theta": [0.611419,0.836125,0.150269,-1.50671,-2.85595,2.30322,0.455516], "dtheta": [0,0,0,0,0,0,0], "current_errors": [], "last_motion_errors": [], "control_command_success_rate": 0, "robot_mode": "User stopped", "time": 433914}