{"O_T_EE": [-0.0254931,-0.0155824,-0.999544,0,-0.216774,0.976164,-0.00968918,0,0.975888,0.216432,-0.0282638,0,0.770163,0.324746,0.208848,1], "O_T_EE_d": [-0.0255489,-0.0155555,-0.999543,0,-0.216793,0.97616,-0.00965029,0,0.975883,0.216451,-0.0283127,0,0.770116,0.324776,0.208817,1], "F_T_NE": [0.7071,-0.7071,0,0,0.7071,0.7071,0,0,0,0,1,0,0,0,0.1034,1], "NE_T_EE": [1,0,0,0,0,1,0,0,0,0,1,0,0,0,0,1], "F_T_EE": [0.7071,-0.7071,0,0,0.7071,0.7071,0,0,0,0,1,0,0,0,0.1034,1], "EE_T_K": [1,0,0,0,0,1,0,0,0,0,1,0,0,0,0,1], "m_ee": 0.73, "F_x_Cee": [-0.01,0,0.03], "I_ee": [0.001,0,0,0,0.0025,0,0,0,0.0017], "m_load": 0, "F_x_Cload": [0,0,0], "I_load": [0,0,0,0,0,0,0,0,0], "m_total": 0.73, "F_x_Ctotal": [-0.01,0,0.03], "I_total": [0.001,0,0,0,0.0025,0,0,0,0.0017], "elbow": [2.78158,-1], "elbow_d": [2.7816,-1], "elbow_c": [2.7816,-1], "delbow_c": [0,0], "ddelbow_c": [0,0], "tau_J": [0.862069,47.0853,-7.08128,17.4515,-0.189083,-2.37794,0.132954], "tau_J_d": [0,0,0,0,0,0,0], "dtau_J": [38.7594,-100.772,-106.828,-19.9639,-17.4321,-24.1877,72.34], "q": [-2.43098,-0.849359,2.78158,-1.46431,-2.75309,2.48978,0.743429], "dq": [-0.00114578,-0.000240805,0.00171391,0.000446946,0.00150024,0.000273982,-0.00157796], "q_d": [-2.43091,-0.849308,2.7816,-1.46446,-2.75305,2.48972,0.743437], "dq_d": [0,0,0,0,0,0,0], "ddq_d": [0,0,0,0,0,0,0], "joint_contact": [0,0,0,0,0,0,0], "cartesian_contact": [0,0,0,0,0,0], "joint_collision": [0,0,0,0,0,0,0], "cartesian_collision": [0,0,0,0,0,0], "tau_ext_hat_filtered": [0.790561,-0.435747,0.745011,-1.58778,0.38348,-0.792809,0.111121], "O_F_ext_hat_K": [-10.0923,-2.51513,-1.46949,0.635725,-2.93518,0.856187], "K_F_ext_hat_K": [1.76533,-0.253193,-10.3518,0.499504,-2.03525,0.163147], "O_dP_EE_d": [0,0,0,0,0,0], "O_ddP_O": [0,0,-9.81], "O_T_EE_c": [-0.0255489,-0.0155555,-0.999543,0,-0.216793,0.97616,-0.00965029,0,0.975883,0.216451,-0.0283127,0,0.770116,0.324776,0.208817,1], "O_dP_EE_c": [0,0,0,0,0,0], "O_ddP_EE_c": [0,0,0,0,0,0], "theta": [-2.43092,-0.846054,2.78108,-1.46309,-2.75311,2.48951,0.743444], "dtheta": [0,0,0,0,0,0,0], "current_errors": [], "last_motion_errors": ["cartesian_reflex"], "control_command_success_rate": 0, "robot_mode": "User stopped", "time": 614094}