{"O_T_EE": [0.00283573,-0.0166603,-0.999848,0,-0.309781,0.950651,-0.0167191,0,0.950803,0.309787,-0.0024653,0,0.724969,0.411997,0.196699,1], "O_T_EE_d": [0.00309333,-0.0165268,-0.999849,0,-0.309774,0.950654,-0.0166721,0,0.950804,0.309784,-0.00217894,0,0.724981,0.412038,0.196855,1], "F_T_NE": [0.7071,-0.7071,0,0,0.7071,0.7071,0,0,0,0,1,0,0,0,0.1034,1], "NE_T_EE": [1,0,0,0,0,1,0,0,0,0,1,0,0,0,0,1], "F_T_EE": [0.7071,-0.7071,0,0,0.7071,0.7071,0,0,0,0,1,0,0,0,0.1034,1], "EE_T_K": [1,0,0,0,0,1,0,0,0,0,1,0,0,0,0,1], "m_ee": 0.73, "F_x_Cee": [-0.01,0,0.03], "I_ee": [0.001,0,0,0,0.0025,0,0,0,0.0017], "m_load": 0, "F_x_Cload": [0,0,0], "I_load": [0,0,0,0,0,0,0,0,0], "m_total": 0.73, "F_x_Ctotal": [-0.01,0,0.03], "I_total": [0.001,0,0,0,0.0025,0,0,0,0.0017], "elbow": [0.0837588,-1], "elbow_d": [0.0837726,-1], "elbow_c": [0.0837726,-1], "delbow_c": [0,0], "ddelbow_c": [0,0], "tau_J": [0.711312,-49.1253,2.14663,18.6774,-0.0526695,-2.68831,0.0514724], "tau_J_d": [0,0,0,0,0,0,0], "dtau_J": [73.9777,-7.76367,-82.5099,-76.264,-1.0089,-4.20997,58.8289], "q": [0.483323,0.827515,0.0837588,-1.50607,-2.82498,2.34348,0.481175], "dq": [-0.000709298,0.000468109,0.000777468,-0.00106129,-2.96546e-06,3.65148e-05,-0.00065658], "q_d": [0.483362,0.82736,0.0837726,-1.50608,-2.82497,2.34333,0.481178], "dq_d": [0,0,0,0,0,0,0], "ddq_d": [0,0,0,0,0,0,0], "joint_contact": [0,0,0,0,0,0,0], "cartesian_contact": [0,0,0,0,0,0], "joint_collision": [0,0,0,0,0,0,0], "cartesian_collision": [0,0,0,0,0,0], "tau_ext_hat_filtered": [0.653326,-0.810822,0.61115,-0.697593,0.317834,-1.11296,0.0341516], "O_F_ext_hat_K": [-8.68224,-2.65723,0.517824,1.30819,-3.5903,0.721909], "K_F_ext_hat_K": [-0.498105,0.154843,-9.07955,0.955323,-1.59452,0.0794367], "O_dP_EE_d": [0,0,0,0,0,0], "O_ddP_O": [0,0,-9.81], "O_T_EE_c": [0.00309333,-0.0165268,-0.999849,0,-0.309774,0.950654,-0.0166721,0,0.950804,0.309784,-0.00217894,0,0.724981,0.412038,0.196855,1], "O_dP_EE_c": [0,0,0,0,0,0], "O_ddP_EE_c": [0,0,0,0,0,0], "theta": [0.483373,0.824067,0.0839088,-1.50476,-2.82499,2.34318,0.481181], "dtheta": [0,0,0,0,0,0,0], "current_errors": [], "last_motion_errors": [], "control_command_success_rate": 0, "robot_mode": "User stopped", "time": 493887}