{"O_T_EE": [-0.00116994,-0.0149081,-0.999879,0,-0.27229,0.962103,-0.0140262,0,0.962214,0.272246,-0.00518502,0,0.749326,0.370465,0.209209,1], "O_T_EE_d": [-0.00109285,-0.0147265,-0.999881,0,-0.272319,0.962097,-0.0138723,0,0.962206,0.272277,-0.00506182,0,0.749282,0.370535,0.209209,1], "F_T_NE": [0.7071,-0.7071,0,0,0.7071,0.7071,0,0,0,0,1,0,0,0,0.1034,1], "NE_T_EE": [1,0,0,0,0,1,0,0,0,0,1,0,0,0,0,1], "F_T_EE": [0.7071,-0.7071,0,0,0.7071,0.7071,0,0,0,0,1,0,0,0,0.1034,1], "EE_T_K": [1,0,0,0,0,1,0,0,0,0,1,0,0,0,0,1], "m_ee": 0.73, "F_x_Cee": [-0.01,0,0.03], "I_ee": [0.001,0,0,0,0.0025,0,0,0,0.0017], "m_load": 0, "F_x_Cload": [0,0,0], "I_load": [0,0,0,0,0,0,0,0,0], "m_total": 0.73, "F_x_Ctotal": [-0.01,0,0.03], "I_total": [0.001,0,0,0,0.0025,0,0,0,0.0017], "elbow": [2.83057,-1], "elbow_d": [2.83063,-1], "elbow_c": [2.83063,-1], "delbow_c": [0,0], "ddelbow_c": [0,0], "tau_J": [0.78669,48.2914,-6.06566,18.5266,-0.07098,-2.83937,0.153096], "tau_J_d": [0,0,0,0,0,0,0], "dtau_J": [-173.167,-47.9031,188.895,336.439,12.0724,12.2684,91.166], "q": [-2.40572,-0.84086,2.83057,-1.47714,-2.76006,2.44555,0.711093], "dq": [0.00495047,-0.000689349,-0.00178274,-0.00216957,-0.000215402,-0.000115413,-0.00135635], "q_d": [-2.40564,-0.840839,2.83063,-1.47724,-2.75998,2.44533,0.711156], "dq_d": [0,0,0,0,0,0,0], "ddq_d": [0,0,0,0,0,0,0], "joint_contact": [0,0,0,0,0,0,0], "cartesian_contact": [0,0,0,0,0,0], "joint_collision": [0,0,0,0,0,0,0], "cartesian_collision": [0,0,0,0,0,0], "tau_ext_hat_filtered": [0.756727,0.634451,0.602894,-0.644822,0.463258,-1.21532,0.128168], "O_F_ext_hat_K": [-8.88206,-2.36698,-0.379519,1.10401,-3.4956,0.855247], "K_F_ext_hat_K": [0.42516,0.146538,-9.18887,0.689276,-2.04381,0.201331], "O_dP_EE_d": [0,0,0,0,0,0], "O_ddP_O": [0,0,-9.81], "O_T_EE_c": [-0.00109285,-0.0147265,-0.999881,0,-0.272319,0.962097,-0.0138723,0,0.962206,0.272277,-0.00506182,0,0.749282,0.370535,0.209209,1], "O_dP_EE_c": [0,0,0,0,0,0], "O_ddP_EE_c": [0,0,0,0,0,0], "theta": [-2.40567,-0.83747,2.83014,-1.47584,-2.76007,2.44524,0.71111], "dtheta": [0,0,0,0,0,0,0], "current_errors": [], "last_motion_errors": ["cartesian_reflex"], "control_command_success_rate": 0, "robot_mode": "User stopped", "time": 596892}