{"O_T_EE": [-0.0652114,0.0347999,-0.997255,0,0.623584,0.781627,-0.0135013,0,0.779027,-0.622765,-0.0726731,0,0.729945,-0.407195,0.195448,1], "O_T_EE_d": [-0.0652035,0.0347343,-0.997258,0,0.623588,0.781623,-0.0135482,0,0.779024,-0.622774,-0.0726259,0,0.729914,-0.407184,0.195533,1], "F_T_NE": [0.7071,-0.7071,0,0,0.7071,0.7071,0,0,0,0,1,0,0,0,0.1034,1], "NE_T_EE": [1,0,0,0,0,1,0,0,0,0,1,0,0,0,0,1], "F_T_EE": [0.7071,-0.7071,0,0,0.7071,0.7071,0,0,0,0,1,0,0,0,0.1034,1], "EE_T_K": [1,0,0,0,0,1,0,0,0,0,1,0,0,0,0,1], "m_ee": 0.73, "F_x_Cee": [-0.01,0,0.03], "I_ee": [0.001,0,0,0,0.0025,0,0,0,0.0017], "m_load": 0, "F_x_Cload": [0,0,0], "I_load": [0,0,0,0,0,0,0,0,0], "m_total": 0.73, "F_x_Ctotal": [-0.01,0,0.03], "I_total": [0.001,0,0,0,0.0025,0,0,0,0.0017], "elbow": [0.202194,-1], "elbow_d": [0.202192,-1], "elbow_c": [0.202192,-1], "delbow_c": [0,0], "ddelbow_c": [0,0], "tau_J": [0.374093,-49.6926,4.47145,17.1063,-0.0252036,-1.91743,0.0414016], "tau_J_d": [0,0,0,0,0,0,0], "dtau_J": [8.90331,-9.83615,-8.13105,-96.8009,29.3042,-11.8587,26.6615], "q": [-0.648525,0.836017,0.202194,-1.47265,-2.87303,2.44462,0.424414], "dq": [-0.00145915,0.000282185,-1.0546e-05,-0.000141056,-0.00895371,0.000131173,-0.00125675], "q_d": [-0.648545,0.835765,0.202192,-1.47289,-2.87302,2.44459,0.42439], "dq_d": [0,0,0,0,0,0,0], "ddq_d": [0,0,0,0,0,0,0], "joint_contact": [0,0,0,0,0,0,0], "cartesian_contact": [0,0,0,0,0,0], "joint_collision": [0,0,0,0,0,0,0], "cartesian_collision": [0,0,0,0,0,0], "tau_ext_hat_filtered": [0.317996,-1.41827,0.340766,-2.3146,0.218795,-0.527218,0.0489435], "O_F_ext_hat_K": [-15.8261,10.2998,2.91598,-4.19216,-6.47778,0.336488], "K_F_ext_hat_K": [-1.51752,-1.85772,-18.9552,0.756387,-1.59037,0.0632695], "O_dP_EE_d": [0,0,0,0,0,0], "O_ddP_O": [0,0,-9.81], "O_T_EE_c": [-0.0652035,0.0347343,-0.997258,0,0.623588,0.781623,-0.0135482,0,0.779024,-0.622774,-0.0726259,0,0.729914,-0.407184,0.195533,1], "O_dP_EE_c": [0,0,0,0,0,0], "O_ddP_EE_c": [0,0,0,0,0,0], "theta": [-0.6485,0.83253,0.202508,-1.47145,-2.87304,2.44441,0.424419], "dtheta": [0,0,0,0,-0.0340355,0,0], "current_errors": [], "last_motion_errors": ["cartesian_reflex"], "control_command_success_rate": 0, "robot_mode": "User stopped", "time": 862607}