{"O_T_EE": [-0.0320686,0.00352316,-0.99947,0,0.761803,0.647415,-0.0221608,0,0.647006,-0.762125,-0.0234461,0,0.646549,-0.5324,0.194812,1], "O_T_EE_d": [-0.0320168,0.00347665,-0.999472,0,0.761838,0.647373,-0.0221527,0,0.646967,-0.76216,-0.0233759,0,0.646534,-0.532413,0.194836,1], "F_T_NE": [0.7071,-0.7071,0,0,0.7071,0.7071,0,0,0,0,1,0,0,0,0.1034,1], "NE_T_EE": [1,0,0,0,0,1,0,0,0,0,1,0,0,0,0,1], "F_T_EE": [0.7071,-0.7071,0,0,0.7071,0.7071,0,0,0,0,1,0,0,0,0.1034,1], "EE_T_K": [1,0,0,0,0,1,0,0,0,0,1,0,0,0,0,1], "m_ee": 0.73, "F_x_Cee": [-0.01,0,0.03], "I_ee": [0.001,0,0,0,0.0025,0,0,0,0.0017], "m_load": 0, "F_x_Cload": [0,0,0], "I_load": [0,0,0,0,0,0,0,0,0], "m_total": 0.73, "F_x_Ctotal": [-0.01,0,0.03], "I_total": [0.001,0,0,0,0.0025,0,0,0,0.0017], "elbow": [0.172282,-1], "elbow_d": [0.172276,-1], "elbow_c": [0.172276,-1], "delbow_c": [0,0], "ddelbow_c": [0,0], "tau_J": [0.112252,-48.9388,3.64626,18.2965,-0.179928,-2.48872,0.0111892], "tau_J_d": [0,0,0,0,0,0,0], "dtau_J": [-128.986,-30.6263,177.213,58.9269,18.4623,-33.6356,-58.267], "q": [-0.799023,0.844241,0.172282,-1.48167,-2.87381,2.37572,0.441641], "dq": [-0.000234545,3.69143e-06,-0.00215622,-0.000391982,-0.00531209,0.000461205,0.000691401], "q_d": [-0.799036,0.844196,0.172276,-1.48172,-2.87379,2.37563,0.441645], "dq_d": [0,0,0,0,0,0,0], "ddq_d": [0,0,0,0,0,0,0], "joint_contact": [0,0,0,0,0,0,0], "cartesian_contact": [0,0,0,0,0,0], "joint_collision": [0,0,0,0,0,0,0], "cartesian_collision": [0,0,0,0,0,0], "tau_ext_hat_filtered": [0.102058,-0.498625,0.0993211,-1.06815,0.144235,-0.973813,0.0311936], "O_F_ext_hat_K": [-7.09938,7.04079,0.264482,-2.75349,-2.66841,0.144271], "K_F_ext_hat_K": [-0.0118682,-0.855901,-9.9655,0.66376,-1.65305,0.061045], "O_dP_EE_d": [0,0,0,0,0,0], "O_ddP_O": [0,0,-9.81], "O_T_EE_c": [-0.0320168,0.00347665,-0.999472,0,0.761838,0.647373,-0.0221527,0,0.646967,-0.76216,-0.0233759,0,0.646534,-0.532413,0.194836,1], "O_dP_EE_c": [0,0,0,0,0,0], "O_ddP_EE_c": [0,0,0,0,0,0], "theta": [-0.799016,0.840807,0.172538,-1.48038,-2.87383,2.37545,0.441643], "dtheta": [0,0,0,0,0,0,0], "current_errors": [], "last_motion_errors": ["cartesian_reflex"], "control_command_success_rate": 0, "robot_mode": "User stopped", "time": 789219}