{"O_T_EE": [-0.024159,0.0623648,-0.997751,0,0.926969,0.375111,0.00100137,0,0.374337,-0.924878,-0.0668738,0,0.433821,-0.723038,0.19508,1], "O_T_EE_d": [-0.0241257,0.0622619,-0.997759,0,0.926981,0.375082,0.000991471,0,0.374311,-0.924897,-0.066766,0,0.433804,-0.723051,0.19517,1], "F_T_NE": [0.7071,-0.7071,0,0,0.7071,0.7071,0,0,0,0,1,0,0,0,0.1034,1], "NE_T_EE": [1,0,0,0,0,1,0,0,0,0,1,0,0,0,0,1], "F_T_EE": [0.7071,-0.7071,0,0,0.7071,0.7071,0,0,0,0,1,0,0,0,0.1034,1], "EE_T_K": [1,0,0,0,0,1,0,0,0,0,1,0,0,0,0,1], "m_ee": 0.73, "F_x_Cee": [-0.01,0,0.03], "I_ee": [0.001,0,0,0,0.0025,0,0,0,0.0017], "m_load": 0, "F_x_Cload": [0,0,0], "I_load": [0,0,0,0,0,0,0,0,0], "m_total": 0.73, "F_x_Ctotal": [-0.01,0,0.03], "I_total": [0.001,0,0,0,0.0025,0,0,0,0.0017], "elbow": [0.137038,-1], "elbow_d": [0.137025,-1], "elbow_c": [0.137025,-1], "delbow_c": [0,0], "ddelbow_c": [0,0], "tau_J": [0.0765462,-49.5776,2.93215,18.2172,0.0938149,-2.13808,0.071614], "tau_J_d": [0,0,0,0,0,0,0], "dtau_J": [107.869,-27.3457,-1.59973,-89.9606,-6.94922,-4.26638,67.8196], "q": [-1.1181,0.854567,0.137038,-1.42834,-2.87652,2.46789,0.483637], "dq": [-0.00132565,0.000878296,0.000738876,-0.000518777,0.000272031,-6.04935e-05,-0.00108137], "q_d": [-1.11811,0.854419,0.137025,-1.42842,-2.87651,2.46786,0.483633], "dq_d": [0,0,0,0,0,0,0], "ddq_d": [0,0,0,0,0,0,0], "joint_contact": [0,0,0,0,0,0,0], "cartesian_contact": [0,0,0,0,0,0], "joint_collision": [0,0,0,0,0,0,0], "cartesian_collision": [0,0,0,0,0,0], "tau_ext_hat_filtered": [0.00146882,-0.478485,0.182906,-1.51908,0.384497,-0.719136,0.0518123], "O_F_ext_hat_K": [-5.28703,11.1907,0.765337,-4.15503,-1.99499,0.0858444], "K_F_ext_hat_K": [0.0620182,-0.702424,-12.3803,0.938917,-1.55293,0.116373], "O_dP_EE_d": [0,0,0,0,0,0], "O_ddP_O": [0,0,-9.81], "O_T_EE_c": [-0.0241257,0.0622619,-0.997759,0,0.926981,0.375082,0.000991471,0,0.374311,-0.924897,-0.066766,0,0.433804,-0.723051,0.19517,1], "O_dP_EE_c": [0,0,0,0,0,0], "O_ddP_EE_c": [0,0,0,0,0,0], "theta": [-1.11809,0.851088,0.137243,-1.42707,-2.87651,2.46765,0.483645], "dtheta": [0,0,0,0,0,0,0], "current_errors": [], "last_motion_errors": ["cartesian_reflex"], "control_command_success_rate": 0, "robot_mode": "User stopped", "time": 1504778}