{"O_T_EE": [-0.0198945,0.0786597,-0.996693,0,0.99919,0.0361714,-0.0170896,0,0.0347082,-0.996245,-0.0793171,0,0.156045,-0.834712,0.193449,1], "O_T_EE_d": [-0.0198724,0.0786283,-0.996696,0,0.999191,0.0361502,-0.0170703,0,0.0346892,-0.996248,-0.0792846,0,0.156053,-0.834692,0.193465,1], "F_T_NE": [0.7071,-0.7071,0,0,0.7071,0.7071,0,0,0,0,1,0,0,0,0.1034,1], "NE_T_EE": [1,0,0,0,0,1,0,0,0,0,1,0,0,0,0,1], "F_T_EE": [0.7071,-0.7071,0,0,0.7071,0.7071,0,0,0,0,1,0,0,0,0.1034,1], "EE_T_K": [1,0,0,0,0,1,0,0,0,0,1,0,0,0,0,1], "m_ee": 0.73, "F_x_Cee": [-0.01,0,0.03], "I_ee": [0.001,0,0,0,0.0025,0,0,0,0.0017], "m_load": 0, "F_x_Cload": [0,0,0], "I_load": [0,0,0,0,0,0,0,0,0], "m_total": 0.73, "F_x_Ctotal": [-0.01,0,0.03], "I_total": [0.001,0,0,0,0.0025,0,0,0,0.0017], "elbow": [0.119059,-1], "elbow_d": [0.119069,-1], "elbow_c": [0.119069,-1], "delbow_c": [0,0], "ddelbow_c": [0,0], "tau_J": [0.524849,-49.5022,3.00753,18.4116,0.0755044,-2.18751,0.153096], "tau_J_d": [0,0,0,0,0,0,0], "dtau_J": [-110.209,61.1649,-7.2819,68.6387,34.1315,9.72754,12.2715], "q": [-1.46048,0.875753,0.119059,-1.38395,-2.87346,2.50498,0.470752], "dq": [0.00106359,-0.000668352,0.000607207,-0.000266151,-0.000568934,5.41698e-05,-0.000704011], "q_d": [-1.46047,0.875663,0.119069,-1.38409,-2.87342,2.50489,0.470754], "dq_d": [0,0,0,0,0,0,0], "ddq_d": [0,0,0,0,0,0,0], "joint_contact": [0,0,0,0,0,0,0], "cartesian_contact": [0,0,0,0,0,0], "joint_collision": [0,0,0,0,0,0,0], "cartesian_collision": [0,0,0,0,0,0], "tau_ext_hat_filtered": [0.59539,0.0271365,0.627347,-1.4598,0.337773,-0.809568,0.149435], "O_F_ext_hat_K": [-0.217342,11.2117,-0.395744,-3.70119,-0.187938,0.674596], "K_F_ext_hat_K": [1.28069,0.195145,-11.1458,0.911281,-1.85346,0.213091], "O_dP_EE_d": [0,0,0,0,0,0], "O_ddP_O": [0,0,-9.81], "O_T_EE_c": [-0.0198724,0.0786283,-0.996696,0,0.999191,0.0361502,-0.0170703,0,0.0346892,-0.996248,-0.0792846,0,0.156053,-0.834692,0.193465,1], "O_dP_EE_c": [0,0,0,0,0,0], "O_ddP_EE_c": [0,0,0,0,0,0], "theta": [-1.46045,0.872279,0.11927,-1.38266,-2.87345,2.50474,0.470769], "dtheta": [0,0,0,0,0,0,0], "current_errors": [], "last_motion_errors": ["cartesian_reflex"], "control_command_success_rate": 0, "robot_mode": "User stopped", "time": 1712571}