{"O_T_EE": [-0.0052695,0.0851682,-0.996343,0,0.996216,-0.085881,-0.01261,0,-0.0866426,-0.992658,-0.084395,0,0.0563781,-0.84958,0.193582,1], "O_T_EE_d": [-0.00522348,0.085214,-0.996339,0,0.996213,-0.0859154,-0.0125709,0,-0.0866737,-0.992651,-0.0844441,0,0.0563833,-0.849545,0.19356,1], "F_T_NE": [0.7071,-0.7071,0,0,0.7071,0.7071,0,0,0,0,1,0,0,0,0.1034,1], "NE_T_EE": [1,0,0,0,0,1,0,0,0,0,1,0,0,0,0,1], "F_T_EE": [0.7071,-0.7071,0,0,0.7071,0.7071,0,0,0,0,1,0,0,0,0.1034,1], "EE_T_K": [1,0,0,0,0,1,0,0,0,0,1,0,0,0,0,1], "m_ee": 0.73, "F_x_Cee": [-0.01,0,0.03], "I_ee": [0.001,0,0,0,0.0025,0,0,0,0.0017], "m_load": 0, "F_x_Cload": [0,0,0], "I_load": [0,0,0,0,0,0,0,0,0], "m_total": 0.73, "F_x_Ctotal": [-0.01,0,0.03], "I_total": [0.001,0,0,0,0.0025,0,0,0,0.0017], "elbow": [0.0820832,-1], "elbow_d": [0.0820963,-1], "elbow_c": [0.0820963,-1], "delbow_c": [0,0], "ddelbow_c": [0,0], "tau_J": [0.298714,-50.0695,2.10695,18.1418,0.194523,-2.00716,0.153096], "tau_J_d": [0,0,0,0,0,0,0], "dtau_J": [-216.061,-162.166,115.367,-109.588,-25.0752,-10.066,-7.47258], "q": [-1.5505,0.881591,0.0820832,-1.36533,-2.85593,2.523,0.487525], "dq": [0.00204993,0.00196903,-0.000903592,-0.000413056,3.55954e-06,-1.26683e-05,-0.000186174], "q_d": [-1.5505,0.88151,0.0820963,-1.36552,-2.85587,2.52293,0.487532], "dq_d": [0,0,0,0,0,0,0], "ddq_d": [0,0,0,0,0,0,0], "joint_contact": [0,0,0,0,0,0,0], "cartesian_contact": [0,0,0,0,0,0], "joint_collision": [0,0,0,0,0,0,0], "cartesian_collision": [0,0,0,0,0,0], "tau_ext_hat_filtered": [0.397198,-0.310917,0.475268,-1.70692,0.478716,-0.641217,0.162824], "O_F_ext_hat_K": [0.871506,13.5541,0.590361,-4.82652,0.156694,0.460302], "K_F_ext_hat_K": [0.561595,-0.303282,-13.5799,1.05121,-1.68344,0.214408], "O_dP_EE_d": [0,0,0,0,0,0], "O_ddP_O": [0,0,-9.81], "O_T_EE_c": [-0.00522348,0.085214,-0.996339,0,0.996213,-0.0859154,-0.0125709,0,-0.0866737,-0.992651,-0.0844441,0,0.0563833,-0.849545,0.19356,1], "O_dP_EE_c": [0,0,0,0,0,0], "O_ddP_EE_c": [0,0,0,0,0,0], "theta": [-1.55048,0.878076,0.082231,-1.36406,-2.85591,2.52278,0.487542], "dtheta": [0,0,0,0,0,0,0], "current_errors": [], "last_motion_errors": ["cartesian_reflex"], "control_command_success_rate": 0, "robot_mode": "User stopped", "time": 1760802}