{"O_T_EE": [0.0084744,0.0381392,-0.999227,0,0.977938,-0.208847,0.000322441,0,-0.208677,-0.977204,-0.0390684,0,-0.0442561,-0.85156,0.193495,1], "O_T_EE_d": [0.00846058,0.0380822,-0.999229,0,0.977936,-0.208857,0.000320419,0,-0.208688,-0.977204,-0.0390098,0,-0.0442568,-0.851559,0.193541,1], "F_T_NE": [0.7071,-0.7071,0,0,0.7071,0.7071,0,0,0,0,1,0,0,0,0.1034,1], "NE_T_EE": [1,0,0,0,0,1,0,0,0,0,1,0,0,0,0,1], "F_T_EE": [0.7071,-0.7071,0,0,0.7071,0.7071,0,0,0,0,1,0,0,0,0.1034,1], "EE_T_K": [1,0,0,0,0,1,0,0,0,0,1,0,0,0,0,1], "m_ee": 0.73, "F_x_Cee": [-0.01,0,0.03], "I_ee": [0.001,0,0,0,0.0025,0,0,0,0.0017], "m_load": 0, "F_x_Cload": [0,0,0], "I_load": [0,0,0,0,0,0,0,0,0], "m_total": 0.73, "F_x_Ctotal": [-0.01,0,0.03], "I_total": [0.001,0,0,0,0.0025,0,0,0,0.0017], "elbow": [0.133296,-1], "elbow_d": [0.133297,-1], "elbow_c": [0.133297,-1], "delbow_c": [0,0], "ddelbow_c": [0,0], "tau_J": [0.747017,-49.7283,3.42012,18.3322,0.0571938,-2.21773,0.0414016], "tau_J_d": [0,0,0,0,0,0,0], "dtau_J": [-211.498,-14.0887,-94.7641,12.5271,23.1344,11.2112,-15.2125], "q": [-1.70372,0.890588,0.133296,-1.38219,-2.88166,2.4498,0.485227], "dq": [0.0012393,-0.000439825,0.000207017,0.000874431,-0.000319961,-0.000129078,0.000904139], "q_d": [-1.70372,0.890505,0.133297,-1.38225,-2.88165,2.44976,0.48522], "dq_d": [0,0,0,0,0,0,0], "ddq_d": [0,0,0,0,0,0,0], "joint_contact": [0,0,0,0,0,0,0], "cartesian_contact": [0,0,0,0,0,0], "joint_collision": [0,0,0,0,0,0,0], "cartesian_collision": [0,0,0,0,0,0], "tau_ext_hat_filtered": [0.818906,0.118431,0.736798,-1.64286,0.366413,-0.725461,0.0708327], "O_F_ext_hat_K": [2.83315,11.4256,-0.180264,-3.71078,0.80964,0.88443], "K_F_ext_hat_K": [0.639909,0.384396,-11.7493,1.01798,-1.67369,0.121719], "O_dP_EE_d": [0,0,0,0,0,0], "O_ddP_O": [0,0,-9.81], "O_T_EE_c": [0.00846058,0.0380822,-0.999229,0,0.977936,-0.208857,0.000320419,0,-0.208688,-0.977204,-0.0390098,0,-0.0442568,-0.851559,0.193541,1], "O_dP_EE_c": [0,0,0,0,0,0], "O_ddP_EE_c": [0,0,0,0,0,0], "theta": [-1.70366,0.887098,0.133536,-1.3809,-2.88165,2.44955,0.485232], "dtheta": [0,0,0,0,0,0,0], "current_errors": [], "last_motion_errors": ["cartesian_reflex"], "control_command_success_rate": 0, "robot_mode": "User stopped", "time": 1883091}