{"O_T_EE": [0.00392722,-0.0533105,-0.998561,0,-0.828832,-0.558849,0.0265758,0,-0.559472,0.827551,-0.0463811,0,-0.598222,0.631975,0.307198,1], "O_T_EE_d": [0.00385559,-0.0532881,-0.998562,0,-0.828893,-0.558756,0.0266175,0,-0.559382,0.827614,-0.0463254,0,-0.598157,0.632024,0.307276,1], "F_T_NE": [0.7071,-0.7071,0,0,0.7071,0.7071,0,0,0,0,1,0,0,0,0.1034,1], "NE_T_EE": [1,0,0,0,0,1,0,0,0,0,1,0,0,0,0,1], "F_T_EE": [0.7071,-0.7071,0,0,0.7071,0.7071,0,0,0,0,1,0,0,0,0.1034,1], "EE_T_K": [1,0,0,0,0,1,0,0,0,0,1,0,0,0,0,1], "m_ee": 0.73, "F_x_Cee": [-0.01,0,0.03], "I_ee": [0.001,0,0,0,0.0025,0,0,0,0.0017], "m_load": 0, "F_x_Cload": [0,0,0], "I_load": [0,0,0,0,0,0,0,0,0], "m_total": 0.73, "F_x_Ctotal": [-0.01,0,0.03], "I_total": [0.001,0,0,0,0.0025,0,0,0,0.0017], "elbow": [2.35066,-1], "elbow_d": [2.35059,-1], "elbow_c": [2.35059,-1], "delbow_c": [0,0], "ddelbow_c": [0,0], "tau_J": [0.560555,48.0296,-15.1785,16.0709,-0.865658,-1.90736,0.0615432], "tau_J_d": [0,0,0,0,0,0,0], "dtau_J": [6.0276,156.175,55.082,16.718,-4.86408,1.45666,-72.1428], "q": [-0.290221,-0.976426,2.35066,-1.16689,-2.73854,2.85746,1.06506], "dq": [0.00115969,-0.00180267,-0.00044751,-0.000114653,0.00300082,0.000197448,0.000506956], "q_d": [-0.290251,-0.976317,2.35059,-1.16695,-2.73854,2.85748,1.06508], "dq_d": [0,0,0,0,0,0,0], "ddq_d": [0,0,0,0,0,0,0], "joint_contact": [0,0,0,0,0,0,0], "cartesian_contact": [0,0,0,0,0,0], "joint_collision": [0,0,0,0,0,0,0], "cartesian_collision": [0,0,0,0,0,0], "tau_ext_hat_filtered": [0.540518,0.774722,-0.00142167,-1.27481,0.279601,-0.417908,0.0993176], "O_F_ext_hat_K": [10.4512,-11.6585,-1.08465,4.61682,4.00929,0.604804], "K_F_ext_hat_K": [1.74568,-2.1758,-15.4448,-0.305443,-2.22916,0.22427], "O_dP_EE_d": [0,0,0,0,0,0], "O_ddP_O": [0,0,-9.81], "O_T_EE_c": [0.00385559,-0.0532881,-0.998562,0,-0.828893,-0.558756,0.0266175,0,-0.559382,0.827614,-0.0463254,0,-0.598157,0.632024,0.307276,1], "O_dP_EE_c": [0,0,0,0,0,0], "O_ddP_EE_c": [0,0,0,0,0,0], "theta": [-0.290181,-0.973055,2.3496,-1.16576,-2.73864,2.85725,1.06507], "dtheta": [0,0,0,0,0,0,0], "current_errors": [], "last_motion_errors": ["cartesian_reflex"], "control_command_success_rate": 0, "robot_mode": "User stopped", "time": 2370704}