{"O_T_EE": [-0.0144869,-0.000365874,-0.999885,0,-0.922785,-0.385053,0.0135107,0,-0.385021,0.922893,0.00524071,0,-0.477599,0.722587,0.29583,1], "O_T_EE_d": [-0.0145724,-0.000183254,-0.999884,0,-0.922805,-0.385004,0.0135196,0,-0.38497,0.922913,0.00544144,0,-0.477548,0.722635,0.295939,1], "F_T_NE": [0.7071,-0.7071,0,0,0.7071,0.7071,0,0,0,0,1,0,0,0,0.1034,1], "NE_T_EE": [1,0,0,0,0,1,0,0,0,0,1,0,0,0,0,1], "F_T_EE": [0.7071,-0.7071,0,0,0.7071,0.7071,0,0,0,0,1,0,0,0,0.1034,1], "EE_T_K": [1,0,0,0,0,1,0,0,0,0,1,0,0,0,0,1], "m_ee": 0.73, "F_x_Cee": [-0.01,0,0.03], "I_ee": [0.001,0,0,0,0.0025,0,0,0,0.0017], "m_load": 0, "F_x_Cload": [0,0,0], "I_load": [0,0,0,0,0,0,0,0,0], "m_total": 0.73, "F_x_Ctotal": [-0.01,0,0.03], "I_total": [0.001,0,0,0,0.0025,0,0,0,0.0017], "elbow": [-0.958059,-1], "elbow_d": [-0.958146,-1], "elbow_c": [-0.958146,-1], "delbow_c": [0,0], "ddelbow_c": [0,0], "tau_J": [-0.149589,-46.0348,-19.1894,14.115,-0.784176,-2.67824,0.0615432], "tau_J_d": [0,0,0,0,0,0,0], "dtau_J": [-1.11605,88.6715,27.4777,0.120328,27.9436,6.63684,-109.183], "q": [2.78961,1.06745,-0.958059,-1.21904,-2.64475,2.80491,1.1367], "dq": [-0.000352748,-0.000156011,-0.00159863,0.000286404,-0.000331358,-0.000424545,0.00266319], "q_d": [2.78957,1.06737,-0.958146,-1.21905,-2.64475,2.8048,1.1367], "dq_d": [0,0,0,0,0,0,0], "ddq_d": [0,0,0,0,0,0,0], "joint_contact": [0,0,0,0,0,0,0], "cartesian_contact": [0,0,0,0,0,0], "joint_collision": [0,0,0,0,0,0,0], "cartesian_collision": [0,0,0,0,0,0], "tau_ext_hat_filtered": [-0.204066,-0.396369,-0.294294,-0.716095,0.449485,-1.10676,0.147465], "O_F_ext_hat_K": [4.85342,-6.62869,-1.7444,2.70833,1.75807,-0.138048], "K_F_ext_hat_K": [1.67635,-1.94988,-7.99538,-0.232633,-2.29505,0.294323], "O_dP_EE_d": [0,0,0,0,0,0], "O_ddP_O": [0,0,-9.81], "O_T_EE_c": [-0.0145724,-0.000183254,-0.999884,0,-0.922805,-0.385004,0.0135196,0,-0.38497,0.922913,0.00544144,0,-0.477548,0.722635,0.295939,1], "O_dP_EE_c": [0,0,0,0,0,0], "O_ddP_EE_c": [0,0,0,0,0,0], "theta": [2.7896,1.06422,-0.959406,-1.21805,-2.64484,2.80461,1.13671], "dtheta": [0,0,0,0,0,0,0], "current_errors": [], "last_motion_errors": ["cartesian_reflex"], "control_command_success_rate": 0, "robot_mode": "User stopped", "time": 2543951}