{"O_T_EE": [0.0388468,-0.0462044,-0.998167,0,-0.953901,-0.299184,-0.0232751,0,-0.297566,0.953075,-0.0556979,0,-0.390503,0.771705,0.297927,1], "O_T_EE_d": [0.0388727,-0.0462365,-0.998164,0,-0.953931,-0.299087,-0.0232959,0,-0.297467,0.953104,-0.0557339,0,-0.390435,0.771711,0.29792,1], "F_T_NE": [0.7071,-0.7071,0,0,0.7071,0.7071,0,0,0,0,1,0,0,0,0.1034,1], "NE_T_EE": [1,0,0,0,0,1,0,0,0,0,1,0,0,0,0,1], "F_T_EE": [0.7071,-0.7071,0,0,0.7071,0.7071,0,0,0,0,1,0,0,0,0.1034,1], "EE_T_K": [1,0,0,0,0,1,0,0,0,0,1,0,0,0,0,1], "m_ee": 0.73, "F_x_Cee": [-0.01,0,0.03], "I_ee": [0.001,0,0,0,0.0025,0,0,0,0.0017], "m_load": 0, "F_x_Cload": [0,0,0], "I_load": [0,0,0,0,0,0,0,0,0], "m_total": 0.73, "F_x_Ctotal": [-0.01,0,0.03], "I_total": [0.001,0,0,0,0.0025,0,0,0,0.0017], "elbow": [-0.70293,-1], "elbow_d": [-0.703011,-1], "elbow_c": [-0.703011,-1], "delbow_c": [0,0], "ddelbow_c": [0,0], "tau_J": [0.449471,-48.3358,-13.9407,16.9516,-0.75671,-1.96779,-0.101421], "tau_J_d": [0,0,0,0,0,0,0], "dtau_J": [-24.8057,-35.7075,-76.5726,127.659,3.50817,6.44276,-121.974], "q": [2.52557,0.926478,-0.70293,-1.21803,-2.73506,2.81891,0.93166], "dq": [0.000216121,-0.000130885,0.00120074,-0.00109525,0.000366592,-0.000457051,0.00326631], "q_d": [2.5256,0.926428,-0.703011,-1.21818,-2.73505,2.8189,0.931667], "dq_d": [0,0,0,0,0,0,0], "ddq_d": [0,0,0,0,0,0,0], "joint_contact": [0,0,0,0,0,0,0], "cartesian_contact": [0,0,0,0,0,0], "joint_collision": [0,0,0,0,0,0,0], "cartesian_collision": [0,0,0,0,0,0], "tau_ext_hat_filtered": [0.451114,-1.24721,-0.244668,-1.32888,0.243886,-0.481662,-0.0218165], "O_F_ext_hat_K": [6.98284,-15.422,-0.25098,6.55086,2.77355,0.53972], "K_F_ext_hat_K": [1.23437,-2.04111,-16.7622,0.140693,-2.28547,0.11955], "O_dP_EE_d": [0,0,0,0,0,0], "O_ddP_O": [0,0,-9.81], "O_T_EE_c": [0.0388727,-0.0462365,-0.998164,0,-0.953931,-0.299087,-0.0232959,0,-0.297467,0.953104,-0.0557339,0,-0.390435,0.771711,0.29792,1], "O_dP_EE_c": [0,0,0,0,0,0], "O_ddP_EE_c": [0,0,0,0,0,0], "theta": [2.5256,0.923086,-0.703909,-1.21684,-2.73515,2.81869,0.931649], "dtheta": [0,0,0,0,0,0,0], "current_errors": [], "last_motion_errors": ["cartesian_reflex"], "control_command_success_rate": 0, "robot_mode": "User stopped", "time": 2494709}