{"O_T_EE": [0.0125435,-0.00510089,-0.999899,0,-0.973259,-0.229402,-0.011039,0,-0.229327,0.973318,-0.00784214,0,-0.344305,0.791226,0.295926,1], "O_T_EE_d": [0.0125187,-0.00511347,-0.999899,0,-0.973294,-0.229255,-0.0110132,0,-0.22918,0.973353,-0.00784704,0,-0.344202,0.791242,0.295927,1], "F_T_NE": [0.7071,-0.7071,0,0,0.7071,0.7071,0,0,0,0,1,0,0,0,0.1034,1], "NE_T_EE": [1,0,0,0,0,1,0,0,0,0,1,0,0,0,0,1], "F_T_EE": [0.7071,-0.7071,0,0,0.7071,0.7071,0,0,0,0,1,0,0,0,0.1034,1], "EE_T_K": [1,0,0,0,0,1,0,0,0,0,1,0,0,0,0,1], "m_ee": 0.73, "F_x_Cee": [-0.01,0,0.03], "I_ee": [0.001,0,0,0,0.0025,0,0,0,0.0017], "m_load": 0, "F_x_Cload": [0,0,0], "I_load": [0,0,0,0,0,0,0,0,0], "m_total": 0.73, "F_x_Ctotal": [-0.01,0,0.03], "I_total": [0.001,0,0,0,0.0025,0,0,0,0.0017], "elbow": [-0.83359,-1], "elbow_d": [-0.833666,-1], "elbow_c": [-0.833666,-1], "delbow_c": [0,0], "ddelbow_c": [0,0], "tau_J": [-0.0742106,-46.1855,-16.7178,15.3052,-0.637691,-2.28822,0.153096], "tau_J_d": [0,0,0,0,0,0,0], "dtau_J": [-43.9386,-118.262,-138.289,159.267,-1.63273,-37.42,107.804], "q": [2.56014,0.981697,-0.83359,-1.25411,-2.68813,2.77129,1.02271], "dq": [0.00101746,0.000805692,0.00163479,-0.00268143,0.000235157,0.000477178,-0.00275915], "q_d": [2.56014,0.981639,-0.833666,-1.25429,-2.68811,2.77125,1.02275], "dq_d": [0,0,0,0,0,0,0], "ddq_d": [0,0,0,0,0,0,0], "joint_contact": [0,0,0,0,0,0,0], "cartesian_contact": [0,0,0,0,0,0], "joint_collision": [0,0,0,0,0,0,0], "cartesian_collision": [0,0,0,0,0,0], "tau_ext_hat_filtered": [0.0227779,-0.30914,-0.116056,-1.42678,0.454967,-0.695543,0.103395], "O_F_ext_hat_K": [4.71111,-11.4935,-1.67575,4.26199,1.56711,0.0962313], "K_F_ext_hat_K": [1.79333,-1.93005,-12.254,0.157026,-2.29888,0.229511], "O_dP_EE_d": [0,0,0,0,0,0], "O_ddP_O": [0,0,-9.81], "O_T_EE_c": [0.0125187,-0.00511347,-0.999899,0,-0.973294,-0.229255,-0.0110132,0,-0.22918,0.973353,-0.00784704,0,-0.344202,0.791242,0.295927,1], "O_dP_EE_c": [0,0,0,0,0,0], "O_ddP_EE_c": [0,0,0,0,0,0], "theta": [2.56014,0.978456,-0.834764,-1.25304,-2.68821,2.77104,1.02273], "dtheta": [0,0,0,0,0,0,0], "current_errors": [], "last_motion_errors": ["cartesian_reflex"], "control_command_success_rate": 0, "robot_mode": "User stopped", "time": 2514075}