{"O_T_EE": [-0.0119395,-0.0256545,-0.99959,0,-0.991211,0.131948,0.00845302,0,0.131679,0.990924,-0.0270049,0,-0.0466027,0.854651,0.297931,1], "O_T_EE_d": [-0.0119139,-0.0255944,-0.999592,0,-0.991196,0.132062,0.00843242,0,0.131795,0.990911,-0.026943,0,-0.0465603,0.854645,0.297949,1], "F_T_NE": [0.7071,-0.7071,0,0,0.7071,0.7071,0,0,0,0,1,0,0,0,0.1034,1], "NE_T_EE": [1,0,0,0,0,1,0,0,0,0,1,0,0,0,0,1], "F_T_EE": [0.7071,-0.7071,0,0,0.7071,0.7071,0,0,0,0,1,0,0,0,0.1034,1], "EE_T_K": [1,0,0,0,0,1,0,0,0,0,1,0,0,0,0,1], "m_ee": 0.73, "F_x_Cee": [-0.01,0,0.03], "I_ee": [0.001,0,0,0,0.0025,0,0,0,0.0017], "m_load": 0, "F_x_Cload": [0,0,0], "I_load": [0,0,0,0,0,0,0,0,0], "m_total": 0.73, "F_x_Ctotal": [-0.01,0,0.03], "I_total": [0.001,0,0,0,0.0025,0,0,0,0.0017], "elbow": [0.763416,-1], "elbow_d": [0.763415,-1], "elbow_c": [0.763415,-1], "delbow_c": [0,0], "ddelbow_c": [0,0], "tau_J": [0.18763,-45.2056,15.6076,16.6104,0.322697,-2.16737,0.0111892], "tau_J_d": [0,0,0,0,0,0,0], "dtau_J": [50.2925,-95.655,-9.35041,-49.9153,-20.7326,5.17173,-29.8469], "q": [1.08285,0.894632,0.763416,-1.41636,-2.86838,2.46767,0.00468553], "dq": [-0.000323524,0.000460857,-0.000320837,0.00139128,0.000373062,0.000387539,0.000728351], "q_d": [1.0828,0.894574,0.763415,-1.41644,-2.86834,2.46754,0.0046744], "dq_d": [0,0,0,0,0,0,0], "ddq_d": [0,0,0,0,0,0,0], "joint_contact": [0,0,0,0,0,0,0], "cartesian_contact": [0,0,0,0,0,0], "joint_collision": [0,0,0,0,0,0,0], "cartesian_collision": [0,0,0,0,0,0], "tau_ext_hat_filtered": [0.161095,-0.510637,0.290766,-1.13302,0.151462,-1.06284,0.0424184], "O_F_ext_hat_K": [-1.52067,-10.766,-0.604222,4.12743,-0.633214,0.197209], "K_F_ext_hat_K": [0.898345,0.0816497,-10.8523,1.59025,-1.45738,0.0818303], "O_dP_EE_d": [0,0,0,0,0,0], "O_ddP_O": [0,0,-9.81], "O_T_EE_c": [-0.0119139,-0.0255944,-0.999592,0,-0.991196,0.132062,0.00843242,0,0.131795,0.990911,-0.026943,0,-0.0465603,0.854645,0.297949,1], "O_dP_EE_c": [0,0,0,0,0,0], "O_ddP_EE_c": [0,0,0,0,0,0], "theta": [1.08286,0.89146,0.764511,-1.41519,-2.86834,2.46743,0.00468823], "dtheta": [0,0,0,0,0,0,0], "current_errors": [], "last_motion_errors": ["cartesian_reflex"], "control_command_success_rate": 0, "robot_mode": "User stopped", "time": 2974999}