{"O_T_EE": [-0.00409172,0.00341428,-0.999976,0,-0.878253,0.478147,0.00522622,0,0.478163,0.878271,0.00104218,0,0.24985,0.810924,0.310772,1], "O_T_EE_d": [-0.0040285,0.0035525,-0.999976,0,-0.878259,0.478137,0.00523677,0,0.478154,0.878275,0.00119386,0,0.249782,0.810947,0.310843,1], "F_T_NE": [0.7071,-0.7071,0,0,0.7071,0.7071,0,0,0,0,1,0,0,0,0.1034,1], "NE_T_EE": [1,0,0,0,0,1,0,0,0,0,1,0,0,0,0,1], "F_T_EE": [0.7071,-0.7071,0,0,0.7071,0.7071,0,0,0,0,1,0,0,0,0.1034,1], "EE_T_K": [1,0,0,0,0,1,0,0,0,0,1,0,0,0,0,1], "m_ee": 0.73, "F_x_Cee": [-0.01,0,0.03], "I_ee": [0.001,0,0,0,0.0025,0,0,0,0.0017], "m_load": 0, "F_x_Cload": [0,0,0], "I_load": [0,0,0,0,0,0,0,0,0], "m_total": 0.73, "F_x_Ctotal": [-0.01,0,0.03], "I_total": [0.001,0,0,0,0.0025,0,0,0,0.0017], "elbow": [-2.37432,-1], "elbow_d": [-2.37424,-1], "elbow_c": [-2.37424,-1], "delbow_c": [0,0], "ddelbow_c": [0,0], "tau_J": [0.93348,43.9552,15.7584,16.7612,0.0846596,-2.12801,-0.0199387], "tau_J_d": [0,0,0,0,0,0,0], "dtau_J": [-16.4391,-22.6748,-77.2149,47.9416,13.1173,65.4525,-83.9608], "q": [-2.42478,-0.851667,-2.37432,-1.4692,-2.86791,2.42431,0.0224607], "dq": [0.00446704,0.000895743,0.000287954,0.0010422,-2.4336e-05,-0.000731459,0.00244542], "q_d": [-2.42473,-0.851605,-2.37424,-1.46924,-2.8679,2.42415,0.0224453], "dq_d": [0,0,0,0,0,0,0], "ddq_d": [0,0,0,0,0,0,0], "joint_contact": [0,0,0,0,0,0,0], "cartesian_contact": [0,0,0,0,0,0], "joint_collision": [0,0,0,0,0,0,0], "cartesian_collision": [0,0,0,0,0,0], "tau_ext_hat_filtered": [0.96172,0.267509,0.705826,-1.23861,0.000789878,-0.962209,0.0449493], "O_F_ext_hat_K": [-5.18113,-7.26457,-1.31252,2.60465,-1.95485,0.9991], "K_F_ext_hat_K": [1.30891,1.06997,-8.85905,1.37924,-1.5685,0.0826735], "O_dP_EE_d": [0,0,0,0,0,0], "O_ddP_O": [0,0,-9.81], "O_T_EE_c": [-0.0040285,0.0035525,-0.999976,0,-0.878259,0.478137,0.00523677,0,0.478154,0.878275,0.00119386,0,0.249782,0.810947,0.310843,1], "O_dP_EE_c": [0,0,0,0,0,0], "O_ddP_EE_c": [0,0,0,0,0,0], "theta": [-2.42472,-0.848582,-2.37321,-1.46802,-2.8679,2.42407,0.0224584], "dtheta": [0,0,0,0,0,0,0], "current_errors": [], "last_motion_errors": ["cartesian_reflex"], "control_command_success_rate": 0, "robot_mode": "User stopped", "time": 3184837}