{"O_T_EE": [-0.0137642,-0.00343993,-0.99989,0,-0.781591,0.623717,0.00861342,0,0.62363,0.781638,-0.0112738,0,0.38793,0.750644,0.311076,1], "O_T_EE_d": [-0.0137015,-0.00340687,-0.999891,0,-0.781628,0.62367,0.00858567,0,0.623585,0.781676,-0.0112083,0,0.387835,0.750679,0.311088,1], "F_T_NE": [0.7071,-0.7071,0,0,0.7071,0.7071,0,0,0,0,1,0,0,0,0.1034,1], "NE_T_EE": [1,0,0,0,0,1,0,0,0,0,1,0,0,0,0,1], "F_T_EE": [0.7071,-0.7071,0,0,0.7071,0.7071,0,0,0,0,1,0,0,0,0.1034,1], "EE_T_K": [1,0,0,0,0,1,0,0,0,0,1,0,0,0,0,1], "m_ee": 0.73, "F_x_Cee": [-0.01,0,0.03], "I_ee": [0.001,0,0,0,0.0025,0,0,0,0.0017], "m_load": 0, "F_x_Cload": [0,0,0], "I_load": [0,0,0,0,0,0,0,0,0], "m_total": 0.73, "F_x_Ctotal": [-0.01,0,0.03], "I_total": [0.001,0,0,0,0.0025,0,0,0,0.0017], "elbow": [-2.3298,-1], "elbow_d": [-2.32977,-1], "elbow_c": [-2.32977,-1], "delbow_c": [0,0], "ddelbow_c": [0,0], "tau_J": [0.862069,43.1657,16.6193,16.4954,0.267765,-2.19759,0.0111892], "tau_J_d": [0,0,0,0,0,0,0], "dtau_J": [-31.5558,-8.71194,-12.5821,158.42,1.2159,-27.2994,-95.1784], "q": [-2.63978,-0.860299,-2.3298,-1.48661,-2.86706,2.42693,-0.00619615], "dq": [-0.000146829,-3.13458e-05,-0.000318724,-0.00383322,0.000167244,0.00030364,0.00149076], "q_d": [-2.6397,-0.860253,-2.32977,-1.48671,-2.86706,2.42678,-0.00620792], "dq_d": [0,0,0,0,0,0,0], "ddq_d": [0,0,0,0,0,0,0], "joint_contact": [0,0,0,0,0,0,0], "cartesian_contact": [0,0,0,0,0,0], "joint_collision": [0,0,0,0,0,0,0], "cartesian_collision": [0,0,0,0,0,0], "tau_ext_hat_filtered": [0.770927,0.318757,0.674044,-1.05493,0.147821,-1.06891,0.0635334], "O_F_ext_hat_K": [-6.23314,-5.73374,-1.03353,2.16426,-2.34102,0.816517], "K_F_ext_hat_K": [1.13896,1.28666,-8.35724,1.62474,-1.41888,0.112024], "O_dP_EE_d": [0,0,0,0,0,0], "O_ddP_O": [0,0,-9.81], "O_T_EE_c": [-0.0137015,-0.00340687,-0.999891,0,-0.781628,0.62367,0.00858567,0,0.623585,0.781676,-0.0112083,0,0.387835,0.750679,0.311088,1], "O_dP_EE_c": [0,0,0,0,0,0], "O_ddP_EE_c": [0,0,0,0,0,0], "theta": [-2.63973,-0.857268,-2.32863,-1.48545,-2.86703,2.42668,-0.00619345], "dtheta": [0,0,0,0,0,0,0], "current_errors": [], "last_motion_errors": ["cartesian_reflex"], "control_command_success_rate": 0, "robot_mode": "User stopped", "time": 3358851}