{"O_T_EE": [-0.000336045,0.00064083,-0.99999,0,-0.699296,0.714818,0.000693079,0,0.714825,0.699303,0.000207923,0,0.473153,0.697936,0.311308,1], "O_T_EE_d": [-0.000253182,0.000701379,-0.99999,0,-0.699281,0.714833,0.000678422,0,0.714841,0.699287,0.000309484,0,0.473121,0.697959,0.311337,1], "F_T_NE": [0.7071,-0.7071,0,0,0.7071,0.7071,0,0,0,0,1,0,0,0,0.1034,1], "NE_T_EE": [1,0,0,0,0,1,0,0,0,0,1,0,0,0,0,1], "F_T_EE": [0.7071,-0.7071,0,0,0.7071,0.7071,0,0,0,0,1,0,0,0,0.1034,1], "EE_T_K": [1,0,0,0,0,1,0,0,0,0,1,0,0,0,0,1], "m_ee": 0.73, "F_x_Cee": [-0.01,0,0.03], "I_ee": [0.001,0,0,0,0.0025,0,0,0,0.0017], "m_load": 0, "F_x_Cload": [0,0,0], "I_load": [0,0,0,0,0,0,0,0,0], "m_total": 0.73, "F_x_Ctotal": [-0.01,0,0.03], "I_total": [0.001,0,0,0,0.0025,0,0,0,0.0017], "elbow": [-2.36445,-1], "elbow_d": [-2.36443,-1], "elbow_c": [-2.36443,-1], "delbow_c": [0,0], "ddelbow_c": [0,0], "tau_J": [0.524849,43.2767,15.4926,17.1063,0.112125,-2.32851,0.000202917], "tau_J_d": [0,0,0,0,0,0,0], "dtau_J": [-9.56471,80.4539,147.518,-38.3318,0.810809,11.4815,-54.1946], "q": [-2.7367,-0.837069,-2.36445,-1.49919,-2.8674,2.41299,0.0212025], "dq": [0.000201605,0.00052395,-0.00148448,-0.0020574,-0.000126483,8.12654e-05,0.00115832], "q_d": [-2.73665,-0.837041,-2.36443,-1.49923,-2.8674,2.41285,0.0211879], "dq_d": [0,0,0,0,0,0,0], "ddq_d": [0,0,0,0,0,0,0], "joint_contact": [0,0,0,0,0,0,0], "cartesian_contact": [0,0,0,0,0,0], "joint_collision": [0,0,0,0,0,0,0], "cartesian_collision": [0,0,0,0,0,0], "tau_ext_hat_filtered": [0.517428,0.370482,0.404877,-0.756962,0.0518587,-1.15389,0.0409341], "O_F_ext_hat_K": [-5.86214,-4.42064,-1.20326,1.64277,-2.29868,0.537358], "K_F_ext_hat_K": [1.20241,0.938602,-7.28202,1.46135,-1.52039,0.0611431], "O_dP_EE_d": [0,0,0,0,0,0], "O_ddP_O": [0,0,-9.81], "O_T_EE_c": [-0.000253182,0.000701379,-0.99999,0,-0.699281,0.714833,0.000678422,0,0.714841,0.699287,0.000309484,0,0.473121,0.697959,0.311337,1], "O_dP_EE_c": [0,0,0,0,0,0], "O_ddP_EE_c": [0,0,0,0,0,0], "theta": [-2.73666,-0.834032,-2.36337,-1.49799,-2.86739,2.41273,0.0212025], "dtheta": [0,0,0,0,0,0,0], "current_errors": [], "last_motion_errors": ["cartesian_reflex"], "control_command_success_rate": 0, "robot_mode": "User stopped", "time": 3335746}