{"O_T_EE": [0.0113034,-0.00286312,-0.999922,0,-0.850225,0.526284,-0.0111181,0,0.526285,0.850301,0.00351457,0,0.296876,0.794218,0.311045,1], "O_T_EE_d": [0.0114195,-0.00281463,-0.999921,0,-0.850228,0.526277,-0.0111913,0,0.526277,0.850306,0.00361679,0,0.296816,0.794239,0.311055,1], "F_T_NE": [0.7071,-0.7071,0,0,0.7071,0.7071,0,0,0,0,1,0,0,0,0.1034,1], "NE_T_EE": [1,0,0,0,0,1,0,0,0,0,1,0,0,0,0,1], "F_T_EE": [0.7071,-0.7071,0,0,0.7071,0.7071,0,0,0,0,1,0,0,0,0.1034,1], "EE_T_K": [1,0,0,0,0,1,0,0,0,0,1,0,0,0,0,1], "m_ee": 0.73, "F_x_Cee": [-0.01,0,0.03], "I_ee": [0.001,0,0,0,0.0025,0,0,0,0.0017], "m_load": 0, "F_x_Cload": [0,0,0], "I_load": [0,0,0,0,0,0,0,0,0], "m_total": 0.73, "F_x_Ctotal": [-0.01,0,0.03], "I_total": [0.001,0,0,0,0.0025,0,0,0,0.0017], "elbow": [-2.40407,-1], "elbow_d": [-2.40409,-1], "elbow_c": [-2.40409,-1], "delbow_c": [0,0], "ddelbow_c": [0,0], "tau_J": [0.413765,44.0305,14.5563,17.2967,0.322697,-2.31844,0.102742], "tau_J_d": [0,0,0,0,0,0,0], "dtau_J": [-3.46094,109.847,5.87848,-1.27604,-28.2905,-35.8383,-42.3896], "q": [-2.46468,-0.835351,-2.40407,-1.47129,-2.8674,2.42886,0.0325665], "dq": [-0.000872303,0.000143213,-0.00103398,0.0011357,0.000513727,0.000789437,0.00185152], "q_d": [-2.46457,-0.835329,-2.40409,-1.47134,-2.86742,2.42869,0.0325393], "dq_d": [0,0,0,0,0,0,0], "ddq_d": [0,0,0,0,0,0,0], "joint_contact": [0,0,0,0,0,0,0], "cartesian_contact": [0,0,0,0,0,0], "joint_collision": [0,0,0,0,0,0,0], "cartesian_collision": [0,0,0,0,0,0], "tau_ext_hat_filtered": [0.401695,0.201514,0.18464,-0.952502,0.275038,-1.08062,0.137287], "O_F_ext_hat_K": [-4.91613,-6.51074,-1.24517,2.26625,-1.78998,0.367471], "K_F_ext_hat_K": [1.20817,0.767171,-8.12775,1.61971,-1.35988,0.105605], "O_dP_EE_d": [0,0,0,0,0,0], "O_ddP_O": [0,0,-9.81], "O_T_EE_c": [0.0114195,-0.00281463,-0.999921,0,-0.850228,0.526277,-0.0111913,0,0.526277,0.850306,0.00361679,0,0.296816,0.794239,0.311055,1], "O_dP_EE_c": [0,0,0,0,0,0], "O_ddP_EE_c": [0,0,0,0,0,0], "theta": [-2.46465,-0.832261,-2.40304,-1.47008,-2.86737,2.4286,0.0325779], "dtheta": [0,0,0,0,0,0,0], "current_errors": [], "last_motion_errors": ["cartesian_reflex"], "control_command_success_rate": 0, "robot_mode": "User stopped", "time": 3170441}