{"O_T_EE": [0.0120548,-0.00632963,-0.999898,0,-0.656165,0.754498,-0.0126869,0,0.754516,0.656263,0.00494211,0,0.512731,0.667691,0.311209,1], "O_T_EE_d": [0.0122489,-0.0062479,-0.999896,0,-0.656192,0.754473,-0.0127528,0,0.754489,0.656293,0.00514173,0,0.512669,0.667751,0.311296,1], "F_T_NE": [0.7071,-0.7071,0,0,0.7071,0.7071,0,0,0,0,1,0,0,0,0.1034,1], "NE_T_EE": [1,0,0,0,0,1,0,0,0,0,1,0,0,0,0,1], "F_T_EE": [0.7071,-0.7071,0,0,0.7071,0.7071,0,0,0,0,1,0,0,0,0.1034,1], "EE_T_K": [1,0,0,0,0,1,0,0,0,0,1,0,0,0,0,1], "m_ee": 0.73, "F_x_Cee": [-0.01,0,0.03], "I_ee": [0.001,0,0,0,0.0025,0,0,0,0.0017], "m_load": 0, "F_x_Cload": [0,0,0], "I_load": [0,0,0,0,0,0,0,0,0], "m_total": 0.73, "F_x_Ctotal": [-0.01,0,0.03], "I_total": [0.001,0,0,0,0.0025,0,0,0,0.0017], "elbow": [-2.39246,-1], "elbow_d": [-2.39244,-1], "elbow_c": [-2.39244,-1], "delbow_c": [0,0], "ddelbow_c": [0,0], "tau_J": [0.862069,43.5783,15.08,17.5268,0.221989,-2.33766,0.0816849], "tau_J_d": [0,0,0,0,0,0,0], "dtau_J": [-102.302,80.2891,18.5064,52.7071,5.68219,-1.17247,23.1336], "q": [-2.77825,-0.819583,-2.39246,-1.50663,-2.86726,2.41028,0.0345486], "dq": [0.000524714,-0.00145719,-0.000532449,-0.000667308,0.000435175,2.27636e-05,0.000179024], "q_d": [-2.77814,-0.819503,-2.39244,-1.50663,-2.86729,2.41013,0.0345141], "dq_d": [0,0,0,0,0,0,0], "ddq_d": [0,0,0,0,0,0,0], "joint_contact": [0,0,0,0,0,0,0], "cartesian_contact": [0,0,0,0,0,0], "joint_collision": [0,0,0,0,0,0,0], "cartesian_collision": [0,0,0,0,0,0], "tau_ext_hat_filtered": [0.853832,0.447251,0.639936,-0.662736,0.199353,-1.10692,0.0856531], "O_F_ext_hat_K": [-6.02617,-3.11919,-0.886654,1.31005,-2.37157,0.837289], "K_F_ext_hat_K": [0.833679,1.61202,-6.59823,1.60412,-1.30841,0.0709065], "O_dP_EE_d": [0,0,0,0,0,0], "O_ddP_O": [0,0,-9.81], "O_T_EE_c": [0.0122489,-0.0062479,-0.999896,0,-0.656192,0.754473,-0.0127528,0,0.754489,0.656293,0.00514173,0,0.512669,0.667751,0.311296,1], "O_dP_EE_c": [0,0,0,0,0,0], "O_ddP_EE_c": [0,0,0,0,0,0], "theta": [-2.77819,-0.816525,-2.3914,-1.5054,-2.86724,2.41002,0.0345577], "dtheta": [0,0,0,0,0,0,0], "current_errors": [], "last_motion_errors": ["cartesian_reflex"], "control_command_success_rate": 0, "robot_mode": "User stopped", "time": 3322486}