{"O_T_EE": [-0.0264637,-0.0277169,-0.999256,0,-0.584938,0.811036,-0.00700502,0,0.810642,0.584329,-0.0376764,0,0.577111,0.61016,0.298432,1], "O_T_EE_d": [-0.0264308,-0.0277082,-0.999257,0,-0.58499,0.810998,-0.00701476,0,0.810605,0.584381,-0.0376451,0,0.577033,0.610201,0.298442,1], "F_T_NE": [0.7071,-0.7071,0,0,0.7071,0.7071,0,0,0,0,1,0,0,0,0.1034,1], "NE_T_EE": [1,0,0,0,0,1,0,0,0,0,1,0,0,0,0,1], "F_T_EE": [0.7071,-0.7071,0,0,0.7071,0.7071,0,0,0,0,1,0,0,0,0.1034,1], "EE_T_K": [1,0,0,0,0,1,0,0,0,0,1,0,0,0,0,1], "m_ee": 0.73, "F_x_Cee": [-0.01,0,0.03], "I_ee": [0.001,0,0,0,0.0025,0,0,0,0.0017], "m_load": 0, "F_x_Cload": [0,0,0], "I_load": [0,0,0,0,0,0,0,0,0], "m_total": 0.73, "F_x_Ctotal": [-0.01,0,0.03], "I_total": [0.001,0,0,0,0.0025,0,0,0,0.0017], "elbow": [0.792764,-1], "elbow_d": [0.792831,-1], "elbow_c": [0.792831,-1], "delbow_c": [0,0], "ddelbow_c": [0,0], "tau_J": [0.524849,-42.7935,15.9448,16.416,0.167057,-2.05751,-0.00986788], "tau_J_d": [0,0,0,0,0,0,0], "dtau_J": [-34.848,8.90228,160.33,-67.403,-7.52295,-10.1223,-77.9129], "q": [0.224834,0.852116,0.792764,-1.50571,-2.86047,2.44061,-0.00740995], "dq": [-0.000142529,0.000140512,-0.00171381,0.000255437,-0.00893768,0.000507745,0.000196243], "q_d": [0.224857,0.852052,0.792831,-1.50587,-2.86047,2.44049,-0.00741806], "dq_d": [0,0,0,0,0,0,0], "ddq_d": [0,0,0,0,0,0,0], "joint_contact": [0,0,0,0,0,0,0], "cartesian_contact": [0,0,0,0,0,0], "joint_collision": [0,0,0,0,0,0,0], "cartesian_collision": [0,0,0,0,0,0], "tau_ext_hat_filtered": [0.527851,-0.108928,0.31215,-1.12292,0.0374886,-0.980105,0.0277485], "O_F_ext_hat_K": [-6.93534,-3.92864,-1.3856,1.20321,-2.47081,0.560092], "K_F_ext_hat_K": [1.67703,0.880204,-7.86549,1.41337,-1.47661,0.0615853], "O_dP_EE_d": [0,0,0,0,0,0], "O_ddP_O": [0,0,-9.81], "O_T_EE_c": [-0.0264308,-0.0277082,-0.999257,0,-0.58499,0.810998,-0.00701476,0,0.810605,0.584381,-0.0376451,0,0.577033,0.610201,0.298442,1], "O_dP_EE_c": [0,0,0,0,0,0], "O_ddP_EE_c": [0,0,0,0,0,0], "theta": [0.224872,0.849113,0.793883,-1.50456,-2.86045,2.44038,-0.00741105], "dtheta": [0,0,0,0,-0.0376203,0,0], "current_errors": [], "last_motion_errors": ["cartesian_reflex"], "control_command_success_rate": 0, "robot_mode": "User stopped", "time": 3540722}