{"O_T_EE": [-0.0377859,-0.0202504,-0.999071,0,-0.486081,0.873903,0.000670795,0,0.873094,0.485664,-0.0428653,0,0.64457,0.535528,0.298297,1], "O_T_EE_d": [-0.0377782,-0.0202634,-0.999071,0,-0.486186,0.873844,0.000660748,0,0.873036,0.485768,-0.0428649,0,0.644455,0.535591,0.298305,1], "F_T_NE": [0.7071,-0.7071,0,0,0.7071,0.7071,0,0,0,0,1,0,0,0,0.1034,1], "NE_T_EE": [1,0,0,0,0,1,0,0,0,0,1,0,0,0,0,1], "F_T_EE": [0.7071,-0.7071,0,0,0.7071,0.7071,0,0,0,0,1,0,0,0,0.1034,1], "EE_T_K": [1,0,0,0,0,1,0,0,0,0,1,0,0,0,0,1], "m_ee": 0.73, "F_x_Cee": [-0.01,0,0.03], "I_ee": [0.001,0,0,0,0.0025,0,0,0,0.0017], "m_load": 0, "F_x_Cload": [0,0,0], "I_load": [0,0,0,0,0,0,0,0,0], "m_total": 0.73, "F_x_Ctotal": [-0.01,0,0.03], "I_total": [0.001,0,0,0,0.0025,0,0,0,0.0017], "elbow": [0.804085,-1], "elbow_d": [0.804179,-1], "elbow_c": [0.804179,-1], "delbow_c": [0,0], "ddelbow_c": [0,0], "tau_J": [0.711312,-42.8292,16.4685,16.1105,0.377628,-1.97786,0.0926712], "tau_J_d": [0,0,0,0,0,0,0], "dtau_J": [-44.7709,60.5338,1.36506,149.088,-1.30997,7.13921,79.7798], "q": [0.0935005,0.851764,0.804085,-1.51377,-2.86059,2.44384,-0.00615581], "dq": [0.000297659,-0.000128235,-0.000394048,-0.00139016,0.00028425,-0.000273676,-0.00335357], "q_d": [0.0935092,0.851635,0.804179,-1.51404,-2.86057,2.44371,-0.00614768], "dq_d": [0,0,0,0,0,0,0], "ddq_d": [0,0,0,0,0,0,0], "joint_contact": [0,0,0,0,0,0,0], "cartesian_contact": [0,0,0,0,0,0], "joint_collision": [0,0,0,0,0,0,0], "cartesian_collision": [0,0,0,0,0,0], "tau_ext_hat_filtered": [0.685145,-0.439163,0.689335,-1.49022,0.233345,-0.920054,0.0412806], "O_F_ext_hat_K": [-9.81387,-4.35722,-0.511956,1.67497,-3.72597,0.733109], "K_F_ext_hat_K": [0.97056,0.962226,-10.6626,1.71068,-1.30312,0.092373], "O_dP_EE_d": [0,0,0,0,0,0], "O_ddP_O": [0,0,-9.81], "O_T_EE_c": [-0.0377782,-0.0202634,-0.999071,0,-0.486186,0.873844,0.000660748,0,0.873036,0.485768,-0.0428649,0,0.644455,0.535591,0.298305,1], "O_dP_EE_c": [0,0,0,0,0,0], "O_ddP_EE_c": [0,0,0,0,0,0], "theta": [0.0935505,0.848758,0.805241,-1.51264,-2.86055,2.44362,-0.00614551], "dtheta": [0,0,0,0,0,0,0], "current_errors": [], "last_motion_errors": ["cartesian_reflex"], "control_command_success_rate": 0, "robot_mode": "User stopped", "time": 3557900}