{"O_T_EE": [-0.0455288,-0.0241452,-0.998662,0,-0.380875,0.924603,-0.00499063,0,0.923504,0.380145,-0.0512934,0,0.702766,0.453969,0.298974,1], "O_T_EE_d": [-0.0455091,-0.0241495,-0.998662,0,-0.380862,0.924608,-0.00500286,0,0.92351,0.380132,-0.0512767,0,0.702738,0.453973,0.298973,1], "F_T_NE": [0.7071,-0.7071,0,0,0.7071,0.7071,0,0,0,0,1,0,0,0,0.1034,1], "NE_T_EE": [1,0,0,0,0,1,0,0,0,0,1,0,0,0,0,1], "F_T_EE": [0.7071,-0.7071,0,0,0.7071,0.7071,0,0,0,0,1,0,0,0,0.1034,1], "EE_T_K": [1,0,0,0,0,1,0,0,0,0,1,0,0,0,0,1], "m_ee": 0.73, "F_x_Cee": [-0.01,0,0.03], "I_ee": [0.001,0,0,0,0.0025,0,0,0,0.0017], "m_load": 0, "F_x_Cload": [0,0,0], "I_load": [0,0,0,0,0,0,0,0,0], "m_total": 0.73, "F_x_Ctotal": [-0.01,0,0.03], "I_total": [0.001,0,0,0,0.0025,0,0,0,0.0017], "elbow": [0.831474,-1], "elbow_d": [0.831495,-1], "elbow_c": [0.831495,-1], "delbow_c": [0,0], "ddelbow_c": [0,0], "tau_J": [0.112252,-42.4523,16.5439,15.6503,0.514957,-1.94765,0.0615432], "tau_J_d": [0,0,0,0,0,0,0], "dtau_J": [-101.819,-35.8432,-52.0948,-72.7842,18.2303,-4.24671,-14.3103], "q": [-0.0479001,0.860359,0.831474,-1.51893,-2.85769,2.44902,-0.0357917], "dq": [0.000733483,0.000500451,0.00165046,0.000365742,-0.00547429,0.000329588,0.00141555], "q_d": [-0.047919,0.860299,0.831495,-1.51906,-2.85768,2.44892,-0.0357803], "dq_d": [0,0,0,0,0,0,0], "ddq_d": [0,0,0,0,0,0,0], "joint_contact": [0,0,0,0,0,0,0], "cartesian_contact": [0,0,0,0,0,0], "joint_collision": [0,0,0,0,0,0,0], "cartesian_collision": [0,0,0,0,0,0], "tau_ext_hat_filtered": [0.175347,-0.423498,0.288115,-1.52222,0.319512,-0.934798,0.0922198], "O_F_ext_hat_K": [-10.7132,-4.13147,-0.444207,1.52423,-4.01672,0.195743], "K_F_ext_hat_K": [1.03115,0.262624,-11.4414,1.76673,-1.21923,0.115619], "O_dP_EE_d": [0,0,0,0,0,0], "O_ddP_O": [0,0,-9.81], "O_T_EE_c": [-0.0455091,-0.0241495,-0.998662,0,-0.380862,0.924608,-0.00500286,0,0.92351,0.380132,-0.0512767,0,0.702738,0.453973,0.298973,1], "O_dP_EE_c": [0,0,0,0,0,0], "O_ddP_EE_c": [0,0,0,0,0,0], "theta": [-0.0478922,0.85738,0.832635,-1.51783,-2.85763,2.4488,-0.0357849], "dtheta": [0,0,0,0,0,0,0], "current_errors": [], "last_motion_errors": ["cartesian_reflex"], "control_command_success_rate": 0, "robot_mode": "User stopped", "time": 3603889}