{"O_T_EE": [-0.0310377,-0.0140833,-0.999409,0,-0.0920401,0.995683,-0.0111724,0,0.995271,0.0916407,-0.0322006,0,0.803149,0.225741,0.297613,1], "O_T_EE_d": [-0.0309582,-0.014045,-0.999412,0,-0.0920198,0.995685,-0.0111422,0,0.995276,0.0916225,-0.0321177,0,0.803137,0.225763,0.297654,1], "F_T_NE": [0.7071,-0.7071,0,0,0.7071,0.7071,0,0,0,0,1,0,0,0,0.1034,1], "NE_T_EE": [1,0,0,0,0,1,0,0,0,0,1,0,0,0,0,1], "F_T_EE": [0.7071,-0.7071,0,0,0.7071,0.7071,0,0,0,0,1,0,0,0,0.1034,1], "EE_T_K": [1,0,0,0,0,1,0,0,0,0,1,0,0,0,0,1], "m_ee": 0.73, "F_x_Cee": [-0.01,0,0.03], "I_ee": [0.001,0,0,0,0.0025,0,0,0,0.0017], "m_load": 0, "F_x_Cload": [0,0,0], "I_load": [0,0,0,0,0,0,0,0,0], "m_total": 0.73, "F_x_Ctotal": [-0.01,0,0.03], "I_total": [0.001,0,0,0,0.0025,0,0,0,0.0017], "elbow": [0.675189,-1], "elbow_d": [0.675244,-1], "elbow_c": [0.675244,-1], "delbow_c": [0,0], "ddelbow_c": [0,0], "tau_J": [0.600228,-43.698,13.2431,17.7212,0.286076,-2.32851,0.132954], "tau_J_d": [0,0,0,0,0,0,0], "dtau_J": [-90.3101,-48.2606,-156.452,-59.954,-20.4503,-6.15619,102.938], "q": [-0.238647,0.781284,0.675189,-1.52967,-2.85456,2.44992,0.0930409], "dq": [-4.33089e-05,0.000805678,0.0015751,0.000758871,5.81528e-05,0.000114709,-0.00254077], "q_d": [-0.238656,0.781225,0.675244,-1.52974,-2.85454,2.44981,0.0930499], "dq_d": [0,0,0,0,0,0,0], "ddq_d": [0,0,0,0,0,0,0], "joint_contact": [0,0,0,0,0,0,0], "cartesian_contact": [0,0,0,0,0,0], "joint_collision": [0,0,0,0,0,0,0], "cartesian_collision": [0,0,0,0,0,0], "tau_ext_hat_filtered": [0.606191,-0.504726,0.503991,-0.866387,0.237984,-1.12158,0.0824505], "O_F_ext_hat_K": [-8.19686,0.442421,-0.853508,-0.157985,-3.24603,0.603026], "K_F_ext_hat_K": [1.10121,1.20451,-8.09007,1.61758,-1.48307,0.080447], "O_dP_EE_d": [0,0,0,0,0,0], "O_ddP_O": [0,0,-9.81], "O_T_EE_c": [-0.0309582,-0.014045,-0.999412,0,-0.0920198,0.995685,-0.0111422,0,0.995276,0.0916225,-0.0321177,0,0.803137,0.225763,0.297654,1], "O_dP_EE_c": [0,0,0,0,0,0], "O_ddP_EE_c": [0,0,0,0,0,0], "theta": [-0.238604,0.778217,0.676118,-1.52843,-2.85453,2.44966,0.0930551], "dtheta": [0,0,0,0,0,0,0], "current_errors": [], "last_motion_errors": ["cartesian_reflex"], "control_command_success_rate": 0, "robot_mode": "User stopped", "time": 3879699}