{"O_T_EE": [-0.0357579,-0.00944519,-0.999306,0,-0.0346332,0.999357,-0.0082064,0,0.99876,0.0343164,-0.0360627,0,0.815247,0.176944,0.297315,1], "O_T_EE_d": [-0.035749,-0.00941577,-0.999307,0,-0.0346748,0.999356,-0.00817578,0,0.998759,0.0343592,-0.0360532,0,0.815203,0.176997,0.297331,1], "F_T_NE": [0.7071,-0.7071,0,0,0.7071,0.7071,0,0,0,0,1,0,0,0,0.1034,1], "NE_T_EE": [1,0,0,0,0,1,0,0,0,0,1,0,0,0,0,1], "F_T_EE": [0.7071,-0.7071,0,0,0.7071,0.7071,0,0,0,0,1,0,0,0,0.1034,1], "EE_T_K": [1,0,0,0,0,1,0,0,0,0,1,0,0,0,0,1], "m_ee": 0.73, "F_x_Cee": [-0.01,0,0.03], "I_ee": [0.001,0,0,0,0.0025,0,0,0,0.0017], "m_load": 0, "F_x_Cload": [0,0,0], "I_load": [0,0,0,0,0,0,0,0,0], "m_total": 0.73, "F_x_Ctotal": [-0.01,0,0.03], "I_total": [0.001,0,0,0,0.0025,0,0,0,0.0017], "elbow": [0.67689,-1], "elbow_d": [0.676958,-1], "elbow_c": [0.676958,-1], "delbow_c": [0,0], "ddelbow_c": [0,0], "tau_J": [0.263009,-43.2815,12.9813,17.4118,0.286076,-2.23787,0.132954], "tau_J_d": [0,0,0,0,0,0,0], "dtau_J": [-23.6493,-63.1984,-91.7413,72.0859,-4.76554,4.47236,14.5175], "q": [-0.300816,0.7822,0.67689,-1.52792,-2.85479,2.4564,0.0943251], "dq": [-0.000488078,0.00136252,0.00159178,-0.000650514,0.000330788,-2.00046e-05,-0.00149703], "q_d": [-0.300829,0.782096,0.676958,-1.5281,-2.85476,2.45631,0.0943501], "dq_d": [0,0,0,0,0,0,0], "ddq_d": [0,0,0,0,0,0,0], "joint_contact": [0,0,0,0,0,0,0], "cartesian_contact": [0,0,0,0,0,0], "joint_collision": [0,0,0,0,0,0,0], "cartesian_collision": [0,0,0,0,0,0], "tau_ext_hat_filtered": [0.211422,-0.0924866,0.165539,-1.20377,0.227301,-1.0418,0.130602], "O_F_ext_hat_K": [-8.91979,0.134234,-1.48756,-0.141828,-3.05562,0.241403], "K_F_ext_hat_K": [1.80425,0.455285,-8.85048,1.45484,-1.60912,0.157789], "O_dP_EE_d": [0,0,0,0,0,0], "O_ddP_O": [0,0,-9.81], "O_T_EE_c": [-0.035749,-0.00941577,-0.999307,0,-0.0346748,0.999356,-0.00817578,0,0.998759,0.0343592,-0.0360532,0,0.815203,0.176997,0.297331,1], "O_dP_EE_c": [0,0,0,0,0,0], "O_ddP_EE_c": [0,0,0,0,0,0], "theta": [-0.300798,0.779163,0.677802,-1.5267,-2.85476,2.45615,0.0943398], "dtheta": [0,0,0,0,0,0,0], "current_errors": [], "last_motion_errors": ["cartesian_reflex"], "control_command_success_rate": 0, "robot_mode": "User stopped", "time": 3890239}