{"O_T_EE": [-0.0455591,-0.000553469,-0.998952,0,0.19755,0.980237,-0.00955274,0,0.979233,-0.197782,-0.0445503,0,0.833633,-0.0225241,0.296886,1], "O_T_EE_d": [-0.045486,-0.000565713,-0.998955,0,0.197573,0.980232,-0.00955133,0,0.979232,-0.197805,-0.0444759,0,0.833629,-0.0225174,0.296935,1], "F_T_NE": [0.7071,-0.7071,0,0,0.7071,0.7071,0,0,0,0,1,0,0,0,0.1034,1], "NE_T_EE": [1,0,0,0,0,1,0,0,0,0,1,0,0,0,0,1], "F_T_EE": [0.7071,-0.7071,0,0,0.7071,0.7071,0,0,0,0,1,0,0,0,0.1034,1], "EE_T_K": [1,0,0,0,0,1,0,0,0,0,1,0,0,0,0,1], "m_ee": 0.73, "F_x_Cee": [-0.01,0,0.03], "I_ee": [0.001,0,0,0,0.0025,0,0,0,0.0017], "m_load": 0, "F_x_Cload": [0,0,0], "I_load": [0,0,0,0,0,0,0,0,0], "m_total": 0.73, "F_x_Ctotal": [-0.01,0,0.03], "I_total": [0.001,0,0,0,0.0025,0,0,0,0.0017], "elbow": [0.671573,-1], "elbow_d": [0.671593,-1], "elbow_c": [0.671593,-1], "delbow_c": [0,0], "ddelbow_c": [0,0], "tau_J": [0.747017,-43.583,13.3939,17.3761,0.295231,-2.10786,0.112813], "tau_J_d": [0,0,0,0,0,0,0], "dtau_J": [112.243,-58.3863,-6.18732,-4.41144,8.4167,6.93417,55.2432], "q": [-0.5394,0.779662,0.671573,-1.5242,-2.85481,2.47305,0.0963453], "dq": [-0.000411192,0.000588452,0.000285302,-0.0059004,-0.000360261,-0.000262514,-0.00230688], "q_d": [-0.539407,0.779581,0.671593,-1.52425,-2.85478,2.473,0.0963486], "dq_d": [0,0,0,0,0,0,0], "ddq_d": [0,0,0,0,0,0,0], "joint_contact": [0,0,0,0,0,0,0], "cartesian_contact": [0,0,0,0,0,0], "joint_collision": [0,0,0,0,0,0,0], "cartesian_collision": [0,0,0,0,0,0], "tau_ext_hat_filtered": [0.661472,-0.347759,0.642048,-1.28613,0.196814,-0.93373,0.0819756], "O_F_ext_hat_K": [-9.11908,2.85276,-0.993871,-1.06738,-3.40603,0.713779], "K_F_ext_hat_K": [1.40673,1.00442,-9.44965,1.46936,-1.53117,0.129273], "O_dP_EE_d": [0,0,0,0,0,0], "O_ddP_O": [0,0,-9.81], "O_T_EE_c": [-0.045486,-0.000565713,-0.998955,0,0.197573,0.980232,-0.00955133,0,0.979232,-0.197805,-0.0444759,0,0.833629,-0.0225174,0.296935,1], "O_dP_EE_c": [0,0,0,0,0,0], "O_ddP_EE_c": [0,0,0,0,0,0], "theta": [-0.539348,0.776603,0.672513,-1.52298,-2.85478,2.47282,0.096358], "dtheta": [0,0,0,-0.0251949,0,0,0], "current_errors": [], "last_motion_errors": ["cartesian_reflex"], "control_command_success_rate": 0, "robot_mode": "User stopped", "time": 3955822}