{"O_T_EE": [-0.0321624,0.019614,-0.999281,0,0.468561,0.883417,0.00225899,0,0.882843,-0.46816,-0.0376039,0,0.79053,-0.269716,0.309456,1], "O_T_EE_d": [-0.0321356,0.0196145,-0.999281,0,0.468582,0.883406,0.00227105,0,0.882833,-0.468181,-0.0375805,0,0.790527,-0.269714,0.309457,1], "F_T_NE": [0.7071,-0.7071,0,0,0.7071,0.7071,0,0,0,0,1,0,0,0,0.1034,1], "NE_T_EE": [1,0,0,0,0,1,0,0,0,0,1,0,0,0,0,1], "F_T_EE": [0.7071,-0.7071,0,0,0.7071,0.7071,0,0,0,0,1,0,0,0,0.1034,1], "EE_T_K": [1,0,0,0,0,1,0,0,0,0,1,0,0,0,0,1], "m_ee": 0.73, "F_x_Cee": [-0.01,0,0.03], "I_ee": [0.001,0,0,0,0.0025,0,0,0,0.0017], "m_load": 0, "F_x_Cload": [0,0,0], "I_load": [0,0,0,0,0,0,0,0,0], "m_total": 0.73, "F_x_Ctotal": [-0.01,0,0.03], "I_total": [0.001,0,0,0,0.0025,0,0,0,0.0017], "elbow": [-2.43856,-1], "elbow_d": [-2.43856,-1], "elbow_c": [-2.43856,-1], "delbow_c": [0,0], "ddelbow_c": [0,0], "tau_J": [0.298714,42.7888,13.1677,17.4118,0.304386,-2.14815,0.143025], "tau_J_d": [0,0,0,0,0,0,0], "dtau_J": [-54.1799,-122.639,1.66196,-92.3564,30.6233,-33.1142,67.3557], "q": [2.27621,-0.778509,-2.43856,-1.514,-2.86749,2.49348,0.0955703], "dq": [0.000560842,0.000625028,-0.00363301,0.000483931,-0.000461904,0.00035624,-0.00450462], "q_d": [2.27621,-0.778497,-2.43856,-1.51403,-2.86748,2.49343,0.0955853], "dq_d": [0,0,0,0,0,0,0], "ddq_d": [0,0,0,0,0,0,0], "joint_contact": [0,0,0,0,0,0,0], "cartesian_contact": [0,0,0,0,0,0], "joint_collision": [0,0,0,0,0,0,0], "cartesian_collision": [0,0,0,0,0,0], "tau_ext_hat_filtered": [0.368294,-0.109376,0.0589841,-1.17449,0.17687,-0.962697,0.0945047], "O_F_ext_hat_K": [-6.30303,4.42431,-1.9127,-1.5545,-1.82722,0.357647], "K_F_ext_hat_K": [2.20086,0.950858,-7.56394,1.43416,-1.55876,0.0852115], "O_dP_EE_d": [0,0,0,0,0,0], "O_ddP_O": [0,0,-9.81], "O_T_EE_c": [-0.0321356,0.0196145,-0.999281,0,0.468582,0.883406,0.00227105,0,0.882833,-0.468181,-0.0375805,0,0.790527,-0.269714,0.309457,1], "O_dP_EE_c": [0,0,0,0,0,0], "O_ddP_EE_c": [0,0,0,0,0,0], "theta": [2.27624,-0.775507,-2.43764,-1.51277,-2.86746,2.49325,0.0955862], "dtheta": [0,0,0,0,0,0,0], "current_errors": [], "last_motion_errors": ["cartesian_reflex"], "control_command_success_rate": 0, "robot_mode": "User stopped", "time": 4252636}