{"O_T_EE": [-0.0439731,-0.00936884,-0.998979,0,0.363241,0.931357,-0.0247238,0,0.930656,-0.363964,-0.0375522,0,0.816774,-0.172328,0.309348,1], "O_T_EE_d": [-0.0439585,-0.00940469,-0.998979,0,0.363232,0.931359,-0.0247515,0,0.93066,-0.363957,-0.0375258,0,0.816761,-0.172302,0.309361,1], "F_T_NE": [0.7071,-0.7071,0,0,0.7071,0.7071,0,0,0,0,1,0,0,0,0.1034,1], "NE_T_EE": [1,0,0,0,0,1,0,0,0,0,1,0,0,0,0,1], "F_T_EE": [0.7071,-0.7071,0,0,0.7071,0.7071,0,0,0,0,1,0,0,0,0.1034,1], "EE_T_K": [1,0,0,0,0,1,0,0,0,0,1,0,0,0,0,1], "m_ee": 0.73, "F_x_Cee": [-0.01,0,0.03], "I_ee": [0.001,0,0,0,0.0025,0,0,0,0.0017], "m_load": 0, "F_x_Cload": [0,0,0], "I_load": [0,0,0,0,0,0,0,0,0], "m_total": 0.73, "F_x_Ctotal": [-0.01,0,0.03], "I_total": [0.001,0,0,0,0.0025,0,0,0,0.0017], "elbow": [-2.38748,-1], "elbow_d": [-2.38746,-1], "elbow_c": [-2.38746,-1], "delbow_c": [0,0], "ddelbow_c": [0,0], "tau_J": [0.0765462,43.0149,14.2548,16.7612,0.551579,-2.03737,-0.00986788], "tau_J_d": [0,0,0,0,0,0,0], "dtau_J": [-137.45,-18.5914,-116.143,6.26118,7.98926,-39.0078,-4.60213], "q": [2.36031,-0.79922,-2.38748,-1.52142,-2.86725,2.47785,0.0284179], "dq": [0.000853202,-0.00147469,-0.000132645,0.0046103,-6.19764e-05,0.000821904,0.000719348], "q_d": [2.36031,-0.799147,-2.38746,-1.52152,-2.86724,2.47778,0.0284177], "dq_d": [0,0,0,0,0,0,0], "ddq_d": [0,0,0,0,0,0,0], "joint_contact": [0,0,0,0,0,0,0], "cartesian_contact": [0,0,0,0,0,0], "joint_collision": [0,0,0,0,0,0,0], "cartesian_collision": [0,0,0,0,0,0], "tau_ext_hat_filtered": [0.127247,0.441978,0.00570264,-1.52736,0.408744,-0.874134,0.00378757], "O_F_ext_hat_K": [-10.2154,4.58311,-0.565466,-1.82321,-3.69591,0.0878498], "K_F_ext_hat_K": [0.971169,0.57187,-11.1538,1.92466,-1.06509,-0.0337296], "O_dP_EE_d": [0,0,0,0,0,0], "O_ddP_O": [0,0,-9.81], "O_T_EE_c": [-0.0439585,-0.00940469,-0.998979,0,0.363232,0.931359,-0.0247515,0,0.93066,-0.363957,-0.0375258,0,0.816761,-0.172302,0.309361,1], "O_dP_EE_c": [0,0,0,0,0,0], "O_ddP_EE_c": [0,0,0,0,0,0], "theta": [2.36032,-0.7962,-2.38648,-1.52024,-2.86719,2.47762,0.028417], "dtheta": [0,0,0,0,0,0,0], "current_errors": [], "last_motion_errors": ["cartesian_reflex"], "control_command_success_rate": 0, "robot_mode": "User stopped", "time": 4229570}