{"O_T_EE": [-0.0292328,0.0376708,-0.998853,0,0.926214,0.376753,-0.012898,0,0.375842,-0.925546,-0.0459057,0,0.433222,-0.722604,0.295438,1], "O_T_EE_d": [-0.0292178,0.0376264,-0.998855,0,0.926224,0.376726,-0.0129021,0,0.375816,-0.925559,-0.0458585,0,0.433226,-0.722598,0.295453,1], "F_T_NE": [0.7071,-0.7071,0,0,0.7071,0.7071,0,0,0,0,1,0,0,0,0.1034,1], "NE_T_EE": [1,0,0,0,0,1,0,0,0,0,1,0,0,0,0,1], "F_T_EE": [0.7071,-0.7071,0,0,0.7071,0.7071,0,0,0,0,1,0,0,0,0.1034,1], "EE_T_K": [1,0,0,0,0,1,0,0,0,0,1,0,0,0,0,1], "m_ee": 0.73, "F_x_Cee": [-0.01,0,0.03], "I_ee": [0.001,0,0,0,0.0025,0,0,0,0.0017], "m_load": 0, "F_x_Cload": [0,0,0], "I_load": [0,0,0,0,0,0,0,0,0], "m_total": 0.73, "F_x_Ctotal": [-0.01,0,0.03], "I_total": [0.001,0,0,0,0.0025,0,0,0,0.0017], "elbow": [0.780977,-1], "elbow_d": [0.780994,-1], "elbow_c": [0.780994,-1], "delbow_c": [0,0], "ddelbow_c": [0,0], "tau_J": [0.524849,-43.1307,15.4172,16.4954,0.286076,-2.09779,0.02126], "tau_J_d": [0,0,0,0,0,0,0], "dtau_J": [9.89151,3.67601,-102.283,185.774,14.0195,-13.9641,-65.2421], "q": [-1.61246,0.861453,0.780977,-1.47876,-2.89672,2.48865,0.0134807], "dq": [-0.000429445,0.00046543,0.00090531,-9.67375e-05,-9.70407e-05,-0.000137464,0.000468726], "q_d": [-1.61246,0.861424,0.780994,-1.47881,-2.89671,2.48857,0.0134764], "dq_d": [0,0,0,0,0,0,0], "ddq_d": [0,0,0,0,0,0,0], "joint_contact": [0,0,0,0,0,0,0], "cartesian_contact": [0,0,0,0,0,0], "joint_collision": [0,0,0,0,0,0,0], "cartesian_collision": [0,0,0,0,0,0], "tau_ext_hat_filtered": [0.509947,0.0798748,0.0640491,-1.15809,0.0993521,-1.00788,0.0270923], "O_F_ext_hat_K": [-1.70362,7.6071,-1.72801,-2.42875,-0.266389,0.491922], "K_F_ext_hat_K": [2.06244,1.31039,-7.60169,1.59333,-1.49705,0.00833156], "O_dP_EE_d": [0,0,0,0,0,0], "O_ddP_O": [0,0,-9.81], "O_T_EE_c": [-0.0292178,0.0376264,-0.998855,0,0.926224,0.376726,-0.0129021,0,0.375816,-0.925559,-0.0458585,0,0.433226,-0.722598,0.295453,1], "O_dP_EE_c": [0,0,0,0,0,0], "O_ddP_EE_c": [0,0,0,0,0,0], "theta": [-1.61242,0.858425,0.782059,-1.47761,-2.89669,2.48841,0.0134847], "dtheta": [0,0,0,0,0,0,0], "current_errors": [], "last_motion_errors": ["cartesian_reflex"], "control_command_success_rate": 0, "robot_mode": "User stopped", "time": 4766387}