{"O_T_EE": [-0.0222461,0.047358,-0.998621,0,0.843876,0.536479,0.00664273,0,0.536063,-0.842581,-0.0518998,0,0.553009,-0.631648,0.295868,1], "O_T_EE_d": [-0.0222351,0.0473233,-0.998622,0,0.843882,0.53647,0.00663291,0,0.536056,-0.842588,-0.0518648,0,0.553019,-0.631628,0.295871,1], "F_T_NE": [0.7071,-0.7071,0,0,0.7071,0.7071,0,0,0,0,1,0,0,0,0.1034,1], "NE_T_EE": [1,0,0,0,0,1,0,0,0,0,1,0,0,0,0,1], "F_T_EE": [0.7071,-0.7071,0,0,0.7071,0.7071,0,0,0,0,1,0,0,0,0.1034,1], "EE_T_K": [1,0,0,0,0,1,0,0,0,0,1,0,0,0,0,1], "m_ee": 0.73, "F_x_Cee": [-0.01,0,0.03], "I_ee": [0.001,0,0,0,0.0025,0,0,0,0.0017], "m_load": 0, "F_x_Cload": [0,0,0], "I_load": [0,0,0,0,0,0,0,0,0], "m_total": 0.73, "F_x_Ctotal": [-0.01,0,0.03], "I_total": [0.001,0,0,0,0.0025,0,0,0,0.0017], "elbow": [0.693546,-1], "elbow_d": [0.693562,-1], "elbow_c": [0.693562,-1], "delbow_c": [0,0], "ddelbow_c": [0,0], "tau_J": [0.449471,-44.0749,13.6954,17.2214,0.148747,-1.98793,0.184224], "tau_J_d": [0,0,0,0,0,0,0], "dtau_J": [114.626,-169.091,77.9829,51.1714,34.9451,18.0762,42.2184], "q": [-1.37627,0.810095,0.693546,-1.48724,-2.87763,2.50622,0.0985137], "dq": [-0.00102812,0.000926415,-0.000591248,0.000104113,-0.000299076,-0.000270232,0.0003643], "q_d": [-1.37627,0.810063,0.693562,-1.48732,-2.87762,2.50613,0.0985127], "dq_d": [0,0,0,0,0,0,0], "ddq_d": [0,0,0,0,0,0,0], "joint_contact": [0,0,0,0,0,0,0], "cartesian_contact": [0,0,0,0,0,0], "joint_collision": [0,0,0,0,0,0,0], "cartesian_collision": [0,0,0,0,0,0], "tau_ext_hat_filtered": [0.414231,-0.362226,0.331763,-1.26258,-0.00818127,-0.857872,0.169755], "O_F_ext_hat_K": [-5.10183,8.48831,-1.25671,-3.16006,-1.85727,0.404098], "K_F_ext_hat_K": [1.7705,0.240138,-9.82177,1.04868,-1.78385,0.160778], "O_dP_EE_d": [0,0,0,0,0,0], "O_ddP_O": [0,0,-9.81], "O_T_EE_c": [-0.0222351,0.0473233,-0.998622,0,0.843882,0.53647,0.00663291,0,0.536056,-0.842588,-0.0518648,0,0.553019,-0.631628,0.295871,1], "O_dP_EE_c": [0,0,0,0,0,0], "O_ddP_EE_c": [0,0,0,0,0,0], "theta": [-1.37624,0.807002,0.694507,-1.48603,-2.87761,2.506,0.0985343], "dtheta": [0,0,0,0,0,0,0], "current_errors": [], "last_motion_errors": ["cartesian_reflex"], "control_command_success_rate": 0, "robot_mode": "User stopped", "time": 4655927}