{"O_T_EE": [-0.0262313,0.0498122,-0.998404,0,0.899064,0.437791,-0.00177916,0,0.437012,-0.897694,-0.0562693,0,0.474755,-0.694639,0.295956,1], "O_T_EE_d": [-0.0262235,0.0498067,-0.998405,0,0.899077,0.437766,-0.00177609,0,0.436987,-0.897706,-0.0562609,0,0.474754,-0.694621,0.295954,1], "F_T_NE": [0.7071,-0.7071,0,0,0.7071,0.7071,0,0,0,0,1,0,0,0,0.1034,1], "NE_T_EE": [1,0,0,0,0,1,0,0,0,0,1,0,0,0,0,1], "F_T_EE": [0.7071,-0.7071,0,0,0.7071,0.7071,0,0,0,0,1,0,0,0,0.1034,1], "EE_T_K": [1,0,0,0,0,1,0,0,0,0,1,0,0,0,0,1], "m_ee": 0.73, "F_x_Cee": [-0.01,0,0.03], "I_ee": [0.001,0,0,0,0.0025,0,0,0,0.0017], "m_load": 0, "F_x_Cload": [0,0,0], "I_load": [0,0,0,0,0,0,0,0,0], "m_total": 0.73, "F_x_Ctotal": [-0.01,0,0.03], "I_total": [0.001,0,0,0,0.0025,0,0,0,0.0017], "elbow": [0.786769,-1], "elbow_d": [0.786795,-1], "elbow_c": [0.786795,-1], "delbow_c": [0,0], "ddelbow_c": [0,0], "tau_J": [0.600228,-43.5076,16.2067,16.2653,0.25861,-1.92751,0.0111892], "tau_J_d": [0,0,0,0,0,0,0], "dtau_J": [-42.3794,-30.5485,-28.602,41.643,27.5349,44.2804,1.33299], "q": [-1.56003,0.859844,0.786769,-1.47871,-2.89414,2.50615,0.0186654], "dq": [0.000387194,-0.000374991,0.000241718,-0.000503172,-0.000530785,-0.000909277,0.0012153], "q_d": [-1.56006,0.859806,0.786795,-1.47881,-2.89411,2.50606,0.0186593], "dq_d": [0,0,0,0,0,0,0], "ddq_d": [0,0,0,0,0,0,0], "joint_contact": [0,0,0,0,0,0,0], "cartesian_contact": [0,0,0,0,0,0], "joint_collision": [0,0,0,0,0,0,0], "cartesian_collision": [0,0,0,0,0,0], "tau_ext_hat_filtered": [0.607608,-0.455789,0.744554,-1.31582,0.0209868,-0.891818,0.027559], "O_F_ext_hat_K": [-3.59636,9.6432,-0.800609,-3.72752,-1.42826,0.691412], "K_F_ext_hat_K": [1.37404,0.989794,-10.1832,1.3868,-1.60873,0.121213], "O_dP_EE_d": [0,0,0,0,0,0], "O_ddP_O": [0,0,-9.81], "O_T_EE_c": [-0.0262235,0.0498067,-0.998405,0,0.899077,0.437766,-0.00177609,0,0.436987,-0.897706,-0.0562609,0,0.474754,-0.694621,0.295954,1], "O_dP_EE_c": [0,0,0,0,0,0], "O_ddP_EE_c": [0,0,0,0,0,0], "theta": [-1.55999,0.856792,0.787907,-1.47757,-2.89411,2.50594,0.0186666], "dtheta": [0,0,0,0,0,0,0], "current_errors": [], "last_motion_errors": ["cartesian_reflex"], "control_command_success_rate": 0, "robot_mode": "User stopped", "time": 4751435}