{"O_T_EE": [0.00980578,-0.0300307,-0.999491,0,0.986924,0.161054,0.00484344,0,0.16083,-0.986488,0.0312179,0,0.25521,-0.806144,0.305506,1], "O_T_EE_d": [0.00990019,-0.0300328,-0.99949,0,0.986929,0.161022,0.00493736,0,0.160795,-0.986494,0.031235,0,0.255203,-0.806134,0.30551,1], "F_T_NE": [0.7071,-0.7071,0,0,0.7071,0.7071,0,0,0,0,1,0,0,0,0.1034,1], "NE_T_EE": [1,0,0,0,0,1,0,0,0,0,1,0,0,0,0,1], "F_T_EE": [0.7071,-0.7071,0,0,0.7071,0.7071,0,0,0,0,1,0,0,0,0.1034,1], "EE_T_K": [1,0,0,0,0,1,0,0,0,0,1,0,0,0,0,1], "m_ee": 0.73, "F_x_Cee": [-0.01,0,0.03], "I_ee": [0.001,0,0,0,0.0025,0,0,0,0.0017], "m_load": 0, "F_x_Cload": [0,0,0], "I_load": [0,0,0,0,0,0,0,0,0], "m_total": 0.73, "F_x_Ctotal": [-0.01,0,0.03], "I_total": [0.001,0,0,0,0.0025,0,0,0,0.0017], "elbow": [2.7426,-1], "elbow_d": [2.7426,-1], "elbow_c": [2.7426,-1], "delbow_c": [0,0], "ddelbow_c": [0,0], "tau_J": [0.524849,46.4466,-7.22807,19.2169,-0.317257,-2.59859,0.132954], "tau_J_d": [0,0,0,0,0,0,0], "dtau_J": [79.4025,-10.7924,-122.995,3.40546,35.4293,16.8606,30.0571], "q": [2.20415,-0.736378,2.7426,-1.43421,-2.81978,2.57257,0.77895], "dq": [-0.000175285,0.00070578,0.00237926,-0.000548381,-0.00062722,-0.000639027,0.000153104], "q_d": [2.20416,-0.736332,2.7426,-1.43429,-2.81973,2.57252,0.778992], "dq_d": [0,0,0,0,0,0,0], "ddq_d": [0,0,0,0,0,0,0], "joint_contact": [0,0,0,0,0,0,0], "cartesian_contact": [0,0,0,0,0,0], "joint_collision": [0,0,0,0,0,0,0], "cartesian_collision": [0,0,0,0,0,0], "tau_ext_hat_filtered": [0.504327,0.0993496,0.442378,-1.06198,0.315373,-0.896398,0.134941], "O_F_ext_hat_K": [-1.79639,9.08596,-2.0163,-3.1526,-0.561653,0.571396], "K_F_ext_hat_K": [1.72483,-0.319345,-9.31505,0.295316,-2.06251,0.188939], "O_dP_EE_d": [0,0,0,0,0,0], "O_ddP_O": [0,0,-9.81], "O_T_EE_c": [0.00990019,-0.0300328,-0.99949,0,0.986929,0.161022,0.00493736,0,0.160795,-0.986494,0.031235,0,0.255203,-0.806134,0.30551,1], "O_dP_EE_c": [0,0,0,0,0,0], "O_ddP_EE_c": [0,0,0,0,0,0], "theta": [2.20419,-0.733118,2.74209,-1.43286,-2.81982,2.57228,0.778965], "dtheta": [0,0,0,0,0,0,0], "current_errors": [], "last_motion_errors": ["cartesian_reflex"], "control_command_success_rate": 0, "robot_mode": "User stopped", "time": 5102033}