{"O_T_EE": [0.0131917,-0.0412232,-0.999053,0,0.976426,0.215772,0.0039897,0,0.215407,-0.975573,0.0430986,0,0.302109,-0.788428,0.306698,1], "O_T_EE_d": [0.013263,-0.0413916,-0.999045,0,0.976428,0.21576,0.00402358,0,0.215392,-0.975568,0.0432784,0,0.302107,-0.788437,0.306772,1], "F_T_NE": [0.7071,-0.7071,0,0,0.7071,0.7071,0,0,0,0,1,0,0,0,0.1034,1], "NE_T_EE": [1,0,0,0,0,1,0,0,0,0,1,0,0,0,0,1], "F_T_EE": [0.7071,-0.7071,0,0,0.7071,0.7071,0,0,0,0,1,0,0,0,0.1034,1], "EE_T_K": [1,0,0,0,0,1,0,0,0,0,1,0,0,0,0,1], "m_ee": 0.73, "F_x_Cee": [-0.01,0,0.03], "I_ee": [0.001,0,0,0,0.0025,0,0,0,0.0017], "m_load": 0, "F_x_Cload": [0,0,0], "I_load": [0,0,0,0,0,0,0,0,0], "m_total": 0.73, "F_x_Ctotal": [-0.01,0,0.03], "I_total": [0.001,0,0,0,0.0025,0,0,0,0.0017], "elbow": [2.79364,-1], "elbow_d": [2.79363,-1], "elbow_c": [2.79363,-1], "delbow_c": [0,0], "ddelbow_c": [0,0], "tau_J": [0.524849,46.9346,-6.29179,19.7882,-0.42712,-2.79909,0.0926712], "tau_J_d": [0,0,0,0,0,0,0], "dtau_J": [37.4056,-177.065,49.5658,-69.6107,-31.2301,19.7149,35.9109], "q": [2.22758,-0.719986,2.79364,-1.45059,-2.82025,2.5448,0.743433], "dq": [-0.000298185,0.00163494,-0.000338523,0.00470081,0.000545923,-0.000254329,-0.000479306], "q_d": [2.22759,-0.719921,2.79363,-1.45061,-2.82024,2.54466,0.743441], "dq_d": [0,0,0,0,0,0,0], "ddq_d": [0,0,0,0,0,0,0], "joint_contact": [0,0,0,0,0,0,0], "cartesian_contact": [0,0,0,0,0,0], "joint_collision": [0,0,0,0,0,0,0], "cartesian_collision": [0,0,0,0,0,0], "tau_ext_hat_filtered": [0.484507,0.50612,0.302229,-0.686918,0.198143,-1.06252,0.079108], "O_F_ext_hat_K": [-2.24237,8.45196,-1.49016,-3.38395,-0.812814,0.54892], "K_F_ext_hat_K": [1.11078,-0.371772,-8.79274,0.234069,-2.04544,0.127399], "O_dP_EE_d": [0,0,0,0,0,0], "O_ddP_O": [0,0,-9.81], "O_T_EE_c": [0.013263,-0.0413916,-0.999045,0,0.976428,0.21576,0.00402358,0,0.215392,-0.975568,0.0432784,0,0.302107,-0.788437,0.306772,1], "O_dP_EE_c": [0,0,0,0,0,0], "O_ddP_EE_c": [0,0,0,0,0,0], "theta": [2.22762,-0.716692,2.7932,-1.4492,-2.82029,2.54449,0.743444], "dtheta": [0,0,0,0,0,0,0], "current_errors": [], "last_motion_errors": ["cartesian_reflex"], "control_command_success_rate": 0, "robot_mode": "User stopped", "time": 5089315}