{"O_T_EE": [-0.030756,0.0472869,-0.998398,0,0.944561,0.328025,-0.0135613,0,0.326865,-0.943484,-0.0547552,0,0.38975,-0.747791,0.295214,1], "O_T_EE_d": [-0.0307236,0.047276,-0.9984,0,0.944583,0.327965,-0.0135378,0,0.326806,-0.943505,-0.0547334,0,0.389744,-0.747781,0.295204,1], "F_T_NE": [0.7071,-0.7071,0,0,0.7071,0.7071,0,0,0,0,1,0,0,0,0.1034,1], "NE_T_EE": [1,0,0,0,0,1,0,0,0,0,1,0,0,0,0,1], "F_T_EE": [0.7071,-0.7071,0,0,0.7071,0.7071,0,0,0,0,1,0,0,0,0.1034,1], "EE_T_K": [1,0,0,0,0,1,0,0,0,0,1,0,0,0,0,1], "m_ee": 0.73, "F_x_Cee": [-0.01,0,0.03], "I_ee": [0.001,0,0,0,0.0025,0,0,0,0.0017], "m_load": 0, "F_x_Cload": [0,0,0], "I_load": [0,0,0,0,0,0,0,0,0], "m_total": 0.73, "F_x_Ctotal": [-0.01,0,0.03], "I_total": [0.001,0,0,0,0.0025,0,0,0,0.0017], "elbow": [0.782349,-1], "elbow_d": [0.782363,-1], "elbow_c": [0.782363,-1], "delbow_c": [0,0], "ddelbow_c": [0,0], "tau_J": [0.0368734,-42.98,15.3061,16.301,0.377628,-2.08772,0.0514724], "tau_J_d": [0,0,0,0,0,0,0], "dtau_J": [52.0765,35.9999,-62.5461,30.5988,62.6902,-8.75616,84.8735], "q": [-1.67288,0.865337,0.782349,-1.46884,-2.89551,2.50739,0.00745806], "dq": [0.000558964,-0.000747972,0.00057473,-0.000422463,0.000789056,0.000271951,-0.00206228], "q_d": [-1.6729,0.865317,0.782363,-1.46893,-2.89548,2.50727,0.00747065], "dq_d": [0,0,0,0,0,0,0], "ddq_d": [0,0,0,0,0,0,0], "joint_contact": [0,0,0,0,0,0,0], "cartesian_contact": [0,0,0,0,0,0], "joint_collision": [0,0,0,0,0,0,0], "cartesian_collision": [0,0,0,0,0,0], "tau_ext_hat_filtered": [0.0474935,0.277374,-0.104984,-1.34592,0.123682,-1.02005,0.015542], "O_F_ext_hat_K": [-2.2867,8.6983,-1.96565,-2.63094,-0.437942,0.108595], "K_F_ext_hat_K": [2.4442,0.720004,-8.84651,1.59122,-1.6003,0.0840663], "O_dP_EE_d": [0,0,0,0,0,0], "O_ddP_O": [0,0,-9.81], "O_T_EE_c": [-0.0307236,0.047276,-0.9984,0,0.944583,0.327965,-0.0135378,0,0.326806,-0.943505,-0.0547334,0,0.389744,-0.747781,0.295204,1], "O_dP_EE_c": [0,0,0,0,0,0], "O_ddP_EE_c": [0,0,0,0,0,0], "theta": [-1.67288,0.862321,0.783423,-1.46769,-2.89547,2.50716,0.00746378], "dtheta": [0,0,0,0,0,0,0], "current_errors": [], "last_motion_errors": ["cartesian_reflex"], "control_command_success_rate": 0, "robot_mode": "User stopped", "time": 4783976}