{"O_T_EE": [-0.00705437,0.030667,-0.999495,0,0.980765,-0.194715,-0.0128965,0,-0.195016,-0.98038,-0.028704,0,-0.0443374,-0.851506,0.306483,1], "O_T_EE_d": [-0.00702733,0.0305725,-0.999498,0,0.980771,-0.194688,-0.0128508,0,-0.194987,-0.980388,-0.0286171,0,-0.0442543,-0.851502,0.306519,1], "F_T_NE": [0.7071,-0.7071,0,0,0.7071,0.7071,0,0,0,0,1,0,0,0,0.1034,1], "NE_T_EE": [1,0,0,0,0,1,0,0,0,0,1,0,0,0,0,1], "F_T_EE": [0.7071,-0.7071,0,0,0.7071,0.7071,0,0,0,0,1,0,0,0,0.1034,1], "EE_T_K": [1,0,0,0,0,1,0,0,0,0,1,0,0,0,0,1], "m_ee": 0.73, "F_x_Cee": [-0.01,0,0.03], "I_ee": [0.001,0,0,0,0.0025,0,0,0,0.0017], "m_load": 0, "F_x_Cload": [0,0,0], "I_load": [0,0,0,0,0,0,0,0,0], "m_total": 0.73, "F_x_Ctotal": [-0.01,0,0.03], "I_total": [0.001,0,0,0,0.0025,0,0,0,0.0017], "elbow": [-2.52106,-1], "elbow_d": [-2.52099,-1], "elbow_c": [-2.52099,-1], "delbow_c": [0,0], "ddelbow_c": [0,0], "tau_J": [0.485177,46.1054,12.6084,17.9871,0.313541,-2.27815,0.0514724], "tau_J_d": [0,0,0,0,0,0,0], "dtau_J": [52.4449,104.536,135.342,48.7818,-10.487,-20.9796,-54.3963], "q": [1.06301,-0.813168,-2.52106,-1.41224,-2.88623,2.53913,0.124055], "dq": [-0.000514868,-0.000334585,-0.00013561,-0.000346899,-0.000235078,-0.000173551,4.83614e-05], "q_d": [1.06305,-0.813111,-2.52099,-1.41234,-2.8862,2.53898,0.124051], "dq_d": [0,0,0,0,0,0,0], "ddq_d": [0,0,0,0,0,0,0], "joint_contact": [0,0,0,0,0,0,0], "cartesian_contact": [0,0,0,0,0,0], "joint_collision": [0,0,0,0,0,0,0], "cartesian_collision": [0,0,0,0,0,0], "tau_ext_hat_filtered": [0.546111,0.669856,0.694462,-1.14791,0.184751,-1.04778,0.0770036], "O_F_ext_hat_K": [3.08551,10.8974,-0.867503,-4.36324,1.15791,0.613243], "K_F_ext_hat_K": [1.17951,0.915488,-11.2604,1.55028,-1.75736,0.141778], "O_dP_EE_d": [0,0,0,0,0,0], "O_ddP_O": [0,0,-9.81], "O_T_EE_c": [-0.00702733,0.0305725,-0.999498,0,0.980771,-0.194688,-0.0128508,0,-0.194987,-0.980388,-0.0286171,0,-0.0442543,-0.851502,0.306519,1], "O_dP_EE_c": [0,0,0,0,0,0], "O_ddP_EE_c": [0,0,0,0,0,0], "theta": [1.06304,-0.809932,-2.52018,-1.41098,-2.8862,2.53888,0.124061], "dtheta": [0,0,0,0,0,0,0], "current_errors": [], "last_motion_errors": ["cartesian_reflex"], "control_command_success_rate": 0, "robot_mode": "User stopped", "time": 5356353}