{"O_T_EE": [0.00471384,0.0324478,-0.999453,0,0.996787,-0.0799466,0.00210575,0,-0.079836,-0.996271,-0.0327211,0,0.0552122,-0.848104,0.306834,1], "O_T_EE_d": [0.0047354,0.0324562,-0.999452,0,0.996788,-0.0799421,0.00212673,0,-0.0798308,-0.996271,-0.0327312,0,0.0552222,-0.848094,0.306835,1], "F_T_NE": [0.7071,-0.7071,0,0,0.7071,0.7071,0,0,0,0,1,0,0,0,0.1034,1], "NE_T_EE": [1,0,0,0,0,1,0,0,0,0,1,0,0,0,0,1], "F_T_EE": [0.7071,-0.7071,0,0,0.7071,0.7071,0,0,0,0,1,0,0,0,0.1034,1], "EE_T_K": [1,0,0,0,0,1,0,0,0,0,1,0,0,0,0,1], "m_ee": 0.73, "F_x_Cee": [-0.01,0,0.03], "I_ee": [0.001,0,0,0,0.0025,0,0,0,0.0017], "m_load": 0, "F_x_Cload": [0,0,0], "I_load": [0,0,0,0,0,0,0,0,0], "m_total": 0.73, "F_x_Ctotal": [-0.01,0,0.03], "I_total": [0.001,0,0,0,0.0025,0,0,0,0.0017], "elbow": [-2.47468,-1], "elbow_d": [-2.47466,-1], "elbow_c": [-2.47466,-1], "delbow_c": [0,0], "ddelbow_c": [0,0], "tau_J": [0.263009,45.427,13.3939,17.4118,0.212833,-1.95772,0.194295], "tau_J_d": [0,0,0,0,0,0,0], "dtau_J": [-27.6012,43.3084,-12.936,8.23453,-8.39143,15.8761,82.1066], "q": [1.14339,-0.819988,-2.47468,-1.42927,-2.88765,2.53133,0.108364], "dq": [0.000878409,-0.000565012,0.000584069,0.00129124,-0.00675344,-0.000390806,-0.00205709], "q_d": [1.14337,-0.819959,-2.47466,-1.42932,-2.88763,2.53131,0.108377], "dq_d": [0,0,0,0,0,0,0], "ddq_d": [0,0,0,0,0,0,0], "joint_contact": [0,0,0,0,0,0,0], "cartesian_contact": [0,0,0,0,0,0], "joint_collision": [0,0,0,0,0,0,0], "cartesian_collision": [0,0,0,0,0,0], "tau_ext_hat_filtered": [0.314406,0.585174,0.609916,-1.40105,0.0656267,-0.761578,0.151013], "O_F_ext_hat_K": [0.939717,12.0338,-0.827926,-4.71287,0.280433,0.389797], "K_F_ext_hat_K": [1.2224,-0.0271088,-12.0369,1.06114,-1.7152,0.22601], "O_dP_EE_d": [0,0,0,0,0,0], "O_ddP_O": [0,0,-9.81], "O_T_EE_c": [0.0047354,0.0324562,-0.999452,0,0.996788,-0.0799421,0.00212673,0,-0.0798308,-0.996271,-0.0327312,0,0.0552222,-0.848094,0.306835,1], "O_dP_EE_c": [0,0,0,0,0,0], "O_ddP_EE_c": [0,0,0,0,0,0], "theta": [1.1434,-0.8168,-2.47374,-1.42804,-2.88762,2.53111,0.108385], "dtheta": [0,0,0,0,0,0,0], "current_errors": [], "last_motion_errors": ["cartesian_reflex"], "control_command_success_rate": 0, "robot_mode": "User stopped", "time": 5314255}