{"O_T_EE": [0.00614644,0.041575,-0.999107,0,0.991596,-0.129297,0.000719881,0,-0.129155,-0.990734,-0.0420212,0,0.00528294,-0.851207,0.306288,1], "O_T_EE_d": [0.00616932,0.0416395,-0.999104,0,0.991606,-0.129216,0.00073771,0,-0.129072,-0.990742,-0.042088,0,0.00537808,-0.85118,0.306239,1], "F_T_NE": [0.7071,-0.7071,0,0,0.7071,0.7071,0,0,0,0,1,0,0,0,0.1034,1], "NE_T_EE": [1,0,0,0,0,1,0,0,0,0,1,0,0,0,0,1], "F_T_EE": [0.7071,-0.7071,0,0,0.7071,0.7071,0,0,0,0,1,0,0,0,0.1034,1], "EE_T_K": [1,0,0,0,0,1,0,0,0,0,1,0,0,0,0,1], "m_ee": 0.73, "F_x_Cee": [-0.01,0,0.03], "I_ee": [0.001,0,0,0,0.0025,0,0,0,0.0017], "m_load": 0, "F_x_Cload": [0,0,0], "I_load": [0,0,0,0,0,0,0,0,0], "m_total": 0.73, "F_x_Ctotal": [-0.01,0,0.03], "I_total": [0.001,0,0,0,0.0025,0,0,0,0.0017], "elbow": [-2.49383,-1], "elbow_d": [-2.49379,-1], "elbow_c": [-2.49379,-1], "delbow_c": [0,0], "ddelbow_c": [0,0], "tau_J": [0.485177,45.2009,12.9456,17.5268,0.221989,-1.99709,0.071614], "tau_J_d": [0,0,0,0,0,0,0], "dtau_J": [-41.4503,39.3089,48.9841,-49.1554,-23.4174,1.95384,-51.6301], "q": [1.09869,-0.818944,-2.49383,-1.41346,-2.8876,2.55633,0.117912], "dq": [0.000226058,-0.000959896,-0.000656688,0.000937962,-0.000906895,-0.000201289,0.0019331], "q_d": [1.09874,-0.818935,-2.49379,-1.41361,-2.88756,2.55625,0.117896], "dq_d": [0,0,0,0,0,0,0], "ddq_d": [0,0,0,0,0,0,0], "joint_contact": [0,0,0,0,0,0,0], "cartesian_contact": [0,0,0,0,0,0], "joint_collision": [0,0,0,0,0,0,0], "cartesian_collision": [0,0,0,0,0,0], "tau_ext_hat_filtered": [0.498894,0.0632198,0.448801,-1.42084,0.0549189,-0.814037,0.122341], "O_F_ext_hat_K": [1.95322,10.1199,-1.72644,-3.44582,0.711247,0.556542], "K_F_ext_hat_K": [2.15768,0.627107,-10.2058,1.15164,-1.81488,0.180327], "O_dP_EE_d": [0,0,0,0,0,0], "O_ddP_O": [0,0,-9.81], "O_T_EE_c": [0.00616932,0.0416395,-0.999104,0,0.991606,-0.129216,0.00073771,0,-0.129072,-0.990742,-0.042088,0,0.00537808,-0.85118,0.306239,1], "O_dP_EE_c": [0,0,0,0,0,0], "O_ddP_EE_c": [0,0,0,0,0,0], "theta": [1.09873,-0.815771,-2.49292,-1.41223,-2.88757,2.55611,0.11792], "dtheta": [0,0,0,0,0,0,0], "current_errors": [], "last_motion_errors": ["cartesian_reflex"], "control_command_success_rate": 0, "robot_mode": "User stopped", "time": 5341303}