{"O_T_EE": [0.010545,0.0276354,-0.999553,0,0.952498,-0.304509,0.00162955,0,-0.304333,-0.952108,-0.0295343,0,-0.144589,-0.842483,0.306225,1], "O_T_EE_d": [0.0105657,0.0275979,-0.999554,0,0.952524,-0.304428,0.00166321,0,-0.304252,-0.952134,-0.0295047,0,-0.1445,-0.842484,0.306253,1], "F_T_NE": [0.7071,-0.7071,0,0,0.7071,0.7071,0,0,0,0,1,0,0,0,0.1034,1], "NE_T_EE": [1,0,0,0,0,1,0,0,0,0,1,0,0,0,0,1], "F_T_EE": [0.7071,-0.7071,0,0,0.7071,0.7071,0,0,0,0,1,0,0,0,0.1034,1], "EE_T_K": [1,0,0,0,0,1,0,0,0,0,1,0,0,0,0,1], "m_ee": 0.73, "F_x_Cee": [-0.01,0,0.03], "I_ee": [0.001,0,0,0,0.0025,0,0,0,0.0017], "m_load": 0, "F_x_Cload": [0,0,0], "I_load": [0,0,0,0,0,0,0,0,0], "m_total": 0.73, "F_x_Ctotal": [-0.01,0,0.03], "I_total": [0.001,0,0,0,0.0025,0,0,0,0.0017], "elbow": [-2.56047,-1], "elbow_d": [-2.56041,-1], "elbow_c": [-2.56041,-1], "delbow_c": [0,0], "ddelbow_c": [0,0], "tau_J": [0.862069,46.1808,12.045,17.9513,0.231144,-2.17744,0.122884], "tau_J_d": [0,0,0,0,0,0,0], "dtau_J": [115.307,17.3456,-13.6399,-78.2299,22.2703,0.0584097,0.607109], "q": [0.975273,-0.808255,-2.56047,-1.39553,-2.88694,2.55459,0.165489], "dq": [-0.000722305,-0.000188862,-3.61795e-05,0.00145148,-0.00459166,-0.000140726,0.000320695], "q_d": [0.975315,-0.808188,-2.56041,-1.39562,-2.88692,2.55454,0.165495], "dq_d": [0,0,0,0,0,0,0], "ddq_d": [0,0,0,0,0,0,0], "joint_contact": [0,0,0,0,0,0,0], "cartesian_contact": [0,0,0,0,0,0], "joint_collision": [0,0,0,0,0,0,0], "cartesian_collision": [0,0,0,0,0,0], "tau_ext_hat_filtered": [0.901614,0.128066,0.89891,-1.48268,0.112392,-0.9176,0.127245], "O_F_ext_hat_K": [4.46333,10.1684,-1.78618,-3.57051,1.53362,1.01059], "K_F_ext_hat_K": [2.1135,1.15204,-10.987,1.26993,-1.99996,0.229996], "O_dP_EE_d": [0,0,0,0,0,0], "O_ddP_O": [0,0,-9.81], "O_T_EE_c": [0.0105657,0.0275979,-0.999554,0,0.952524,-0.304428,0.00166321,0,-0.304252,-0.952134,-0.0295047,0,-0.1445,-0.842484,0.306253,1], "O_dP_EE_c": [0,0,0,0,0,0], "O_ddP_EE_c": [0,0,0,0,0,0], "theta": [0.975334,-0.805014,-2.55963,-1.39427,-2.88691,2.55435,0.165502], "dtheta": [0,0,0,0,0,0,0], "current_errors": [], "last_motion_errors": ["cartesian_reflex"], "control_command_success_rate": 0, "robot_mode": "User stopped", "time": 5379550}