{"O_T_EE": [0.000938095,0.0222456,-0.999742,0,0.900471,-0.434804,-0.00883003,0,-0.434897,-0.900248,-0.0204398,0,-0.243234,-0.821511,0.306349,1], "O_T_EE_d": [0.000883887,0.0221572,-0.999744,0,0.900461,-0.434824,-0.00884084,0,-0.434917,-0.900241,-0.0203364,0,-0.243224,-0.821518,0.306403,1], "F_T_NE": [0.7071,-0.7071,0,0,0.7071,0.7071,0,0,0,0,1,0,0,0,0.1034,1], "NE_T_EE": [1,0,0,0,0,1,0,0,0,0,1,0,0,0,0,1], "F_T_EE": [0.7071,-0.7071,0,0,0.7071,0.7071,0,0,0,0,1,0,0,0,0.1034,1], "EE_T_K": [1,0,0,0,0,1,0,0,0,0,1,0,0,0,0,1], "m_ee": 0.73, "F_x_Cee": [-0.01,0,0.03], "I_ee": [0.001,0,0,0,0.0025,0,0,0,0.0017], "m_load": 0, "F_x_Cload": [0,0,0], "I_load": [0,0,0,0,0,0,0,0,0], "m_total": 0.73, "F_x_Ctotal": [-0.01,0,0.03], "I_total": [0.001,0,0,0,0.0025,0,0,0,0.0017], "elbow": [-2.45861,-1], "elbow_d": [-2.45859,-1], "elbow_c": [-2.45859,-1], "delbow_c": [0,0], "ddelbow_c": [0,0], "tau_J": [0.747017,45.6928,13.8819,17.7212,0.194523,-2.15822,0.0926712], "tau_J_d": [0,0,0,0,0,0,0], "dtau_J": [46.6138,-89.3221,-164.084,-29.36,26.9803,53.7803,25.6757], "q": [0.792051,-0.850952,-2.45861,-1.40004,-2.87885,2.5115,0.0651983], "dq": [-0.000437892,0.00036553,0.00199042,-0.00261421,-0.00022492,-0.000455676,-0.000274796], "q_d": [0.792059,-0.850898,-2.45859,-1.40005,-2.87885,2.51142,0.0651897], "dq_d": [0,0,0,0,0,0,0], "ddq_d": [0,0,0,0,0,0,0], "joint_contact": [0,0,0,0,0,0,0], "cartesian_contact": [0,0,0,0,0,0], "joint_collision": [0,0,0,0,0,0,0], "cartesian_collision": [0,0,0,0,0,0], "tau_ext_hat_filtered": [0.638958,0.407121,0.524809,-0.874154,0.0235504,-0.975536,0.0949385], "O_F_ext_hat_K": [4.43801,7.19876,-1.15659,-2.75778,1.70773,0.655392], "K_F_ext_hat_K": [1.32062,0.876482,-8.38711,1.25177,-1.61588,0.112129], "O_dP_EE_d": [0,0,0,0,0,0], "O_ddP_O": [0,0,-9.81], "O_T_EE_c": [0.000883887,0.0221572,-0.999744,0,0.900461,-0.434824,-0.00884084,0,-0.434917,-0.900241,-0.0203364,0,-0.243224,-0.821518,0.306403,1], "O_dP_EE_c": [0,0,0,0,0,0], "O_ddP_EE_c": [0,0,0,0,0,0], "theta": [0.792103,-0.847745,-2.45764,-1.3988,-2.87883,2.51126,0.0652086], "dtheta": [0,0,0,0,0,0,0], "current_errors": [], "last_motion_errors": ["cartesian_reflex"], "control_command_success_rate": 0, "robot_mode": "User stopped", "time": 5544137}