{"O_T_EE": [0.00648652,0.0392947,-0.999197,0,0.751725,-0.659126,-0.021041,0,-0.659436,-0.751,-0.0338149,0,-0.471904,-0.721012,0.307389,1], "O_T_EE_d": [0.00638588,0.0391417,-0.999204,0,0.751705,-0.659149,-0.0210166,0,-0.65946,-0.750987,-0.0336329,0,-0.471898,-0.721032,0.307497,1], "F_T_NE": [0.7071,-0.7071,0,0,0.7071,0.7071,0,0,0,0,1,0,0,0,0.1034,1], "NE_T_EE": [1,0,0,0,0,1,0,0,0,0,1,0,0,0,0,1], "F_T_EE": [0.7071,-0.7071,0,0,0.7071,0.7071,0,0,0,0,1,0,0,0,0.1034,1], "EE_T_K": [1,0,0,0,0,1,0,0,0,0,1,0,0,0,0,1], "m_ee": 0.73, "F_x_Cee": [-0.01,0,0.03], "I_ee": [0.001,0,0,0,0.0025,0,0,0,0.0017], "m_load": 0, "F_x_Cload": [0,0,0], "I_load": [0,0,0,0,0,0,0,0,0], "m_total": 0.73, "F_x_Ctotal": [-0.01,0,0.03], "I_total": [0.001,0,0,0,0.0025,0,0,0,0.0017], "elbow": [-2.53454,-1], "elbow_d": [-2.53449,-1], "elbow_c": [-2.53449,-1], "delbow_c": [0,0], "ddelbow_c": [0,0], "tau_J": [0.18763,47.125,12.2711,18.6774,0.221989,-2.33766,0.112813], "tau_J_d": [0,0,0,0,0,0,0], "dtau_J": [-15.6959,-132.317,108.609,66.9742,-12.3771,-21.5563,112.849], "q": [0.556867,-0.841177,-2.53454,-1.35206,-2.87726,2.57238,0.101293], "dq": [-0.000722358,0.00144219,-0.000975043,-0.000188146,-0.000126042,0.00308539,-0.00325805], "q_d": [0.556873,-0.841088,-2.53449,-1.35204,-2.87726,2.57229,0.101302], "dq_d": [0,0,0,0,0,0,0], "ddq_d": [0,0,0,0,0,0,0], "joint_contact": [0,0,0,0,0,0,0], "cartesian_contact": [0,0,0,0,0,0], "joint_collision": [0,0,0,0,0,0,0], "cartesian_collision": [0,0,0,0,0,0], "tau_ext_hat_filtered": [0.213701,0.827815,0.49878,-0.584951,0.0273259,-1.10141,0.0448026], "O_F_ext_hat_K": [6.58009,6.85267,-0.730838,-2.96321,2.78788,0.288572], "K_F_ext_hat_K": [1.04223,0.445033,-9.46079,1.25562,-1.74627,0.120096], "O_dP_EE_d": [0,0,0,0,0,0], "O_ddP_O": [0,0,-9.81], "O_T_EE_c": [0.00638588,0.0391417,-0.999204,0,0.751705,-0.659149,-0.0210166,0,-0.65946,-0.750987,-0.0336329,0,-0.471898,-0.721032,0.307497,1], "O_dP_EE_c": [0,0,0,0,0,0], "O_ddP_EE_c": [0,0,0,0,0,0], "theta": [0.55688,-0.83787,-2.53368,-1.35075,-2.87724,2.57212,0.101305], "dtheta": [0,0,0,0,0,0,0], "current_errors": [], "last_motion_errors": ["cartesian_reflex"], "control_command_success_rate": 0, "robot_mode": "User stopped", "time": 5639298}