{"O_T_EE": [0.000911657,0.0541107,-0.998525,0,0.85883,-0.511534,-0.0269362,0,-0.512247,-0.857555,-0.0469391,0,-0.337718,-0.789645,0.306679,1], "O_T_EE_d": [0.00091189,0.0541047,-0.998525,0,0.858837,-0.511522,-0.0269323,0,-0.512235,-0.857562,-0.0469345,0,-0.337684,-0.789652,0.306662,1], "F_T_NE": [0.7071,-0.7071,0,0,0.7071,0.7071,0,0,0,0,1,0,0,0,0.1034,1], "NE_T_EE": [1,0,0,0,0,1,0,0,0,0,1,0,0,0,0,1], "F_T_EE": [0.7071,-0.7071,0,0,0.7071,0.7071,0,0,0,0,1,0,0,0,0.1034,1], "EE_T_K": [1,0,0,0,0,1,0,0,0,0,1,0,0,0,0,1], "m_ee": 0.73, "F_x_Cee": [-0.01,0,0.03], "I_ee": [0.001,0,0,0,0.0025,0,0,0,0.0017], "m_load": 0, "F_x_Cload": [0,0,0], "I_load": [0,0,0,0,0,0,0,0,0], "m_total": 0.73, "F_x_Ctotal": [-0.01,0,0.03], "I_total": [0.001,0,0,0,0.0025,0,0,0,0.0017], "elbow": [-2.50307,-1], "elbow_d": [-2.50306,-1], "elbow_c": [-2.50306,-1], "delbow_c": [0,0], "ddelbow_c": [0,0], "tau_J": [0.18763,45.9943,12.6084,17.5665,0.331852,-1.90736,0.132954], "tau_J_d": [0,0,0,0,0,0,0], "dtau_J": [4.36428,59.9681,-65.3049,-86.4238,0.980171,7.30373,42.2772], "q": [0.705497,-0.843433,-2.50307,-1.36353,-2.87776,2.58273,0.073856], "dq": [0.000398813,-0.000249574,0.000807654,0.000908176,0.000219304,-0.000226516,-0.000816132], "q_d": [0.705518,-0.843433,-2.50306,-1.36359,-2.87776,2.58266,0.0738572], "dq_d": [0,0,0,0,0,0,0], "ddq_d": [0,0,0,0,0,0,0], "joint_contact": [0,0,0,0,0,0,0], "cartesian_contact": [0,0,0,0,0,0], "joint_collision": [0,0,0,0,0,0,0], "cartesian_collision": [0,0,0,0,0,0], "tau_ext_hat_filtered": [0.212418,-0.0106396,0.220447,-1.4089,0.0966772,-0.754924,0.113428], "O_F_ext_hat_K": [5.68958,8.98518,-1.6588,-2.9596,1.9508,0.27061], "K_F_ext_hat_K": [2.14778,0.334846,-10.5419,1.22601,-1.6602,0.174232], "O_dP_EE_d": [0,0,0,0,0,0], "O_ddP_O": [0,0,-9.81], "O_T_EE_c": [0.00091189,0.0541047,-0.998525,0,0.858837,-0.511522,-0.0269323,0,-0.512235,-0.857562,-0.0469345,0,-0.337684,-0.789652,0.306662,1], "O_dP_EE_c": [0,0,0,0,0,0], "O_ddP_EE_c": [0,0,0,0,0,0], "theta": [0.70551,-0.840206,-2.50219,-1.36229,-2.87772,2.58252,0.0738708], "dtheta": [0,0,0,0,0,0,0], "current_errors": [], "last_motion_errors": ["cartesian_reflex"], "control_command_success_rate": 0, "robot_mode": "User stopped", "time": 5566830}