{"O_T_EE": [0.04601,0.0175305,-0.998778,0,0.631161,-0.775486,0.0154639,0,-0.774281,-0.631113,-0.0467455,0,-0.592194,-0.629613,0.307875,1], "O_T_EE_d": [0.0460509,0.0175842,-0.998775,0,0.63105,-0.775576,0.0154414,0,-0.774369,-0.631,-0.0468134,0,-0.592248,-0.629559,0.307765,1], "F_T_NE": [0.7071,-0.7071,0,0,0.7071,0.7071,0,0,0,0,1,0,0,0,0.1034,1], "NE_T_EE": [1,0,0,0,0,1,0,0,0,0,1,0,0,0,0,1], "F_T_EE": [0.7071,-0.7071,0,0,0.7071,0.7071,0,0,0,0,1,0,0,0,0.1034,1], "EE_T_K": [1,0,0,0,0,1,0,0,0,0,1,0,0,0,0,1], "m_ee": 0.73, "F_x_Cee": [-0.01,0,0.03], "I_ee": [0.001,0,0,0,0.0025,0,0,0,0.0017], "m_load": 0, "F_x_Cload": [0,0,0], "I_load": [0,0,0,0,0,0,0,0,0], "m_total": 0.73, "F_x_Ctotal": [-0.01,0,0.03], "I_total": [0.001,0,0,0,0.0025,0,0,0,0.0017], "elbow": [-2.61376,-1], "elbow_d": [-2.61383,-1], "elbow_c": [-2.61383,-1], "delbow_c": [0,0], "ddelbow_c": [0,0], "tau_J": [0.227303,45.3913,9.90664,18.6417,0.524113,-2.27815,0.163167], "tau_J_d": [0,0,0,0,0,0,0], "dtau_J": [-90.8872,-17.5112,-11.0299,-32.033,-9.86686,-4.13212,71.2566], "q": [0.438731,-0.827496,-2.61376,-1.32034,-2.86266,2.61581,0.180881], "dq": [0.000547662,0.00189534,0.00101002,0.000646678,-0.00275184,-0.000726287,-0.00183088], "q_d": [0.4387,-0.827605,-2.61383,-1.32038,-2.86264,2.61569,0.180876], "dq_d": [0,0,0,0,0,0,0], "ddq_d": [0,0,0,0,0,0,0], "joint_contact": [0,0,0,0,0,0,0], "cartesian_contact": [0,0,0,0,0,0], "joint_collision": [0,0,0,0,0,0,0], "cartesian_collision": [0,0,0,0,0,0], "tau_ext_hat_filtered": [0.23521,-1.81143,-0.246854,-1.19102,0.348557,-1.03153,0.117708], "O_F_ext_hat_K": [3.65226,0.718714,-4.01075,1.20076,-0.0767105,0.305521], "K_F_ext_hat_K": [4.18657,1.68582,-3.09399,1.5363,-1.63101,0.186569], "O_dP_EE_d": [0,0,0,0,0,0], "O_ddP_O": [0,0,-9.81], "O_T_EE_c": [0.0460509,0.0175842,-0.998775,0,0.63105,-0.775576,0.0154414,0,-0.774369,-0.631,-0.0468134,0,-0.592248,-0.629559,0.307765,1], "O_dP_EE_c": [0,0,0,0,0,0], "O_ddP_EE_c": [0,0,0,0,0,0], "theta": [0.438747,-0.82431,-2.61306,-1.31903,-2.8626,2.61555,0.180899], "dtheta": [0,0,0,0,0,0,0], "current_errors": [], "last_motion_errors": ["cartesian_reflex"], "control_command_success_rate": 0, "robot_mode": "User stopped", "time": 5848718}