{"O_T_EE": [0.0406863,0.0221829,-0.998916,0,0.674975,-0.737744,0.011109,0,-0.736712,-0.674709,-0.0449898,0,-0.55405,-0.662126,0.308269,1], "O_T_EE_d": [0.0407039,0.0221994,-0.998915,0,0.674873,-0.737837,0.0111025,0,-0.736804,-0.674606,-0.0450155,0,-0.554108,-0.662073,0.308212,1], "F_T_NE": [0.7071,-0.7071,0,0,0.7071,0.7071,0,0,0,0,1,0,0,0,0.1034,1], "NE_T_EE": [1,0,0,0,0,1,0,0,0,0,1,0,0,0,0,1], "F_T_EE": [0.7071,-0.7071,0,0,0.7071,0.7071,0,0,0,0,1,0,0,0,0.1034,1], "EE_T_K": [1,0,0,0,0,1,0,0,0,0,1,0,0,0,0,1], "m_ee": 0.73, "F_x_Cee": [-0.01,0,0.03], "I_ee": [0.001,0,0,0,0.0025,0,0,0,0.0017], "m_load": 0, "F_x_Cload": [0,0,0], "I_load": [0,0,0,0,0,0,0,0,0], "m_total": 0.73, "F_x_Ctotal": [-0.01,0,0.03], "I_total": [0.001,0,0,0,0.0025,0,0,0,0.0017], "elbow": [-2.59105,-1], "elbow_d": [-2.5911,-1], "elbow_c": [-2.5911,-1], "delbow_c": [0,0], "ddelbow_c": [0,0], "tau_J": [-0.447135,46.4466,10.2835,18.717,0.377628,-2.30836,0.122884], "tau_J_d": [0,0,0,0,0,0,0], "dtau_J": [-38.3556,-47.1949,-39.1353,-41.1336,45.0716,-20.4908,36.4013], "q": [0.479756,-0.829537,-2.59105,-1.32914,-2.86699,2.608,0.164726], "dq": [-0.000234844,0.000583808,0.000251144,3.96585e-05,-0.000907727,0.000161579,0.00879613], "q_d": [0.479705,-0.829579,-2.5911,-1.32919,-2.86697,2.6079,0.164732], "dq_d": [0,0,0,0,0,0,0], "ddq_d": [0,0,0,0,0,0,0], "joint_contact": [0,0,0,0,0,0,0], "cartesian_contact": [0,0,0,0,0,0], "joint_collision": [0,0,0,0,0,0,0], "cartesian_collision": [0,0,0,0,0,0], "tau_ext_hat_filtered": [-0.450371,-0.55546,-0.325887,-0.982848,0.157294,-1.06526,0.112541], "O_F_ext_hat_K": [5.68081,5.22672,-2.61167,-1.24253,1.57058,-0.358979], "K_F_ext_hat_K": [2.95597,-0.0505826,-7.59413,1.19594,-1.86628,0.203006], "O_dP_EE_d": [0,0,0,0,0,0], "O_ddP_O": [0,0,-9.81], "O_T_EE_c": [0.0407039,0.0221994,-0.998915,0,0.674873,-0.737837,0.0111025,0,-0.736804,-0.674606,-0.0450155,0,-0.554108,-0.662073,0.308212,1], "O_dP_EE_c": [0,0,0,0,0,0], "O_ddP_EE_c": [0,0,0,0,0,0], "theta": [0.479724,-0.826279,-2.59032,-1.32782,-2.86695,2.60774,0.16474], "dtheta": [0,0,0,0,0,0,0.0369655], "current_errors": [], "last_motion_errors": ["cartesian_reflex"], "control_command_success_rate": 0, "robot_mode": "User stopped", "time": 5836421}