{"O_T_EE": [0.00212327,-0.0625737,-0.998028,0,-0.833124,-0.552094,0.0328423,0,-0.553071,0.831427,-0.0533049,0,-0.594637,0.630353,0.409465,1], "O_T_EE_d": [0.00196873,-0.0624158,-0.998039,0,-0.833247,-0.551905,0.0328716,0,-0.552885,0.831564,-0.0530954,0,-0.594477,0.630456,0.40967,1], "F_T_NE": [0.7071,-0.7071,0,0,0.7071,0.7071,0,0,0,0,1,0,0,0,0.1034,1], "NE_T_EE": [1,0,0,0,0,1,0,0,0,0,1,0,0,0,0,1], "F_T_EE": [0.7071,-0.7071,0,0,0.7071,0.7071,0,0,0,0,1,0,0,0,0.1034,1], "EE_T_K": [1,0,0,0,0,1,0,0,0,0,1,0,0,0,0,1], "m_ee": 0.73, "F_x_Cee": [-0.01,0,0.03], "I_ee": [0.001,0,0,0,0.0025,0,0,0,0.0017], "m_load": 0, "F_x_Cload": [0,0,0], "I_load": [0,0,0,0,0,0,0,0,0], "m_total": 0.73, "F_x_Ctotal": [-0.01,0,0.03], "I_total": [0.001,0,0,0,0.0025,0,0,0,0.0017], "elbow": [2.81943,-1], "elbow_d": [2.8193,-1], "elbow_c": [2.8193,-1], "delbow_c": [0,0], "ddelbow_c": [0,0], "tau_J": [-0.708976,49.311,-5.61735,19.7128,0.304386,-1.93758,-0.0199387], "tau_J_d": [0,0,0,0,0,0,0], "dtau_J": [87.253,-147.158,-32.671,-114.278,-6.70385,-27.2487,-109.586], "q": [-0.614926,-0.719887,2.81943,-1.12871,-2.577,2.93707,0.48102], "dq": [-0.00119584,0.000246394,-0.0046235,0.0034894,-0.000170023,0.000350938,0.00204861], "q_d": [-0.61503,-0.719591,2.8193,-1.12882,-2.57698,2.93706,0.481021], "dq_d": [0,0,0,0,0,0,0], "ddq_d": [0,0,0,0,0,0,0], "joint_contact": [0,0,0,0,0,0,0], "cartesian_contact": [0,0,0,0,0,0], "joint_collision": [0,0,0,0,0,0,0], "cartesian_collision": [0,0,0,0,0,0], "tau_ext_hat_filtered": [-0.726102,1.21066,-0.671565,-1.59593,0.348952,-0.489954,0.0308012], "O_F_ext_hat_K": [10.4728,-13.4127,-2.20533,5.65051,4.09356,-0.60355], "K_F_ext_hat_K": [3.06256,-1.39253,-16.8263,1.90717,-1.97185,0.177369], "O_dP_EE_d": [0,0,0,0,0,0], "O_ddP_O": [0,0,-9.81], "O_T_EE_c": [0.00196873,-0.0624158,-0.998039,0,-0.833247,-0.551905,0.0328716,0,-0.552885,0.831564,-0.0530954,0,-0.594477,0.630456,0.40967,1], "O_dP_EE_c": [0,0,0,0,0,0], "O_ddP_EE_c": [0,0,0,0,0,0], "theta": [-0.614976,-0.716427,2.81904,-1.12733,-2.57696,2.93685,0.481018], "dtheta": [0,0,0,0,0,0,0], "current_errors": [], "last_motion_errors": ["cartesian_reflex"], "control_command_success_rate": 0, "robot_mode": "User stopped", "time": 9151311}