{"O_T_EE": [0.00419684,0.0279175,-0.999592,0,-0.986778,-0.161785,-0.00866152,0,-0.161964,0.986431,0.02687,0,-0.293107,0.807638,0.410902,1], "O_T_EE_d": [0.00418969,0.0281358,-0.999586,0,-0.986803,-0.161632,-0.00868566,0,-0.161813,0.98645,0.0270879,0,-0.293046,0.807662,0.41102,1], "F_T_NE": [0.7071,-0.7071,0,0,0.7071,0.7071,0,0,0,0,1,0,0,0,0.1034,1], "NE_T_EE": [1,0,0,0,0,1,0,0,0,0,1,0,0,0,0,1], "F_T_EE": [0.7071,-0.7071,0,0,0.7071,0.7071,0,0,0,0,1,0,0,0,0.1034,1], "EE_T_K": [1,0,0,0,0,1,0,0,0,0,1,0,0,0,0,1], "m_ee": 0.73, "F_x_Cee": [-0.01,0,0.03], "I_ee": [0.001,0,0,0,0.0025,0,0,0,0.0017], "m_load": 0, "F_x_Cload": [0,0,0], "I_load": [0,0,0,0,0,0,0,0,0], "m_total": 0.73, "F_x_Ctotal": [-0.01,0,0.03], "I_total": [0.001,0,0,0,0.0025,0,0,0,0.0017], "elbow": [-2.52977,-1], "elbow_d": [-2.52979,-1], "elbow_c": [-2.52979,-1], "delbow_c": [0,0], "ddelbow_c": [0,0], "tau_J": [0.112252,45.5778,10.5057,20.058,0.27692,-2.34773,0.071614], "tau_J_d": [0,0,0,0,0,0,0], "dtau_J": [167.396,-70.2087,28.5737,-38.3151,15.1178,-7.21072,34.3232], "q": [-1.65775,-0.713377,-2.52977,-1.33013,-2.7179,2.61007,0.00513459], "dq": [-0.00230752,0.000154582,8.14961e-05,-0.000301099,-0.000342534,0.00140525,-0.00113843], "q_d": [-1.65778,-0.71326,-2.52979,-1.3301,-2.7179,2.60994,0.00513893], "dq_d": [0,0,0,0,0,0,0], "ddq_d": [0,0,0,0,0,0,0], "joint_contact": [0,0,0,0,0,0,0], "cartesian_contact": [0,0,0,0,0,0], "joint_collision": [0,0,0,0,0,0,0], "cartesian_collision": [0,0,0,0,0,0], "tau_ext_hat_filtered": [0.0170292,0.916458,0.0054735,-0.387615,-0.0849921,-1.11665,0.0639559], "O_F_ext_hat_K": [1.52042,-8.31631,-1.75915,3.68051,0.469938,0.000464332], "K_F_ext_hat_K": [1.53267,-0.13963,-8.49699,1.22581,-1.7098,0.0506688], "O_dP_EE_d": [0,0,0,0,0,0], "O_ddP_O": [0,0,-9.81], "O_T_EE_c": [0.00418969,0.0281358,-0.999586,0,-0.986803,-0.161632,-0.00868566,0,-0.161813,0.98645,0.0270879,0,-0.293046,0.807662,0.41102,1], "O_dP_EE_c": [0,0,0,0,0,0], "O_ddP_EE_c": [0,0,0,0,0,0], "theta": [-1.65774,-0.710179,-2.52904,-1.32872,-2.71787,2.6098,0.00514363], "dtheta": [0,0,0,0,0,0,0], "current_errors": [], "last_motion_errors": ["cartesian_reflex"], "control_command_success_rate": 0, "robot_mode": "User stopped", "time": 9409912}