{"O_T_EE": [0.0246734,0.00565693,-0.99967,0,-0.972772,0.230609,-0.0227045,0,0.230409,0.97303,0.011193,0,0.0488785,0.850689,0.40961,1], "O_T_EE_d": [0.0247228,0.00591156,-0.999667,0,-0.972693,0.230942,-0.02269,0,0.230735,0.972949,0.0114599,0,0.0491536,0.850678,0.409731,1], "F_T_NE": [0.7071,-0.7071,0,0,0.7071,0.7071,0,0,0,0,1,0,0,0,0.1034,1], "NE_T_EE": [1,0,0,0,0,1,0,0,0,0,1,0,0,0,0,1], "F_T_EE": [0.7071,-0.7071,0,0,0.7071,0.7071,0,0,0,0,1,0,0,0,0.1034,1], "EE_T_K": [1,0,0,0,0,1,0,0,0,0,1,0,0,0,0,1], "m_ee": 0.73, "F_x_Cee": [-0.01,0,0.03], "I_ee": [0.001,0,0,0,0.0025,0,0,0,0.0017], "m_load": 0, "F_x_Cload": [0,0,0], "I_load": [0,0,0,0,0,0,0,0,0], "m_total": 0.73, "F_x_Ctotal": [-0.01,0,0.03], "I_total": [0.001,0,0,0,0.0025,0,0,0,0.0017], "elbow": [2.57378,-1], "elbow_d": [2.57366,-1], "elbow_c": [2.57366,-1], "delbow_c": [0,0], "ddelbow_c": [0,0], "tau_J": [-1.11761,45.6174,-10.2273,19.8675,-0.454586,-2.90895,0.163167], "tau_J_d": [0,0,0,0,0,0,0], "dtau_J": [-70.7773,-40.9914,56.3906,66.6048,-13.3079,5.76281,114.777], "q": [-1.21862,-0.698467,2.57378,-1.26215,-2.70165,2.84185,0.694646], "dq": [0.00118534,0.000321249,-0.000680468,-0.00598883,0.000236799,-0.000586126,-0.00254161], "q_d": [-1.21885,-0.698385,2.57366,-1.26216,-2.70165,2.84168,0.694671], "dq_d": [0,0,0,0,0,0,0], "ddq_d": [0,0,0,0,0,0,0], "joint_contact": [0,0,0,0,0,0,0], "cartesian_contact": [0,0,0,0,0,0], "joint_collision": [0,0,0,0,0,0,0], "cartesian_collision": [0,0,0,0,0,0], "tau_ext_hat_filtered": [-1.08279,0.516277,-1.01748,-0.687688,0.166709,-1.24797,0.107454], "O_F_ext_hat_K": [0.320979,-8.11945,-2.85534,3.32431,-0.137027,-1.04004], "K_F_ext_hat_K": [2.81644,-2.11987,-7.85847,0.427576,-2.44721,0.158114], "O_dP_EE_d": [0,0,0,0,0,0], "O_ddP_O": [0,0,-9.81], "O_T_EE_c": [0.0247228,0.00591156,-0.999667,0,-0.972693,0.230942,-0.02269,0,0.230735,0.972949,0.0114599,0,0.0491536,0.850678,0.409731,1], "O_dP_EE_c": [0,0,0,0,0,0], "O_ddP_EE_c": [0,0,0,0,0,0], "theta": [-1.2187,-0.695267,2.57306,-1.26075,-2.7017,2.84152,0.694663], "dtheta": [0,0,0,-0.0248548,0,0,0], "current_errors": [], "last_motion_errors": ["cartesian_reflex"], "control_command_success_rate": 0, "robot_mode": "User stopped", "time": 9732770}