{"O_T_EE": [0.00108658,-0.00423816,-0.999981,0,-0.933571,0.358358,-0.00253322,0,0.358369,0.933573,-0.0035673,0,0.149974,0.837059,0.397448,1], "O_T_EE_d": [0.00115556,-0.00402473,-0.999982,0,-0.933504,0.35853,-0.00252175,0,0.358541,0.933508,-0.00334287,0,0.150058,0.837049,0.397513,1], "F_T_NE": [0.7071,-0.7071,0,0,0.7071,0.7071,0,0,0,0,1,0,0,0,0.1034,1], "NE_T_EE": [1,0,0,0,0,1,0,0,0,0,1,0,0,0,0,1], "F_T_EE": [0.7071,-0.7071,0,0,0.7071,0.7071,0,0,0,0,1,0,0,0,0.1034,1], "EE_T_K": [1,0,0,0,0,1,0,0,0,0,1,0,0,0,0,1], "m_ee": 0.73, "F_x_Cee": [-0.01,0,0.03], "I_ee": [0.001,0,0,0,0.0025,0,0,0,0.0017], "m_load": 0, "F_x_Cload": [0,0,0], "I_load": [0,0,0,0,0,0,0,0,0], "m_total": 0.73, "F_x_Ctotal": [-0.01,0,0.03], "I_total": [0.001,0,0,0,0.0025,0,0,0,0.0017], "elbow": [-0.151594,-1], "elbow_d": [-0.151647,-1], "elbow_c": [-0.151647,-1], "delbow_c": [0,0], "ddelbow_c": [0,0], "tau_J": [-0.371757,-46.6775,-2.69346,21.0538,0.25861,-2.94923,0.0514724], "tau_J_d": [0,0,0,0,0,0,0], "dtau_J": [66.8517,-95.8094,-18.4871,54.4331,-24.3648,14.0563,-48.6242], "q": [1.50983,0.622716,-0.151594,-1.32378,-2.65168,2.74889,0.415406], "dq": [-0.00038151,0.00110169,-0.000574222,0.00147777,0.00197639,0.000140034,0.000599085], "q_d": [1.5098,0.622656,-0.151647,-1.32384,-2.65162,2.74864,0.415387], "dq_d": [0,0,0,0,0,0,0], "ddq_d": [0,0,0,0,0,0,0], "joint_contact": [0,0,0,0,0,0,0], "cartesian_contact": [0,0,0,0,0,0], "joint_collision": [0,0,0,0,0,0,0], "cartesian_collision": [0,0,0,0,0,0], "tau_ext_hat_filtered": [-0.40208,-0.0405095,-0.421876,-0.760845,0.367547,-1.41826,0.0884072], "O_F_ext_hat_K": [-2.71514,-7.023,-3.12174,2.34916,-1.30464,-0.338875], "K_F_ext_hat_K": [3.14855,0.0259376,-7.51837,1.56362,-2.27149,0.135953], "O_dP_EE_d": [0,0,0,0,0,0], "O_ddP_O": [0,0,-9.81], "O_T_EE_c": [0.00115556,-0.00402473,-0.999982,0,-0.933504,0.35853,-0.00252175,0,0.358541,0.933508,-0.00334287,0,0.150058,0.837049,0.397513,1], "O_dP_EE_c": [0,0,0,0,0,0], "O_ddP_EE_c": [0,0,0,0,0,0], "theta": [1.50981,0.619441,-0.151784,-1.3223,-2.65165,2.74856,0.415412], "dtheta": [0,0,0,0,0,0,0], "current_errors": [], "last_motion_errors": ["cartesian_reflex"], "control_command_success_rate": 0, "robot_mode": "User stopped", "time": 9867374}