{"O_T_EE": [0.0203347,-0.0223318,-0.999534,0,-0.855929,0.516265,-0.0289477,0,0.516681,0.856135,-0.0086165,0,0.293133,0.795511,0.398136,1], "O_T_EE_d": [0.0204182,-0.022049,-0.999539,0,-0.855921,0.516281,-0.0288732,0,0.516689,0.856132,-0.00833085,0,0.29312,0.795525,0.398275,1], "F_T_NE": [0.7071,-0.7071,0,0,0.7071,0.7071,0,0,0,0,1,0,0,0,0.1034,1], "NE_T_EE": [1,0,0,0,0,1,0,0,0,0,1,0,0,0,0,1], "F_T_EE": [0.7071,-0.7071,0,0,0.7071,0.7071,0,0,0,0,1,0,0,0,0.1034,1], "EE_T_K": [1,0,0,0,0,1,0,0,0,0,1,0,0,0,0,1], "m_ee": 0.73, "F_x_Cee": [-0.01,0,0.03], "I_ee": [0.001,0,0,0,0.0025,0,0,0,0.0017], "m_load": 0, "F_x_Cload": [0,0,0], "I_load": [0,0,0,0,0,0,0,0,0], "m_total": 0.73, "F_x_Ctotal": [-0.01,0,0.03], "I_total": [0.001,0,0,0,0.0025,0,0,0,0.0017], "elbow": [-0.376723,-1], "elbow_d": [-0.376779,-1], "elbow_c": [-0.376779,-1], "delbow_c": [0,0], "ddelbow_c": [0,0], "tau_J": [0.0765462,-46.0348,-5.87919,20.903,-0.0252036,-2.79909,0.143025], "tau_J_d": [0,0,0,0,0,0,0], "dtau_J": [-47.2343,54.2157,-91.6555,95.896,32.8921,11.4964,62.3484], "q": [1.50023,0.644069,-0.376723,-1.31471,-2.65247,2.79576,0.519289], "dq": [-0.000257562,-0.000497335,0.00111172,-0.00212186,-0.000138053,-0.000602818,-0.00144728], "q_d": [1.5003,0.643964,-0.376779,-1.31469,-2.65245,2.79559,0.519329], "dq_d": [0,0,0,0,0,0,0], "ddq_d": [0,0,0,0,0,0,0], "joint_contact": [0,0,0,0,0,0,0], "cartesian_contact": [0,0,0,0,0,0], "joint_collision": [0,0,0,0,0,0,0], "cartesian_collision": [0,0,0,0,0,0], "tau_ext_hat_filtered": [0.096531,-0.473762,0.0705143,-0.37621,0.274039,-1.23391,0.115071], "O_F_ext_hat_K": [-3.52615,-6.25491,-2.53715,2.49561,-1.63459,0.211286], "K_F_ext_hat_K": [2.604,-0.137613,-7.15508,0.822839,-2.21324,0.217888], "O_dP_EE_d": [0,0,0,0,0,0], "O_ddP_O": [0,0,-9.81], "O_T_EE_c": [0.0204182,-0.022049,-0.999539,0,-0.855921,0.516281,-0.0288732,0,0.516689,0.856132,-0.00833085,0,0.29312,0.795525,0.398275,1], "O_dP_EE_c": [0,0,0,0,0,0], "O_ddP_EE_c": [0,0,0,0,0,0], "theta": [1.50023,0.64084,-0.377136,-1.31324,-2.65247,2.79545,0.519305], "dtheta": [0,0,0,0,0,0,0], "current_errors": [], "last_motion_errors": ["cartesian_reflex"], "control_command_success_rate": 0, "robot_mode": "User stopped", "time": 9918069}