{"O_T_EE": [-0.00455548,0.003328,-0.999974,0,-0.393677,0.919225,0.00485269,0,0.919236,0.393697,-0.00287741,0,0.701076,0.457931,0.398505,1], "O_T_EE_d": [-0.00438937,0.00340428,-0.999975,0,-0.393691,0.91922,0.00485746,0,0.919231,0.39371,-0.00269462,0,0.701063,0.457971,0.398543,1], "F_T_NE": [0.7071,-0.7071,0,0,0.7071,0.7071,0,0,0,0,1,0,0,0,0.1034,1], "NE_T_EE": [1,0,0,0,0,1,0,0,0,0,1,0,0,0,0,1], "F_T_EE": [0.7071,-0.7071,0,0,0.7071,0.7071,0,0,0,0,1,0,0,0,0.1034,1], "EE_T_K": [1,0,0,0,0,1,0,0,0,0,1,0,0,0,0,1], "m_ee": 0.73, "F_x_Cee": [-0.01,0,0.03], "I_ee": [0.001,0,0,0,0.0025,0,0,0,0.0017], "m_load": 0, "F_x_Cload": [0,0,0], "I_load": [0,0,0,0,0,0,0,0,0], "m_total": 0.73, "F_x_Ctotal": [-0.01,0,0.03], "I_total": [0.001,0,0,0,0.0025,0,0,0,0.0017], "elbow": [-0.345867,-1], "elbow_d": [-0.345888,-1], "elbow_c": [-0.345888,-1], "delbow_c": [0,0], "ddelbow_c": [0,0], "tau_J": [0.298714,-44.8644,-5.20475,20.9387,-0.0892906,-3.00966,0.0926712], "tau_J_d": [0,0,0,0,0,0,0], "dtau_J": [34.9716,-8.69072,14.8209,-42.8215,8.03681,23.88,71.8997], "q": [0.851117,0.597381,-0.345867,-1.38333,-2.7167,2.76176,0.587073], "dq": [0.000672138,-0.000731389,-0.000142137,0.000313532,-0.00578961,0.000250685,-0.000386567], "q_d": [0.851198,0.597369,-0.345888,-1.38335,-2.71668,2.76157,0.587071], "dq_d": [0,0,0,0,0,0,0], "ddq_d": [0,0,0,0,0,0,0], "joint_contact": [0,0,0,0,0,0,0], "cartesian_contact": [0,0,0,0,0,0], "joint_collision": [0,0,0,0,0,0,0], "cartesian_collision": [0,0,0,0,0,0], "tau_ext_hat_filtered": [0.271557,-0.191947,0.0630232,-0.368731,0.279678,-1.39993,0.0827222], "O_F_ext_hat_K": [-6.01095,-2.10696,-3.02981,0.527076,-2.47751,0.320095], "K_F_ext_hat_K": [3.05017,0.414912,-6.34626,0.943105,-2.45593,0.122235], "O_dP_EE_d": [0,0,0,0,0,0], "O_ddP_O": [0,0,-9.81], "O_T_EE_c": [-0.00438937,0.00340428,-0.999975,0,-0.393691,0.91922,0.00485746,0,0.919231,0.39371,-0.00269462,0,0.701063,0.457971,0.398543,1], "O_dP_EE_c": [0,0,0,0,0,0], "O_ddP_EE_c": [0,0,0,0,0,0], "theta": [0.851139,0.594232,-0.346232,-1.38186,-2.71671,2.76143,0.587083], "dtheta": [0,0,0,0,0,0,0], "current_errors": [], "last_motion_errors": ["cartesian_reflex"], "control_command_success_rate": 0, "robot_mode": "User stopped", "time": 10568766}