{"O_T_EE": [-0.0171813,-0.00653867,-0.999821,0,-0.264367,0.964411,-0.0017641,0,0.964268,0.264294,-0.0182988,0,0.749469,0.370206,0.397792,1], "O_T_EE_d": [-0.0170123,-0.00646775,-0.999825,0,-0.264307,0.964427,-0.00174151,0,0.964288,0.264236,-0.0181169,0,0.749476,0.370191,0.397852,1], "F_T_NE": [0.7071,-0.7071,0,0,0.7071,0.7071,0,0,0,0,1,0,0,0,0.1034,1], "NE_T_EE": [1,0,0,0,0,1,0,0,0,0,1,0,0,0,0,1], "F_T_EE": [0.7071,-0.7071,0,0,0.7071,0.7071,0,0,0,0,1,0,0,0,0.1034,1], "EE_T_K": [1,0,0,0,0,1,0,0,0,0,1,0,0,0,0,1], "m_ee": 0.73, "F_x_Cee": [-0.01,0,0.03], "I_ee": [0.001,0,0,0,0.0025,0,0,0,0.0017], "m_load": 0, "F_x_Cload": [0,0,0], "I_load": [0,0,0,0,0,0,0,0,0], "m_total": 0.73, "F_x_Ctotal": [-0.01,0,0.03], "I_total": [0.001,0,0,0,0.0025,0,0,0,0.0017], "elbow": [-0.347602,-1], "elbow_d": [-0.347619,-1], "elbow_c": [-0.347619,-1], "delbow_c": [0,0], "ddelbow_c": [0,0], "tau_J": [0.374093,-44.1503,-4.97862,20.5579,-0.07098,-2.78902,-0.00986788], "tau_J_d": [0,0,0,0,0,0,0], "dtau_J": [47.5027,37.4238,-0.687347,-60.4717,-11.6998,-2.18094,-113.162], "q": [0.731624,0.594164,-0.347602,-1.38485,-2.66346,2.77499,0.530749], "dq": [0.000359328,-0.00148925,0.0014149,-0.000531126,-4.97328e-05,4.19313e-05,0.0022947], "q_d": [0.731642,0.594092,-0.347619,-1.38491,-2.66344,2.77481,0.53074], "dq_d": [0,0,0,0,0,0,0], "ddq_d": [0,0,0,0,0,0,0], "joint_contact": [0,0,0,0,0,0,0], "cartesian_contact": [0,0,0,0,0,0], "joint_collision": [0,0,0,0,0,0,0], "cartesian_collision": [0,0,0,0,0,0], "tau_ext_hat_filtered": [0.377577,0.367621,0.229248,-0.788765,0.207172,-1.23906,0.078212], "O_F_ext_hat_K": [-6.37742,-1.375,-3.70111,-0.0728704,-2.09015,0.435463], "K_F_ext_hat_K": [3.81909,0.366454,-6.44522,0.897142,-2.44119,0.124861], "O_dP_EE_d": [0,0,0,0,0,0], "O_ddP_O": [0,0,-9.81], "O_T_EE_c": [-0.0170123,-0.00646775,-0.999825,0,-0.264307,0.964427,-0.00174151,0,0.964288,0.264236,-0.0181169,0,0.749476,0.370191,0.397852,1], "O_dP_EE_c": [0,0,0,0,0,0], "O_ddP_EE_c": [0,0,0,0,0,0], "theta": [0.731651,0.591065,-0.347952,-1.3834,-2.66347,2.77468,0.530748], "dtheta": [0,0,0.0252463,0,0,0,0], "current_errors": [], "last_motion_errors": ["cartesian_reflex"], "control_command_success_rate": 0, "robot_mode": "User stopped", "time": 10528215}