{"O_T_EE": [-0.00780145,0.010438,-0.999905,0,0.0186046,0.999764,0.0102914,0,0.999796,-0.0185229,-0.00799396,0,0.824413,0.124452,0.398452,1], "O_T_EE_d": [-0.00770814,0.0105717,-0.999905,0,0.0186517,0.999762,0.0104264,0,0.999796,-0.01857,-0.00790364,0,0.824386,0.124527,0.398525,1], "F_T_NE": [0.7071,-0.7071,0,0,0.7071,0.7071,0,0,0,0,1,0,0,0,0.1034,1], "NE_T_EE": [1,0,0,0,0,1,0,0,0,0,1,0,0,0,0,1], "F_T_EE": [0.7071,-0.7071,0,0,0.7071,0.7071,0,0,0,0,1,0,0,0,0.1034,1], "EE_T_K": [1,0,0,0,0,1,0,0,0,0,1,0,0,0,0,1], "m_ee": 0.73, "F_x_Cee": [-0.01,0,0.03], "I_ee": [0.001,0,0,0,0.0025,0,0,0,0.0017], "m_load": 0, "F_x_Cload": [0,0,0], "I_load": [0,0,0,0,0,0,0,0,0], "m_total": 0.73, "F_x_Ctotal": [-0.01,0,0.03], "I_total": [0.001,0,0,0,0.0025,0,0,0,0.0017], "elbow": [1.41925,-1], "elbow_d": [1.41942,-1], "elbow_c": [1.41942,-1], "delbow_c": [0,0], "ddelbow_c": [0,0], "tau_J": [0.524849,-37.5884,27.6444,8.17596,0.5882,-1.67665,0.0514724], "tau_J_d": [0,0,0,0,0,0,0], "dtau_J": [-113.989,71.4099,-31.0275,-14.8454,27.8141,-19.4301,-102.472], "q": [-0.774317,1.2013,1.41925,-1.53773,-2.89556,2.40495,-0.591211], "dq": [0.000893515,-0.00146047,-0.000580475,0.000662349,-0.00090875,0.000159307,0.00314789], "q_d": [-0.774282,1.20133,1.41942,-1.53785,-2.89555,2.4047,-0.591196], "dq_d": [0,0,0,0,0,0,0], "ddq_d": [0,0,0,0,0,0,0], "joint_contact": [0,0,0,0,0,0,0], "cartesian_contact": [0,0,0,0,0,0], "joint_collision": [0,0,0,0,0,0,0], "cartesian_collision": [0,0,0,0,0,0], "tau_ext_hat_filtered": [0.568318,-0.496384,0.463688,-0.531988,0.0195119,-1.38309,0.114025], "O_F_ext_hat_K": [-5.36407,2.75185,-0.4093,-1.06343,-2.33485,0.567497], "K_F_ext_hat_K": [0.479842,2.64724,-5.41068,2.3623,-0.557696,0.112814], "O_dP_EE_d": [0,0,0,0,0,0], "O_ddP_O": [0,0,-9.81], "O_T_EE_c": [-0.00770814,0.0105717,-0.999905,0,0.0186517,0.999762,0.0104264,0,0.999796,-0.01857,-0.00790364,0,0.824386,0.124527,0.398525,1], "O_dP_EE_c": [0,0,0,0,0,0], "O_ddP_EE_c": [0,0,0,0,0,0], "theta": [-0.77428,1.19866,1.42119,-1.53716,-2.89549,2.40476,-0.591206], "dtheta": [0,0,0,0,0,0,0], "current_errors": [], "last_motion_errors": ["cartesian_reflex"], "control_command_success_rate": 0, "robot_mode": "User stopped", "time": 11057275}