{"O_T_EE": [-0.00834154,0.0201331,-0.999753,0,0.0773684,0.996804,0.0194282,0,0.996968,-0.0771887,-0.00987273,0,0.829637,0.0743117,0.398481,1], "O_T_EE_d": [-0.00819542,0.0199686,-0.999757,0,0.0774042,0.996804,0.0192751,0,0.996966,-0.077229,-0.00971507,0,0.829574,0.0743537,0.398576,1], "F_T_NE": [0.7071,-0.7071,0,0,0.7071,0.7071,0,0,0,0,1,0,0,0,0.1034,1], "NE_T_EE": [1,0,0,0,0,1,0,0,0,0,1,0,0,0,0,1], "F_T_EE": [0.7071,-0.7071,0,0,0.7071,0.7071,0,0,0,0,1,0,0,0,0.1034,1], "EE_T_K": [1,0,0,0,0,1,0,0,0,0,1,0,0,0,0,1], "m_ee": 0.73, "F_x_Cee": [-0.01,0,0.03], "I_ee": [0.001,0,0,0,0.0025,0,0,0,0.0017], "m_load": 0, "F_x_Cload": [0,0,0], "I_load": [0,0,0,0,0,0,0,0,0], "m_total": 0.73, "F_x_Ctotal": [-0.01,0,0.03], "I_total": [0.001,0,0,0,0.0025,0,0,0,0.0017], "elbow": [1.41798,-1], "elbow_d": [1.41806,-1], "elbow_c": [1.41806,-1], "delbow_c": [0,0], "ddelbow_c": [0,0], "tau_J": [-0.149589,-37.8899,27.8665,7.94586,0.487492,-1.57686,0.0514724], "tau_J_d": [0,0,0,0,0,0,0], "dtau_J": [-6.31989,172.595,40.7539,110.136,-23.1841,-11.7422,18.2961], "q": [-0.837156,1.19751,1.41798,-1.5408,-2.89205,2.40718,-0.580742], "dq": [0.00126856,-0.000802599,-0.00041858,-8.84919e-05,-0.00073185,8.5661e-07,0.000433012], "q_d": [-0.837275,1.19729,1.41806,-1.54111,-2.89207,2.40694,-0.580731], "dq_d": [0,0,0,0,0,0,0], "ddq_d": [0,0,0,0,0,0,0], "joint_contact": [0,0,0,0,0,0,0], "cartesian_contact": [0,0,0,0,0,0], "joint_collision": [0,0,0,0,0,0,0], "cartesian_collision": [0,0,0,0,0,0], "tau_ext_hat_filtered": [-0.0923873,-0.869193,0.732563,-0.842567,-0.0585318,-1.30052,0.0615594], "O_F_ext_hat_K": [-9.42197,1.81417,-0.0142949,-0.717167,-4.33095,-0.0909088], "K_F_ext_hat_K": [0.129412,1.07915,-9.53329,2.28372,-0.630621,0.0748666], "O_dP_EE_d": [0,0,0,0,0,0], "O_ddP_O": [0,0,-9.81], "O_T_EE_c": [-0.00819542,0.0199686,-0.999757,0,0.0774042,0.996804,0.0192751,0,0.996966,-0.077229,-0.00971507,0,0.829574,0.0743537,0.398576,1], "O_dP_EE_c": [0,0,0,0,0,0], "O_ddP_EE_c": [0,0,0,0,0,0], "theta": [-0.837167,1.19485,1.41993,-1.54024,-2.89199,2.40701,-0.580736], "dtheta": [0,0,0,0,0,0,0], "current_errors": [], "last_motion_errors": ["cartesian_reflex"], "control_command_success_rate": 0, "robot_mode": "User stopped", "time": 11029530}