{"O_T_EE": [0.00527825,-0.00733998,-0.99995,0,0.401178,0.915978,-0.00460597,0,0.915983,-0.401141,0.00777955,0,0.802545,-0.221494,0.407961,1], "O_T_EE_d": [0.00535655,-0.00751822,-0.999948,0,0.401401,0.91588,-0.00473591,0,0.915885,-0.401362,0.00792393,0,0.802481,-0.221605,0.408044,1], "F_T_NE": [0.7071,-0.7071,0,0,0.7071,0.7071,0,0,0,0,1,0,0,0,0.1034,1], "NE_T_EE": [1,0,0,0,0,1,0,0,0,0,1,0,0,0,0,1], "F_T_EE": [0.7071,-0.7071,0,0,0.7071,0.7071,0,0,0,0,1,0,0,0,0.1034,1], "EE_T_K": [1,0,0,0,0,1,0,0,0,0,1,0,0,0,0,1], "m_ee": 0.73, "F_x_Cee": [-0.01,0,0.03], "I_ee": [0.001,0,0,0,0.0025,0,0,0,0.0017], "m_load": 0, "F_x_Cload": [0,0,0], "I_load": [0,0,0,0,0,0,0,0,0], "m_total": 0.73, "F_x_Ctotal": [-0.01,0,0.03], "I_total": [0.001,0,0,0,0.0025,0,0,0,0.0017], "elbow": [-1.81367,-1], "elbow_d": [-1.81362,-1], "elbow_c": [-1.81362,-1], "delbow_c": [0,0], "ddelbow_c": [0,0], "tau_J": [-0.447135,37.548,24.9823,10.8578,0.579044,-1.76729,0.122884], "tau_J_d": [0,0,0,0,0,0,0], "dtau_J": [-145.491,45.0891,45.5628,-31.1961,22.5246,28.3306,96.3799], "q": [1.96845,-1.07552,-1.81367,-1.52126,-2.87944,2.46696,-0.474383], "dq": [0.000763179,0.000433684,0.000221408,-0.00228055,-0.000289433,-0.000576276,-0.00179665], "q_d": [1.96821,-1.07534,-1.81362,-1.52144,-2.87945,2.46677,-0.474379], "dq_d": [0,0,0,0,0,0,0], "ddq_d": [0,0,0,0,0,0,0], "joint_contact": [0,0,0,0,0,0,0], "cartesian_contact": [0,0,0,0,0,0], "joint_collision": [0,0,0,0,0,0,0], "cartesian_collision": [0,0,0,0,0,0], "tau_ext_hat_filtered": [-0.452119,0.500176,-0.0121998,-0.766629,-0.0273725,-1.25952,0.0922174], "O_F_ext_hat_K": [-8.17979,4.30941,-1.33508,-1.76579,-3.15127,-0.462261], "K_F_ext_hat_K": [1.26023,0.671936,-9.23162,2.1138,-0.923387,0.0609498], "O_dP_EE_d": [0,0,0,0,0,0], "O_ddP_O": [0,0,-9.81], "O_T_EE_c": [0.00535655,-0.00751822,-0.999948,0,0.401401,0.91588,-0.00473591,0,0.915885,-0.401362,0.00792393,0,0.802481,-0.221605,0.408044,1], "O_dP_EE_c": [0,0,0,0,0,0], "O_ddP_EE_c": [0,0,0,0,0,0], "theta": [1.96842,-1.07289,-1.81192,-1.5205,-2.87937,2.46676,-0.474369], "dtheta": [0,0,0,0,0,0,0], "current_errors": [], "last_motion_errors": ["joint_position_limits_violation"], "control_command_success_rate": 0, "robot_mode": "User stopped", "time": 11413403}