{"O_T_EE": [0.00367293,-0.00310981,-0.999979,0,0.464162,0.885739,-0.00104967,0,0.885741,-0.464157,0.00469681,0,0.787804,-0.269966,0.408581,1], "O_T_EE_d": [0.00371437,-0.00317149,-0.999978,0,0.46428,0.885677,-0.00108443,0,0.885678,-0.464275,0.00476228,0,0.787794,-0.269923,0.408594,1], "F_T_NE": [0.7071,-0.7071,0,0,0.7071,0.7071,0,0,0,0,1,0,0,0,0.1034,1], "NE_T_EE": [1,0,0,0,0,1,0,0,0,0,1,0,0,0,0,1], "F_T_EE": [0.7071,-0.7071,0,0,0.7071,0.7071,0,0,0,0,1,0,0,0,0.1034,1], "EE_T_K": [1,0,0,0,0,1,0,0,0,0,1,0,0,0,0,1], "m_ee": 0.73, "F_x_Cee": [-0.01,0,0.03], "I_ee": [0.001,0,0,0,0.0025,0,0,0,0.0017], "m_load": 0, "F_x_Cload": [0,0,0], "I_load": [0,0,0,0,0,0,0,0,0], "m_total": 0.73, "F_x_Ctotal": [-0.01,0,0.03], "I_total": [0.001,0,0,0,0.0025,0,0,0,0.0017], "elbow": [-1.77201,-1], "elbow_d": [-1.77196,-1], "elbow_c": [-1.77196,-1], "delbow_c": [0,0], "ddelbow_c": [0,0], "tau_J": [0.413765,37.6234,26.4066,9.86205,0.579044,-1.7975,0.0615432], "tau_J_d": [0,0,0,0,0,0,0], "dtau_J": [-34.009,21.6134,16.1379,-79.2186,-14.5239,-8.46197,-7.38635], "q": [1.89637,-1.1216,-1.77201,-1.5266,-2.88084,2.44474,-0.527615], "dq": [0.000366928,0.00122284,-0.000311602,0.000318488,6.05528e-05,0.00482433,0.000910656], "q_d": [1.89636,-1.12155,-1.77196,-1.5268,-2.88085,2.44441,-0.527606], "dq_d": [0,0,0,0,0,0,0], "ddq_d": [0,0,0,0,0,0,0], "joint_contact": [0,0,0,0,0,0,0], "cartesian_contact": [0,0,0,0,0,0], "joint_collision": [0,0,0,0,0,0,0], "cartesian_collision": [0,0,0,0,0,0], "tau_ext_hat_filtered": [0.346032,0.633041,0.470135,-0.664048,-0.00971174,-1.38013,0.100685], "O_F_ext_hat_K": [-5.26756,5.25753,-0.735557,-2.22025,-2.3021,0.342015], "K_F_ext_hat_K": [0.699857,2.21261,-7.10947,2.37907,-0.769231,0.0875954], "O_dP_EE_d": [0,0,0,0,0,0], "O_ddP_O": [0,0,-9.81], "O_T_EE_c": [0.00371437,-0.00317149,-0.999978,0,0.46428,0.885677,-0.00108443,0,0.885678,-0.464275,0.00476228,0,0.787794,-0.269923,0.408594,1], "O_dP_EE_c": [0,0,0,0,0,0], "O_ddP_EE_c": [0,0,0,0,0,0], "theta": [1.8964,-1.11896,-1.77016,-1.5259,-2.88078,2.44454,-0.527608], "dtheta": [0,0,0,0,0,0,0], "current_errors": [], "last_motion_errors": ["joint_position_limits_violation"], "control_command_success_rate": 0, "robot_mode": "User stopped", "time": 11386221}