{"O_T_EE": [-0.00640384,-0.00369823,-0.999963,0,0.907404,0.420171,-0.00736503,0,0.420191,-0.907435,0.000665091,0,0.477598,-0.691338,0.407782,1], "O_T_EE_d": [-0.00630639,-0.00404021,-0.999962,0,0.907598,0.419751,-0.00741983,0,0.419773,-0.907628,0.00101979,0,0.477301,-0.691537,0.407974,1], "F_T_NE": [0.7071,-0.7071,0,0,0.7071,0.7071,0,0,0,0,1,0,0,0,0.1034,1], "NE_T_EE": [1,0,0,0,0,1,0,0,0,0,1,0,0,0,0,1], "F_T_EE": [0.7071,-0.7071,0,0,0.7071,0.7071,0,0,0,0,1,0,0,0,0.1034,1], "EE_T_K": [1,0,0,0,0,1,0,0,0,0,1,0,0,0,0,1], "m_ee": 0.73, "F_x_Cee": [-0.01,0,0.03], "I_ee": [0.001,0,0,0,0.0025,0,0,0,0.0017], "m_load": 0, "F_x_Cload": [0,0,0], "I_load": [0,0,0,0,0,0,0,0,0], "m_total": 0.73, "F_x_Ctotal": [-0.01,0,0.03], "I_total": [0.001,0,0,0,0.0025,0,0,0,0.0017], "elbow": [2.8664,-1], "elbow_d": [2.86619,-1], "elbow_c": [2.86619,-1], "delbow_c": [0,0], "ddelbow_c": [0,0], "tau_J": [-0.0345378,45.3516,-4.30418,20.8633,-0.289791,-2.84853,0.0514724], "tau_J_d": [0,0,0,0,0,0,0], "dtau_J": [-34.2902,-39.2511,104.3,-55.5247,30.2806,-6.22227,11.0305], "q": [2.38934,-0.590141,2.8664,-1.3612,-2.70915,2.77001,0.525364], "dq": [0.000498218,0.000158383,-0.000557333,0.00113121,-0.000478754,-0.000188233,0.000277846], "q_d": [2.3891,-0.589962,2.86619,-1.36121,-2.70915,2.76985,0.525354], "dq_d": [0,0,0,0,0,0,0], "ddq_d": [0,0,0,0,0,0,0], "joint_contact": [0,0,0,0,0,0,0], "cartesian_contact": [0,0,0,0,0,0], "joint_collision": [0,0,0,0,0,0,0], "cartesian_collision": [0,0,0,0,0,0], "tau_ext_hat_filtered": [-0.0165113,0.160965,-0.166045,-0.654361,-0.0118908,-1.25606,0.0638725], "O_F_ext_hat_K": [-3.94715,6.58611,-3.40597,-2.60695,-1.14054,0.0214888], "K_F_ext_hat_K": [3.40683,-0.789292,-7.63729,0.414043,-2.5488,0.093904], "O_dP_EE_d": [0,0,0,0,0,0], "O_ddP_O": [0,0,-9.81], "O_T_EE_c": [-0.00630639,-0.00404021,-0.999962,0,0.907598,0.419751,-0.00741983,0,0.419773,-0.907628,0.00101979,0,0.477301,-0.691537,0.407974,1], "O_dP_EE_c": [0,0,0,0,0,0], "O_ddP_EE_c": [0,0,0,0,0,0], "theta": [2.38933,-0.586959,2.86609,-1.35973,-2.70918,2.76969,0.525369], "dtheta": [0,0,0,0,0,0,0], "current_errors": [], "last_motion_errors": ["joint_position_limits_violation"], "control_command_success_rate": 0, "robot_mode": "User stopped", "time": 11748116}