{"O_T_EE": [-0.0272601,0.00301121,-0.999614,0,0.876102,0.481584,-0.0224411,0,0.48134,-0.876392,-0.0157665,0,0.517648,-0.660407,0.407944,1], "O_T_EE_d": [-0.0271658,0.00265567,-0.999618,0,0.876338,0.481149,-0.0225373,0,0.480914,-0.876632,-0.0153984,0,0.517342,-0.660621,0.408149,1], "F_T_NE": [0.7071,-0.7071,0,0,0.7071,0.7071,0,0,0,0,1,0,0,0,0.1034,1], "NE_T_EE": [1,0,0,0,0,1,0,0,0,0,1,0,0,0,0,1], "F_T_EE": [0.7071,-0.7071,0,0,0.7071,0.7071,0,0,0,0,1,0,0,0,0.1034,1], "EE_T_K": [1,0,0,0,0,1,0,0,0,0,1,0,0,0,0,1], "m_ee": 0.73, "F_x_Cee": [-0.01,0,0.03], "I_ee": [0.001,0,0,0,0.0025,0,0,0,0.0017], "m_load": 0, "F_x_Cload": [0,0,0], "I_load": [0,0,0,0,0,0,0,0,0], "m_total": 0.73, "F_x_Ctotal": [-0.01,0,0.03], "I_total": [0.001,0,0,0,0.0025,0,0,0,0.0017], "elbow": [2.87028,-1], "elbow_d": [2.86995,-1], "elbow_c": [2.86995,-1], "delbow_c": [0,0], "ddelbow_c": [0,0], "tau_J": [0.263009,45.8039,-3.85588,21.0181,-0.289791,-2.71852,0.102742], "tau_J_d": [0,0,0,0,0,0,0], "dtau_J": [137.419,28.8285,57.5163,-115.98,2.78516,3.18376,13.2245], "q": [2.44389,-0.588141,2.87028,-1.35406,-2.71873,2.79613,0.515392], "dq": [-0.0016393,2.99404e-05,-0.00054152,0.00163999,-0.000147464,-0.000299351,-0.00125142], "q_d": [2.44373,-0.587901,2.86995,-1.35417,-2.71874,2.79594,0.515405], "dq_d": [0,0,0,0,0,0,0], "ddq_d": [0,0,0,0,0,0,0], "joint_contact": [0,0,0,0,0,0,0], "cartesian_contact": [0,0,0,0,0,0], "joint_collision": [0,0,0,0,0,0,0], "cartesian_collision": [0,0,0,0,0,0], "tau_ext_hat_filtered": [0.19207,0.580147,0.141899,-0.507864,-0.00650043,-1.1554,0.0895471], "O_F_ext_hat_K": [-4.77528,6.94504,-2.95817,-2.98522,-1.76326,0.288017], "K_F_ext_hat_K": [3.10817,-0.772639,-8.33847,0.206708,-2.48987,0.168962], "O_dP_EE_d": [0,0,0,0,0,0], "O_ddP_O": [0,0,-9.81], "O_T_EE_c": [-0.0271658,0.00265567,-0.999618,0,0.876338,0.481149,-0.0225373,0,0.480914,-0.876632,-0.0153984,0,0.517342,-0.660621,0.408149,1], "O_dP_EE_c": [0,0,0,0,0,0], "O_ddP_EE_c": [0,0,0,0,0,0], "theta": [2.44391,-0.584926,2.87,-1.35259,-2.71876,2.79582,0.515403], "dtheta": [0,0,0,0,0,0,0], "current_errors": [], "last_motion_errors": ["joint_position_limits_violation"], "control_command_success_rate": 0, "robot_mode": "User stopped", "time": 11785571}