{"O_T_EE": [-0.00633826,0.0104039,-0.999916,0,0.994443,0.105053,-0.00521051,0,0.104992,-0.994412,-0.0110121,0,0.201218,-0.821475,0.395265,1], "O_T_EE_d": [-0.00645015,0.0101679,-0.999918,0,0.994521,0.104312,-0.00535461,0,0.104251,-0.994493,-0.0107852,0,0.200815,-0.821606,0.395389,1], "F_T_NE": [0.7071,-0.7071,0,0,0.7071,0.7071,0,0,0,0,1,0,0,0,0.1034,1], "NE_T_EE": [1,0,0,0,0,1,0,0,0,0,1,0,0,0,0,1], "F_T_EE": [0.7071,-0.7071,0,0,0.7071,0.7071,0,0,0,0,1,0,0,0,0.1034,1], "EE_T_K": [1,0,0,0,0,1,0,0,0,0,1,0,0,0,0,1], "m_ee": 0.73, "F_x_Cee": [-0.01,0,0.03], "I_ee": [0.001,0,0,0,0.0025,0,0,0,0.0017], "m_load": 0, "F_x_Cload": [0,0,0], "I_load": [0,0,0,0,0,0,0,0,0], "m_total": 0.73, "F_x_Ctotal": [-0.01,0,0.03], "I_total": [0.001,0,0,0,0.0025,0,0,0,0.0017], "elbow": [1.37134,-1], "elbow_d": [1.37134,-1], "elbow_c": [1.37134,-1], "delbow_c": [0,0], "ddelbow_c": [0,0], "tau_J": [-1.11761,-39.4015,25.994,9.40185,0.61475,-1.80757,-0.0702927], "tau_J_d": [0,0,0,0,0,0,0], "dtau_J": [-34.1588,-19.6956,-25.2709,70.518,19.6732,28.9025,-46.4099], "q": [-2.20899,1.1839,1.37134,-1.45569,-2.89569,2.48723,-0.575018], "dq": [-0.000343336,0.000325126,0.000721492,-0.000238009,-0.000499292,-0.000740263,0.000753197], "q_d": [-2.20935,1.18374,1.37134,-1.45557,-2.89571,2.48694,-0.575055], "dq_d": [0,0,0,0,0,0,0], "ddq_d": [0,0,0,0,0,0,0], "joint_contact": [0,0,0,0,0,0,0], "cartesian_contact": [0,0,0,0,0,0], "joint_collision": [0,0,0,0,0,0,0], "cartesian_collision": [0,0,0,0,0,0], "tau_ext_hat_filtered": [-1.13947,-0.505315,-0.220007,-0.0117688,-0.128391,-1.49722,-0.0269899], "O_F_ext_hat_K": [-0.690296,7.84612,-0.826475,-3.15267,-0.123455,-1.14259], "K_F_ext_hat_K": [0.912428,0.142107,-7.86565,2.15861,-0.716876,-0.0361406], "O_dP_EE_d": [0,0,0,0,0,0], "O_ddP_O": [0,0,-9.81], "O_T_EE_c": [-0.00645015,0.0101679,-0.999918,0,0.994521,0.104312,-0.00535461,0,0.104251,-0.994493,-0.0107852,0,0.200815,-0.821606,0.395389,1], "O_dP_EE_c": [0,0,0,0,0,0], "O_ddP_EE_c": [0,0,0,0,0,0], "theta": [-2.20907,1.18113,1.37317,-1.45503,-2.89562,2.48703,-0.575027], "dtheta": [0,0,0,0,0,0,0], "current_errors": [], "last_motion_errors": ["joint_position_limits_violation"], "control_command_success_rate": 0, "robot_mode": "User stopped", "time": 12107379}