{"O_T_EE": [-0.0407326,0.01682,-0.999019,0,-0.991208,-0.126575,0.038283,0,-0.125809,0.991814,0.0218283,0,-0.274334,0.796181,0.494779,1], "O_T_EE_d": [-0.0407612,0.0168674,-0.999017,0,-0.991273,-0.126056,0.0383169,0,-0.125289,0.99188,0.0218589,0,-0.274073,0.79626,0.494841,1], "F_T_NE": [0.7071,-0.7071,0,0,0.7071,0.7071,0,0,0,0,1,0,0,0,0.1034,1], "NE_T_EE": [1,0,0,0,0,1,0,0,0,0,1,0,0,0,0,1], "F_T_EE": [0.7071,-0.7071,0,0,0.7071,0.7071,0,0,0,0,1,0,0,0,0.1034,1], "EE_T_K": [1,0,0,0,0,1,0,0,0,0,1,0,0,0,0,1], "m_ee": 0.73, "F_x_Cee": [-0.01,0,0.03], "I_ee": [0.001,0,0,0,0.0025,0,0,0,0.0017], "m_load": 0, "F_x_Cload": [0,0,0], "I_load": [0,0,0,0,0,0,0,0,0], "m_total": 0.73, "F_x_Ctotal": [-0.01,0,0.03], "I_total": [0.001,0,0,0,0.0025,0,0,0,0.0017], "elbow": [1.77006,-1], "elbow_d": [1.77013,-1], "elbow_c": [1.77013,-1], "delbow_c": [0,0], "ddelbow_c": [0,0], "tau_J": [-1.34374,-40.3814,29.5566,0.85235,0.43256,-1.33607,0.153096], "tau_J_d": [0,0,0,0,0,0,0], "dtau_J": [49.6629,-16.9124,5.94111,-23.9987,5.76062,-2.17767,28.7438], "q": [1.03876,1.46996,1.77006,-1.44994,-2.89701,2.31698,-1.01288], "dq": [-0.000903077,0.000123638,0.000219336,0.00317813,-0.00104538,9.66401e-05,-0.000347222], "q_d": [1.03847,1.4699,1.77013,-1.44999,-2.89703,2.31668,-1.01284], "dq_d": [0,0,0,0,0,0,0], "ddq_d": [0,0,0,0,0,0,0], "joint_contact": [0,0,0,0,0,0,0], "cartesian_contact": [0,0,0,0,0,0], "joint_collision": [0,0,0,0,0,0,0], "cartesian_collision": [0,0,0,0,0,0], "tau_ext_hat_filtered": [-1.33093,-0.989545,1.23138,0.103786,-0.0962398,-1.71146,0.14174], "O_F_ext_hat_K": [1.61769,-8.37611,0.947455,4.34597,1.1997,-1.33502], "K_F_ext_hat_K": [-1.15333,-0.507006,-8.49038,2.36747,0.440363,0.156586], "O_dP_EE_d": [0,0,0,0,0,0], "O_ddP_O": [0,0,-9.81], "O_T_EE_c": [-0.0407612,0.0168674,-0.999017,0,-0.991273,-0.126056,0.0383169,0,-0.125289,0.99188,0.0218589,0,-0.274073,0.79626,0.494841,1], "O_dP_EE_c": [0,0,0,0,0,0], "O_ddP_EE_c": [0,0,0,0,0,0], "theta": [1.03867,1.46712,1.77213,-1.44988,-2.89696,2.31683,-1.01286], "dtheta": [0,0,0,0,0,0,0], "current_errors": [], "last_motion_errors": ["joint_position_limits_violation"], "control_command_success_rate": 0, "robot_mode": "User stopped", "time": 15279198}