{"O_T_EE": [-0.0286922,-0.00815823,-0.999545,0,-0.938003,0.345761,0.0241035,0,0.345414,0.938286,-0.0175734,0,0.121122,0.821243,0.498449,1], "O_T_EE_d": [-0.0286644,-0.00814191,-0.999546,0,-0.937874,0.346113,0.0240765,0,0.345766,0.938156,-0.0175575,0,0.121223,0.821242,0.498438,1], "F_T_NE": [0.7071,-0.7071,0,0,0.7071,0.7071,0,0,0,0,1,0,0,0,0.1034,1], "NE_T_EE": [1,0,0,0,0,1,0,0,0,0,1,0,0,0,0,1], "F_T_EE": [0.7071,-0.7071,0,0,0.7071,0.7071,0,0,0,0,1,0,0,0,0.1034,1], "EE_T_K": [1,0,0,0,0,1,0,0,0,0,1,0,0,0,0,1], "m_ee": 0.73, "F_x_Cee": [-0.01,0,0.03], "I_ee": [0.001,0,0,0,0.0025,0,0,0,0.0017], "m_load": 0, "F_x_Cload": [0,0,0], "I_load": [0,0,0,0,0,0,0,0,0], "m_total": 0.73, "F_x_Ctotal": [-0.01,0,0.03], "I_total": [0.001,0,0,0,0.0025,0,0,0,0.0017], "elbow": [1.44014,-1], "elbow_d": [1.44009,-1], "elbow_c": [1.44009,-1], "delbow_c": [0,0], "ddelbow_c": [0,0], "tau_J": [-0.784355,-36.0809,24.4547,12.1234,0.715458,-1.78743,0.184224], "tau_J_d": [0,0,0,0,0,0,0], "dtau_J": [34.4554,-68.406,57.4097,88.0162,3.88027,5.52981,59.1671], "q": [0.516089,1.03014,1.44014,-1.46444,-2.62817,2.43087,-0.695144], "dq": [-9.58165e-05,-3.21355e-05,-0.00170911,-0.000856873,-0.000522081,-0.000399236,-0.000408167], "q_d": [0.516059,1.0301,1.44009,-1.46446,-2.62818,2.43053,-0.695103], "dq_d": [0,0,0,0,0,0,0], "ddq_d": [0,0,0,0,0,0,0], "joint_contact": [0,0,0,0,0,0,0], "cartesian_contact": [0,0,0,0,0,0], "joint_collision": [0,0,0,0,0,0,0], "cartesian_collision": [0,0,0,0,0,0], "tau_ext_hat_filtered": [-0.781996,-0.330848,-0.288402,0.143407,0.0106809,-1.74279,0.174028], "O_F_ext_hat_K": [-2.67885,-4.95873,-1.34807,1.90441,-1.18462,-0.773783], "K_F_ext_hat_K": [1.46481,0.765749,-5.55432,2.35672,-0.568001,0.216318], "O_dP_EE_d": [0,0,0,0,0,0], "O_ddP_O": [0,0,-9.81], "O_T_EE_c": [-0.0286644,-0.00814191,-0.999546,0,-0.937874,0.346113,0.0240765,0,0.345766,0.938156,-0.0175575,0,0.121223,0.821242,0.498438,1], "O_dP_EE_c": [0,0,0,0,0,0], "O_ddP_EE_c": [0,0,0,0,0,0], "theta": [0.516034,1.0276,1.44186,-1.46359,-2.62809,2.43067,-0.695123], "dtheta": [0,0,0,0,0,0,0], "current_errors": [], "last_motion_errors": ["cartesian_reflex"], "control_command_success_rate": 0, "robot_mode": "User stopped", "time": 15649369}