{"O_T_EE": [-0.00290266,0.0106465,-0.999929,0,-0.680371,0.73279,0.0097772,0,0.732856,0.680364,0.00511662,0,0.48601,0.660633,0.496447,1], "O_T_EE_d": [-0.00285528,0.0106257,-0.99993,0,-0.680183,0.732964,0.00973102,0,0.73303,0.680176,0.00513467,0,0.486005,0.660617,0.496494,1], "F_T_NE": [0.7071,-0.7071,0,0,0.7071,0.7071,0,0,0,0,1,0,0,0,0.1034,1], "NE_T_EE": [1,0,0,0,0,1,0,0,0,0,1,0,0,0,0,1], "F_T_EE": [0.7071,-0.7071,0,0,0.7071,0.7071,0,0,0,0,1,0,0,0,0.1034,1], "EE_T_K": [1,0,0,0,0,1,0,0,0,0,1,0,0,0,0,1], "m_ee": 0.73, "F_x_Cee": [-0.01,0,0.03], "I_ee": [0.001,0,0,0,0.0025,0,0,0,0.0017], "m_load": 0, "F_x_Cload": [0,0,0], "I_load": [0,0,0,0,0,0,0,0,0], "m_total": 0.73, "F_x_Ctotal": [-0.01,0,0.03], "I_total": [0.001,0,0,0,0.0025,0,0,0,0.0017], "elbow": [1.82896,-1], "elbow_d": [1.82899,-1], "elbow_c": [1.82899,-1], "delbow_c": [0,0], "ddelbow_c": [0,0], "tau_J": [-0.185295,-37.4773,28.4696,-0.754401,0.478336,-1.13649,0.143025], "tau_J_d": [0,0,0,0,0,0,0], "dtau_J": [149.945,-63.2171,-133.82,-29.5882,9.01645,6.01884,58.8974], "q": [0.0151685,1.53468,1.82896,-1.56715,-2.88808,2.27071,-1.11131], "dq": [-0.0018645,0.000596985,0.00097963,1.401e-05,-0.000259012,-0.0004587,-0.00185795], "q_d": [0.015181,1.53459,1.82899,-1.56725,-2.88814,2.27034,-1.11127], "dq_d": [0,0,0,0,0,0,0], "ddq_d": [0,0,0,0,0,0,0], "joint_contact": [0,0,0,0,0,0,0], "cartesian_contact": [0,0,0,0,0,0], "joint_collision": [0,0,0,0,0,0,0], "cartesian_collision": [0,0,0,0,0,0], "tau_ext_hat_filtered": [-0.29653,-0.0454547,-0.277308,-0.262504,0.0507315,-1.68144,0.105095], "O_F_ext_hat_K": [-5.53165,-3.21621,-0.626838,0.811461,-1.88185,-0.29457], "K_F_ext_hat_K": [0.608621,1.40067,-6.24531,2.39275,0.639239,0.0966062], "O_dP_EE_d": [0,0,0,0,0,0], "O_ddP_O": [0,0,-9.81], "O_T_EE_c": [-0.00285528,0.0106257,-0.99993,0,-0.680183,0.732964,0.00973102,0,0.73303,0.680176,0.00513467,0,0.486005,0.660617,0.496494,1], "O_dP_EE_c": [0,0,0,0,0,0], "O_ddP_EE_c": [0,0,0,0,0,0], "theta": [0.0151545,1.53205,1.83095,-1.56721,-2.88803,2.27058,-1.11129], "dtheta": [0,0,0,0,0,0,0], "current_errors": [], "last_motion_errors": ["cartesian_reflex"], "control_command_success_rate": 0, "robot_mode": "User stopped", "time": 15933757}