{"O_T_EE": [-0.0330771,0.0365197,-0.998776,0,-0.472271,0.880144,0.0478225,0,0.88083,0.473284,-0.0118657,0,0.632384,0.514948,0.496572,1], "O_T_EE_d": [-0.032881,0.0366068,-0.998779,0,-0.472331,0.880113,0.0478072,0,0.880805,0.473336,-0.0116486,0,0.632241,0.514996,0.496759,1], "F_T_NE": [0.7071,-0.7071,0,0,0.7071,0.7071,0,0,0,0,1,0,0,0,0.1034,1], "NE_T_EE": [1,0,0,0,0,1,0,0,0,0,1,0,0,0,0,1], "F_T_EE": [0.7071,-0.7071,0,0,0.7071,0.7071,0,0,0,0,1,0,0,0,0.1034,1], "EE_T_K": [1,0,0,0,0,1,0,0,0,0,1,0,0,0,0,1], "m_ee": 0.73, "F_x_Cee": [-0.01,0,0.03], "I_ee": [0.001,0,0,0,0.0025,0,0,0,0.0017], "m_load": 0, "F_x_Cload": [0,0,0], "I_load": [0,0,0,0,0,0,0,0,0], "m_total": 0.73, "F_x_Ctotal": [-0.01,0,0.03], "I_total": [0.001,0,0,0,0.0025,0,0,0,0.0017], "elbow": [1.85238,-1], "elbow_d": [1.85257,-1], "elbow_c": [1.85257,-1], "delbow_c": [0,0], "ddelbow_c": [0,0], "tau_J": [0.151925,-37.3266,28.9932,-1.48438,0.359318,-0.785842,0.112813], "tau_J_d": [0,0,0,0,0,0,0], "dtau_J": [1.77446,-83.7749,201.532,13.7749,-20.4481,-75.4371,-12.7741], "q": [-0.243124,1.56079,1.85238,-1.59293,-2.87628,2.24345,-1.11049], "dq": [-0.000688496,0.000869878,-0.00258571,-0.000291224,9.80357e-05,0.00123256,0.000316417], "q_d": [-0.243076,1.56065,1.85257,-1.59317,-2.87631,2.24322,-1.11048], "dq_d": [0,0,0,0,0,0,0], "ddq_d": [0,0,0,0,0,0,0], "joint_contact": [0,0,0,0,0,0,0], "cartesian_contact": [0,0,0,0,0,0], "joint_collision": [0,0,0,0,0,0,0], "cartesian_collision": [0,0,0,0,0,0], "tau_ext_hat_filtered": [0.125127,-0.207976,0.140025,-0.473257,-0.00793857,-1.39697,0.132239], "O_F_ext_hat_K": [-5.6186,-1.04994,-0.0448198,0.369011,-2.16314,0.105398], "K_F_ext_hat_K": [0.192272,1.72729,-5.44541,2.14748,0.48625,0.194612], "O_dP_EE_d": [0,0,0,0,0,0], "O_ddP_O": [0,0,-9.81], "O_T_EE_c": [-0.032881,0.0366068,-0.998779,0,-0.472331,0.880113,0.0478072,0,0.880805,0.473336,-0.0116486,0,0.632241,0.514996,0.496759,1], "O_dP_EE_c": [0,0,0,0,0,0], "O_ddP_EE_c": [0,0,0,0,0,0], "theta": [-0.243114,1.55817,1.85441,-1.59303,-2.87624,2.24336,-1.11048], "dtheta": [0,0,0,0,0,0,0], "current_errors": [], "last_motion_errors": ["cartesian_reflex"], "control_command_success_rate": 0, "robot_mode": "User stopped", "time": 16061412}