{"O_T_EE": [-0.0138865,0.0266194,-0.99954,0,-0.525243,0.850414,0.0299451,0,0.850836,0.525427,0.00217245,0,0.599844,0.553939,0.496795,1], "O_T_EE_d": [-0.013915,0.026608,-0.999539,0,-0.52518,0.850452,0.0299505,0,0.850874,0.525365,0.00214,0,0.599787,0.554,0.496797,1], "F_T_NE": [0.7071,-0.7071,0,0,0.7071,0.7071,0,0,0,0,1,0,0,0,0.1034,1], "NE_T_EE": [1,0,0,0,0,1,0,0,0,0,1,0,0,0,0,1], "F_T_EE": [0.7071,-0.7071,0,0,0.7071,0.7071,0,0,0,0,1,0,0,0,0.1034,1], "EE_T_K": [1,0,0,0,0,1,0,0,0,0,1,0,0,0,0,1], "m_ee": 0.73, "F_x_Cee": [-0.01,0,0.03], "I_ee": [0.001,0,0,0,0.0025,0,0,0,0.0017], "m_load": 0, "F_x_Cload": [0,0,0], "I_load": [0,0,0,0,0,0,0,0,0], "m_total": 0.73, "F_x_Ctotal": [-0.01,0,0.03], "I_total": [0.001,0,0,0,0.0025,0,0,0,0.0017], "elbow": [1.82107,-1], "elbow_d": [1.82106,-1], "elbow_c": [1.82106,-1], "delbow_c": [0,0], "ddelbow_c": [0,0], "tau_J": [-0.0742106,-37.2512,29.2551,-0.294195,0.322697,-0.885635,0.122884], "tau_J_d": [0,0,0,0,0,0,0], "dtau_J": [-5.6662,-141.6,36.9675,-171.173,-6.55126,9.01465,-101.514], "q": [-0.189039,1.52058,1.82107,-1.58569,-2.87811,2.25911,-1.07853], "dq": [-0.000900994,0.00135959,-0.000953711,0.00011619,9.6423e-05,-0.000200412,0.0016252], "q_d": [-0.188908,1.52054,1.82106,-1.58573,-2.87813,2.25885,-1.07847], "dq_d": [0,0,0,0,0,0,0], "ddq_d": [0,0,0,0,0,0,0], "joint_contact": [0,0,0,0,0,0,0], "cartesian_contact": [0,0,0,0,0,0], "joint_collision": [0,0,0,0,0,0,0], "cartesian_collision": [0,0,0,0,0,0], "tau_ext_hat_filtered": [-0.123348,-0.309255,0.280429,-0.24623,-0.0619697,-1.41496,0.182555], "O_F_ext_hat_K": [-5.12957,-1.38518,-0.00311226,0.658321,-2.09243,-0.131175], "K_F_ext_hat_K": [0.0374706,1.51623,-5.09224,2.15327,0.33671,0.210002], "O_dP_EE_d": [0,0,0,0,0,0], "O_ddP_O": [0,0,-9.81], "O_T_EE_c": [-0.013915,0.026608,-0.999539,0,-0.52518,0.850452,0.0299505,0,0.850874,0.525365,0.00214,0,0.599787,0.554,0.496797,1], "O_dP_EE_c": [0,0,0,0,0,0], "O_ddP_EE_c": [0,0,0,0,0,0], "theta": [-0.189044,1.51797,1.82312,-1.58571,-2.87807,2.25901,-1.07851], "dtheta": [0,0,0,0,0,0,0], "current_errors": [], "last_motion_errors": ["cartesian_reflex"], "control_command_success_rate": 0, "robot_mode": "User stopped", "time": 16089482}