{"O_T_EE": [-0.035074,0.0309686,-0.998895,0,0.507466,0.861615,0.00889395,0,0.860955,-0.506603,-0.0459367,0,0.764578,-0.285802,0.497356,1], "O_T_EE_d": [-0.0348782,0.0306667,-0.998911,0,0.507698,0.86148,0.00872059,0,0.860826,-0.506851,-0.0456172,0,0.764478,-0.285854,0.497563,1], "F_T_NE": [0.7071,-0.7071,0,0,0.7071,0.7071,0,0,0,0,1,0,0,0,0.1034,1], "NE_T_EE": [1,0,0,0,0,1,0,0,0,0,1,0,0,0,0,1], "F_T_EE": [0.7071,-0.7071,0,0,0.7071,0.7071,0,0,0,0,1,0,0,0,0.1034,1], "EE_T_K": [1,0,0,0,0,1,0,0,0,0,1,0,0,0,0,1], "m_ee": 0.73, "F_x_Cee": [-0.01,0,0.03], "I_ee": [0.001,0,0,0,0.0025,0,0,0,0.0017], "m_load": 0, "F_x_Cload": [0,0,0], "I_load": [0,0,0,0,0,0,0,0,0], "m_total": 0.73, "F_x_Ctotal": [-0.01,0,0.03], "I_total": [0.001,0,0,0,0.0025,0,0,0,0.0017], "elbow": [0.664078,-1], "elbow_d": [0.664038,-1], "elbow_c": [0.664038,-1], "delbow_c": [0,0], "ddelbow_c": [0,0], "tau_J": [0.263009,-38.493,8.66884,19.9429,1.18238,-2.15822,0.224507], "tau_J_d": [0,0,0,0,0,0,0], "dtau_J": [-11.8287,-158.278,-143.49,-9.89481,6.85983,-55.3329,58.2109], "q": [-0.89664,0.512978,0.664078,-1.41745,-2.44286,2.7686,-0.174693], "dq": [0.000612028,0.00103497,0.00162758,0.000936613,-0.000337494,0.000916482,-0.00181402], "q_d": [-0.896766,0.512503,0.664038,-1.4177,-2.44283,2.76839,-0.174646], "dq_d": [0,0,0,0,0,0,0], "ddq_d": [0,0,0,0,0,0,0], "joint_contact": [0,0,0,0,0,0,0], "cartesian_contact": [0,0,0,0,0,0], "joint_collision": [0,0,0,0,0,0,0], "cartesian_collision": [0,0,0,0,0,0], "tau_ext_hat_filtered": [0.234297,0.143918,-0.191859,-1.19148,0.248039,-1.30732,0.194496], "O_F_ext_hat_K": [-4.38502,4.96925,-3.48819,-2.07141,-0.713732,0.24165], "K_F_ext_hat_K": [3.7921,2.02535,-6.1325,2.28574,-1.35724,0.199823], "O_dP_EE_d": [0,0,0,0,0,0], "O_ddP_O": [0,0,-9.81], "O_T_EE_c": [-0.0348782,0.0306667,-0.998911,0,0.507698,0.86148,0.00872059,0,0.860826,-0.506851,-0.0456172,0,0.764478,-0.285854,0.497563,1], "O_dP_EE_c": [0,0,0,0,0,0], "O_ddP_EE_c": [0,0,0,0,0,0], "theta": [-0.896621,0.510276,0.664687,-1.41605,-2.44273,2.76836,-0.174668], "dtheta": [0,0,0,0,0,0,0], "current_errors": [], "last_motion_errors": ["cartesian_reflex"], "control_command_success_rate": 0, "robot_mode": "User stopped", "time": 16523307}