{"O_T_EE": [-0.0364945,0.0372467,-0.99863,0,0.449779,0.89297,0.0168688,0,0.892392,-0.448556,-0.0493422,0,0.77976,-0.238331,0.49783,1], "O_T_EE_d": [-0.0364274,0.0369135,-0.998645,0,0.449965,0.892881,0.0165908,0,0.892301,-0.448759,-0.0491361,0,0.779664,-0.238396,0.497971,1], "F_T_NE": [0.7071,-0.7071,0,0,0.7071,0.7071,0,0,0,0,1,0,0,0,0.1034,1], "NE_T_EE": [1,0,0,0,0,1,0,0,0,0,1,0,0,0,0,1], "F_T_EE": [0.7071,-0.7071,0,0,0.7071,0.7071,0,0,0,0,1,0,0,0,0.1034,1], "EE_T_K": [1,0,0,0,0,1,0,0,0,0,1,0,0,0,0,1], "m_ee": 0.73, "F_x_Cee": [-0.01,0,0.03], "I_ee": [0.001,0,0,0,0.0025,0,0,0,0.0017], "m_load": 0, "F_x_Cload": [0,0,0], "I_load": [0,0,0,0,0,0,0,0,0], "m_total": 0.73, "F_x_Ctotal": [-0.01,0,0.03], "I_total": [0.001,0,0,0,0.0025,0,0,0,0.0017], "elbow": [0.696689,-1], "elbow_d": [0.696635,-1], "elbow_c": [0.696635,-1], "delbow_c": [0,0], "ddelbow_c": [0,0], "tau_J": [0.227303,-38.9452,9.38295,19.5621,1.20984,-1.7975,0.0414016], "tau_J_d": [0,0,0,0,0,0,0], "dtau_J": [24.6206,-27.2645,78.2626,50.129,8.55621,-12.3176,-60.1282], "q": [-0.861429,0.519266,0.696689,-1.42081,-2.44292,2.76942,-0.183243], "dq": [-0.000377251,-0.000361728,-0.000924303,0.00534734,-0.00102328,-0.000324901,0.00144614], "q_d": [-0.861573,0.518846,0.696635,-1.42106,-2.44292,2.7693,-0.183275], "dq_d": [0,0,0,0,0,0,0], "ddq_d": [0,0,0,0,0,0,0], "joint_contact": [0,0,0,0,0,0,0], "cartesian_contact": [0,0,0,0,0,0], "joint_collision": [0,0,0,0,0,0,0], "cartesian_collision": [0,0,0,0,0,0], "tau_ext_hat_filtered": [0.306668,-0.73447,0.0553017,-1.48445,0.257631,-1.00909,0.105221], "O_F_ext_hat_K": [-8.6201,6.11624,-2.77881,-2.85996,-3.03816,0.302276], "K_F_ext_hat_K": [3.31746,1.53763,-10.2989,2.39259,-1.07137,0.102828], "O_dP_EE_d": [0,0,0,0,0,0], "O_ddP_O": [0,0,-9.81], "O_T_EE_c": [-0.0364274,0.0369135,-0.998645,0,0.449965,0.892881,0.0165908,0,0.892301,-0.448759,-0.0491361,0,0.779664,-0.238396,0.497971,1], "O_dP_EE_c": [0,0,0,0,0,0], "O_ddP_EE_c": [0,0,0,0,0,0], "theta": [-0.861413,0.516533,0.697348,-1.41943,-2.44278,2.76922,-0.183239], "dtheta": [0,0,0,0,0,0,0], "current_errors": [], "last_motion_errors": ["cartesian_reflex"], "control_command_success_rate": 0, "robot_mode": "User stopped", "time": 16502980}