{"O_T_EE": [0.0107227,0.0300784,-0.99948,0,0.998864,-0.0465347,0.00931569,0,-0.0462312,-0.998464,-0.0305438,0,0.0918298,-0.82285,0.507701,1], "O_T_EE_d": [0.0107014,0.0299982,-0.999483,0,0.998854,-0.0467482,0.00929159,0,-0.0464462,-0.998456,-0.0304647,0,0.0917652,-0.822855,0.507717,1], "F_T_NE": [0.7071,-0.7071,0,0,0.7071,0.7071,0,0,0,0,1,0,0,0,0.1034,1], "NE_T_EE": [1,0,0,0,0,1,0,0,0,0,1,0,0,0,0,1], "F_T_EE": [0.7071,-0.7071,0,0,0.7071,0.7071,0,0,0,0,1,0,0,0,0.1034,1], "EE_T_K": [1,0,0,0,0,1,0,0,0,0,1,0,0,0,0,1], "m_ee": 0.73, "F_x_Cee": [-0.01,0,0.03], "I_ee": [0.001,0,0,0,0.0025,0,0,0,0.0017], "m_load": 0, "F_x_Cload": [0,0,0], "I_load": [0,0,0,0,0,0,0,0,0], "m_total": 0.73, "F_x_Ctotal": [-0.01,0,0.03], "I_total": [0.001,0,0,0,0.0025,0,0,0,0.0017], "elbow": [-2.3209,-1], "elbow_d": [-2.3209,-1], "elbow_c": [-2.3209,-1], "delbow_c": [0,0], "ddelbow_c": [0,0], "tau_J": [0.112252,39.5078,12.1561,19.6374,1.26477,-1.97786,-0.0199387], "tau_J_d": [0,0,0,0,0,0,0], "dtau_J": [-143.524,69.51,88.649,17.7361,25.4237,-44.0299,-28.3591], "q": [1.05446,-0.606202,-2.3209,-1.3563,-2.45429,2.75385,-0.290754], "dq": [0.0016769,-0.000205899,-0.00703512,-0.00126245,0.00619224,0.00068472,0.00163365], "q_d": [1.0544,-0.606145,-2.3209,-1.35638,-2.45428,2.75364,-0.290738], "dq_d": [0,0,0,0,0,0,0], "ddq_d": [0,0,0,0,0,0,0], "joint_contact": [0,0,0,0,0,0,0], "cartesian_contact": [0,0,0,0,0,0], "joint_collision": [0,0,0,0,0,0,0], "cartesian_collision": [0,0,0,0,0,0], "tau_ext_hat_filtered": [0.251425,0.916483,0.279454,-0.525244,0.197479,-1.26214,0.0229586], "O_F_ext_hat_K": [2.3957,6.89896,-1.51868,-3.05851,1.3851,0.313875], "K_F_ext_hat_K": [1.75112,2.05783,-6.95273,2.28203,-0.827427,0.0779153], "O_dP_EE_d": [0,0,0,0,0,0], "O_ddP_O": [0,0,-9.81], "O_T_EE_c": [0.0107014,0.0299982,-0.999483,0,0.998854,-0.0467482,0.00929159,0,-0.0464462,-0.998456,-0.0304647,0,0.0917652,-0.822855,0.507717,1], "O_dP_EE_c": [0,0,0,0,0,0], "O_ddP_EE_c": [0,0,0,0,0,0], "theta": [1.05447,-0.60343,-2.32005,-1.35492,-2.45415,2.75363,-0.290756], "dtheta": [0,0,0,0,0,0,0], "current_errors": [], "last_motion_errors": ["cartesian_reflex"], "control_command_success_rate": 0, "robot_mode": "User stopped", "time": 17183390}