{"O_T_EE": [0.0251452,-0.0310273,-0.999193,0,0.75827,-0.650741,0.0392893,0,-0.651447,-0.75866,0.00716421,0,-0.441714,-0.712098,0.503337,1], "O_T_EE_d": [0.0251421,-0.031127,-0.99919,0,0.758231,-0.650782,0.0393523,0,-0.651492,-0.758621,0.00723957,0,-0.441676,-0.712069,0.503425,1], "F_T_NE": [0.7071,-0.7071,0,0,0.7071,0.7071,0,0,0,0,1,0,0,0,0.1034,1], "NE_T_EE": [1,0,0,0,0,1,0,0,0,0,1,0,0,0,0,1], "F_T_EE": [0.7071,-0.7071,0,0,0.7071,0.7071,0,0,0,0,1,0,0,0,0.1034,1], "EE_T_K": [1,0,0,0,0,1,0,0,0,0,1,0,0,0,0,1], "m_ee": 0.73, "F_x_Cee": [-0.01,0,0.03], "I_ee": [0.001,0,0,0,0.0025,0,0,0,0.0017], "m_load": 0, "F_x_Cload": [0,0,0], "I_load": [0,0,0,0,0,0,0,0,0], "m_total": 0.73, "F_x_Ctotal": [-0.01,0,0.03], "I_total": [0.001,0,0,0,0.0025,0,0,0,0.0017], "elbow": [-1.29945,-1], "elbow_d": [-1.29934,-1], "elbow_c": [-1.29934,-1], "delbow_c": [0,0], "ddelbow_c": [0,0], "tau_J": [0.151925,40.2259,28.6917,-2.25007,0.678837,-0.524917,0.112813], "tau_J_d": [0,0,0,0,0,0,0], "dtau_J": [-13.6336,23.6779,110.052,103.814,19.2631,-32.6534,-117.72], "q": [0.153408,-1.53865,-1.29945,-1.45348,-2.8685,2.35523,-1.12948], "dq": [-0.000662658,-0.000269,-0.000761026,-0.00688178,-0.000377031,0.000251873,0.00249004], "q_d": [0.153355,-1.53861,-1.29934,-1.45366,-2.86851,2.35503,-1.12943], "dq_d": [0,0,0,0,0,0,0], "ddq_d": [0,0,0,0,0,0,0], "joint_contact": [0,0,0,0,0,0,0], "cartesian_contact": [0,0,0,0,0,0], "joint_collision": [0,0,0,0,0,0,0], "cartesian_collision": [0,0,0,0,0,0], "tau_ext_hat_filtered": [0.208764,0.551207,0.662177,-1.06485,-0.0013758,-1.11151,0.184566], "O_F_ext_hat_K": [6.5451,5.48271,-0.0420551,-2.50365,2.71644,0.186882], "K_F_ext_hat_K": [0.0364861,1.39351,-8.4236,2.07349,0.454713,0.262413], "O_dP_EE_d": [0,0,0,0,0,0], "O_ddP_O": [0,0,-9.81], "O_T_EE_c": [0.0251421,-0.031127,-0.99919,0,0.758231,-0.650782,0.0393523,0,-0.651492,-0.758621,0.00723957,0,-0.441676,-0.712069,0.503425,1], "O_dP_EE_c": [0,0,0,0,0,0], "O_ddP_EE_c": [0,0,0,0,0,0], "theta": [0.153417,-1.53582,-1.29743,-1.45364,-2.86842,2.35517,-1.12947], "dtheta": [0,0,0,-0.024806,0,0,0], "current_errors": [], "last_motion_errors": ["cartesian_reflex"], "control_command_success_rate": 0, "robot_mode": "User stopped", "time": 17330352}