{"O_T_EE": [-0.00883597,0.0320639,-0.999437,0,-0.925106,-0.379663,-0.00400154,0,-0.379585,0.924568,0.0330179,0,-0.448822,0.69498,0.609492,1], "O_T_EE_d": [-0.00887621,0.0324478,-0.999424,0,-0.925376,-0.379004,-0.00408636,0,-0.378926,0.924824,0.0333911,0,-0.448502,0.695156,0.609707,1], "F_T_NE": [0.7071,-0.7071,0,0,0.7071,0.7071,0,0,0,0,1,0,0,0,0.1034,1], "NE_T_EE": [1,0,0,0,0,1,0,0,0,0,1,0,0,0,0,1], "F_T_EE": [0.7071,-0.7071,0,0,0.7071,0.7071,0,0,0,0,1,0,0,0,0.1034,1], "EE_T_K": [1,0,0,0,0,1,0,0,0,0,1,0,0,0,0,1], "m_ee": 0.73, "F_x_Cee": [-0.01,0,0.03], "I_ee": [0.001,0,0,0,0.0025,0,0,0,0.0017], "m_load": 0, "F_x_Cload": [0,0,0], "I_load": [0,0,0,0,0,0,0,0,0], "m_total": 0.73, "F_x_Ctotal": [-0.01,0,0.03], "I_total": [0.001,0,0,0,0.0025,0,0,0,0.0017], "elbow": [-2.44044,-1], "elbow_d": [-2.44051,-1], "elbow_c": [-2.44051,-1], "delbow_c": [0,0], "ddelbow_c": [0,0], "tau_J": [-2.08959,41.543,8.33162,21.7084,1.34626,-2.31844,-0.081279], "tau_J_d": [0,0,0,0,0,0,0], "dtau_J": [-13.2925,-176.597,77.8467,148.197,-24.5633,-9.17797,-16.1939], "q": [-1.52071,-0.549781,-2.44044,-1.18954,-2.18865,2.82609,-0.512743], "dq": [0.000969188,0.00224823,0.00175141,-0.00099152,-0.00688962,0.000172539,0.00100942], "q_d": [-1.52101,-0.549599,-2.44051,-1.1894,-2.18866,2.82578,-0.512772], "dq_d": [0,0,0,0,0,0,0], "ddq_d": [0,0,0,0,0,0,0], "joint_contact": [0,0,0,0,0,0,0], "cartesian_contact": [0,0,0,0,0,0], "joint_collision": [0,0,0,0,0,0,0], "cartesian_collision": [0,0,0,0,0,0], "tau_ext_hat_filtered": [-2.11983,1.95446,-1.05133,0.918029,-0.101536,-1.80327,-0.0479206], "O_F_ext_hat_K": [4.51307,-7.18117,-1.06406,4.32635,2.6337,-2.03423], "K_F_ext_hat_K": [0.793345,-1.44441,-8.38771,2.1251,-0.765916,0.00184618], "O_dP_EE_d": [0,0,0,0,0,0], "O_ddP_O": [0,0,-9.81], "O_T_EE_c": [-0.00887621,0.0324478,-0.999424,0,-0.925376,-0.379004,-0.00408636,0,-0.378926,0.924824,0.0333911,0,-0.448502,0.695156,0.609707,1], "O_dP_EE_c": [0,0,0,0,0,0], "O_ddP_EE_c": [0,0,0,0,0,0], "theta": [-1.52085,-0.546864,-2.43985,-1.18802,-2.1885,2.82583,-0.512752], "dtheta": [0,0,0,0,0,0,0], "current_errors": [], "last_motion_errors": ["cartesian_reflex"], "control_command_success_rate": 0, "robot_mode": "User stopped", "time": 17501727}