{"O_T_EE": [-0.0143821,0.0464343,-0.998808,0,-0.942202,0.333751,0.029083,0,0.33471,0.941516,0.0389512,0,0.134564,0.805452,0.595133,1], "O_T_EE_d": [-0.0144418,0.0463504,-0.998811,0,-0.942005,0.334303,0.029134,0,0.335263,0.941324,0.0388351,0,0.134795,0.805437,0.595128,1], "F_T_NE": [0.7071,-0.7071,0,0,0.7071,0.7071,0,0,0,0,1,0,0,0,0.1034,1], "NE_T_EE": [1,0,0,0,0,1,0,0,0,0,1,0,0,0,0,1], "F_T_EE": [0.7071,-0.7071,0,0,0.7071,0.7071,0,0,0,0,1,0,0,0,0.1034,1], "EE_T_K": [1,0,0,0,0,1,0,0,0,0,1,0,0,0,0,1], "m_ee": 0.73, "F_x_Cee": [-0.01,0,0.03], "I_ee": [0.001,0,0,0,0.0025,0,0,0,0.0017], "m_load": 0, "F_x_Cload": [0,0,0], "I_load": [0,0,0,0,0,0,0,0,0], "m_total": 0.73, "F_x_Ctotal": [-0.01,0,0.03], "I_total": [0.001,0,0,0,0.0025,0,0,0,0.0017], "elbow": [1.87737,-1], "elbow_d": [1.87738,-1], "elbow_c": [1.87738,-1], "delbow_c": [0,0], "ddelbow_c": [0,0], "tau_J": [-1.23266,-37.9296,27.1564,2.46307,0.487492,-1.30678,0.194295], "tau_J_d": [0,0,0,0,0,0,0], "dtau_J": [-4.04584,7.58068,-51.0169,-143.614,2.96496,13.1,36.1422], "q": [0.529358,1.38041,1.87737,-1.43687,-2.72789,2.31516,-1.1657], "dq": [-0.000718393,0.000276568,-0.000324277,0.00248063,-0.00594509,-0.000248008,-0.000987098], "q_d": [0.529206,1.38038,1.87738,-1.43683,-2.72793,2.31474,-1.16565], "dq_d": [0,0,0,0,0,0,0], "ddq_d": [0,0,0,0,0,0,0], "joint_contact": [0,0,0,0,0,0,0], "cartesian_contact": [0,0,0,0,0,0], "joint_collision": [0,0,0,0,0,0,0], "cartesian_collision": [0,0,0,0,0,0], "tau_ext_hat_filtered": [-1.2434,0.0613447,0.0661912,0.727908,-0.0727464,-1.87916,0.183594], "O_F_ext_hat_K": [-1.90773,-4.27434,-0.547169,1.64312,-0.533452,-1.26906], "K_F_ext_hat_K": [0.375485,0.354997,-4.68421,2.25899,0.544779,0.256545], "O_dP_EE_d": [0,0,0,0,0,0], "O_ddP_O": [0,0,-9.81], "O_T_EE_c": [-0.0144418,0.0463504,-0.998811,0,-0.942005,0.334303,0.029134,0,0.335263,0.941324,0.0388351,0,0.134795,0.805437,0.595128,1], "O_dP_EE_c": [0,0,0,0,0,0], "O_ddP_EE_c": [0,0,0,0,0,0], "theta": [0.529271,1.37775,1.87928,-1.43669,-2.72784,2.31502,-1.16568], "dtheta": [0,0,0,0,0,0,0], "current_errors": [], "last_motion_errors": ["cartesian_reflex"], "control_command_success_rate": 0, "robot_mode": "User stopped", "time": 17688851}