{"O_T_EE": [0.0102727,0.00578217,-0.999921,0,0.759767,0.650078,0.0115646,0,0.650106,-0.75984,0.00228497,0,0.614455,-0.509217,0.607658,1], "O_T_EE_d": [0.0102926,0.00575187,-0.999921,0,0.760038,0.649761,0.0115611,0,0.649788,-0.760112,0.00231616,0,0.614338,-0.509352,0.607681,1], "F_T_NE": [0.7071,-0.7071,0,0,0.7071,0.7071,0,0,0,0,1,0,0,0,0.1034,1], "NE_T_EE": [1,0,0,0,0,1,0,0,0,0,1,0,0,0,0,1], "F_T_EE": [0.7071,-0.7071,0,0,0.7071,0.7071,0,0,0,0,1,0,0,0,0.1034,1], "EE_T_K": [1,0,0,0,0,1,0,0,0,0,1,0,0,0,0,1], "m_ee": 0.73, "F_x_Cee": [-0.01,0,0.03], "I_ee": [0.001,0,0,0,0.0025,0,0,0,0.0017], "m_load": 0, "F_x_Cload": [0,0,0], "I_load": [0,0,0,0,0,0,0,0,0], "m_total": 0.73, "F_x_Ctotal": [-0.01,0,0.03], "I_total": [0.001,0,0,0,0.0025,0,0,0,0.0017], "elbow": [-1.69473,-1], "elbow_d": [-1.6947,-1], "elbow_c": [-1.6947,-1], "delbow_c": [0,0], "ddelbow_c": [0,0], "tau_J": [0.0368734,31.6685,21.1182,14.7299,1.29132,-1.27657,0.132954], "tau_J_d": [0,0,0,0,0,0,0], "dtau_J": [-195.527,-128.055,-15.2374,2.37899,6.21734,-40.9735,-84.3452], "q": [1.47712,-0.808758,-1.69473,-1.42545,-2.35819,2.56252,-0.791372], "dq": [0.00120504,0.000860982,0.000802042,0.000652434,-0.000128773,0.000320457,0.000523243], "q_d": [1.47691,-0.808695,-1.6947,-1.42549,-2.35819,2.56226,-0.791326], "dq_d": [0,0,0,0,0,0,0], "ddq_d": [0,0,0,0,0,0,0], "joint_contact": [0,0,0,0,0,0,0], "cartesian_contact": [0,0,0,0,0,0], "joint_collision": [0,0,0,0,0,0,0], "cartesian_collision": [0,0,0,0,0,0], "tau_ext_hat_filtered": [0.111249,0.625301,0.491406,-0.695106,0.195072,-1.28646,0.178121], "O_F_ext_hat_K": [-3.1945,6.3862,-1.52055,-2.94207,-1.28083,0.14809], "K_F_ext_hat_K": [1.52457,1.7069,-6.93273,2.14921,-0.078234,0.310058], "O_dP_EE_d": [0,0,0,0,0,0], "O_ddP_O": [0,0,-9.81], "O_T_EE_c": [0.0102926,0.00575187,-0.999921,0,0.760038,0.649761,0.0115611,0,0.649788,-0.760112,0.00231616,0,0.614338,-0.509352,0.607681,1], "O_dP_EE_c": [0,0,0,0,0,0], "O_ddP_EE_c": [0,0,0,0,0,0], "theta": [1.47712,-0.806535,-1.69324,-1.42442,-2.35805,2.56238,-0.791357], "dtheta": [0,0,0,0,0,0,0], "current_errors": [], "last_motion_errors": ["cartesian_reflex"], "control_command_success_rate": 0, "robot_mode": "User stopped", "time": 18542545}