{"O_T_EE": [0.00463256,-0.0110184,-0.999919,0,0.872885,0.487904,-0.00133232,0,0.487889,-0.872825,0.0118782,0,0.487291,-0.635726,0.606116,1], "O_T_EE_d": [0.00454929,-0.0112385,-0.999917,0,0.873126,0.487472,-0.00150648,0,0.487458,-0.873064,0.0120305,0,0.487138,-0.635812,0.606216,1], "F_T_NE": [0.7071,-0.7071,0,0,0.7071,0.7071,0,0,0,0,1,0,0,0,0.1034,1], "NE_T_EE": [1,0,0,0,0,1,0,0,0,0,1,0,0,0,0,1], "F_T_EE": [0.7071,-0.7071,0,0,0.7071,0.7071,0,0,0,0,1,0,0,0,0.1034,1], "EE_T_K": [1,0,0,0,0,1,0,0,0,0,1,0,0,0,0,1], "m_ee": 0.73, "F_x_Cee": [-0.01,0,0.03], "I_ee": [0.001,0,0,0,0.0025,0,0,0,0.0017], "m_load": 0, "F_x_Cload": [0,0,0], "I_load": [0,0,0,0,0,0,0,0,0], "m_total": 0.73, "F_x_Ctotal": [-0.01,0,0.03], "I_total": [0.001,0,0,0,0.0025,0,0,0,0.0017], "elbow": [-1.69674,-1], "elbow_d": [-1.69677,-1], "elbow_c": [-1.69677,-1], "delbow_c": [0,0], "ddelbow_c": [0,0], "tau_J": [-0.931144,32.3072,20.9674,14.6545,1.07251,-1.47707,0.153096], "tau_J_d": [0,0,0,0,0,0,0], "dtau_J": [40.0819,-98.1381,40.1489,-101.339,-17.9351,-17.4398,60.8381], "q": [1.26039,-0.829532,-1.69674,-1.40685,-2.38382,2.59649,-0.803396], "dq": [-0.000267729,9.82935e-05,-0.000445191,0.000119979,0.000739569,-4.55697e-05,-0.00153349], "q_d": [1.26017,-0.829259,-1.69677,-1.40687,-2.38382,2.59621,-0.803349], "dq_d": [0,0,0,0,0,0,0], "ddq_d": [0,0,0,0,0,0,0], "joint_contact": [0,0,0,0,0,0,0], "cartesian_contact": [0,0,0,0,0,0], "joint_collision": [0,0,0,0,0,0,0], "cartesian_collision": [0,0,0,0,0,0], "tau_ext_hat_filtered": [-0.949668,0.485403,0.0166668,-0.339388,-0.0891266,-1.47948,0.130087], "O_F_ext_hat_K": [-3.82618,7.63815,-2.6056,-3.3608,-1.62479,-0.908658], "K_F_ext_hat_K": [2.50356,0.390352,-8.56446,2.20265,-0.616279,0.286964], "O_dP_EE_d": [0,0,0,0,0,0], "O_ddP_O": [0,0,-9.81], "O_T_EE_c": [0.00454929,-0.0112385,-0.999917,0,0.873126,0.487472,-0.00150648,0,0.487458,-0.873064,0.0120305,0,0.487138,-0.635812,0.606216,1], "O_dP_EE_c": [0,0,0,0,0,0], "O_ddP_EE_c": [0,0,0,0,0,0], "theta": [1.26032,-0.827266,-1.69527,-1.40582,-2.3837,2.59632,-0.803379], "dtheta": [0,0,0,0,0,0,0], "current_errors": [], "last_motion_errors": ["cartesian_reflex"], "control_command_success_rate": 0, "robot_mode": "User stopped", "time": 18757683}