{"O_T_EE": [0.016425,0.025858,-0.999521,0,0.150895,0.988142,0.0280432,0,0.988413,-0.151286,0.0123287,0,0.755938,0.0111516,0.698386,1], "O_T_EE_d": [0.0164519,0.0258249,-0.999521,0,0.15087,0.988147,0.0280143,0,0.988416,-0.151262,0.0123609,0,0.755883,0.0112227,0.698432,1], "F_T_NE": [0.7071,-0.7071,0,0,0.7071,0.7071,0,0,0,0,1,0,0,0,0.1034,1], "NE_T_EE": [1,0,0,0,0,1,0,0,0,0,1,0,0,0,0,1], "F_T_EE": [0.7071,-0.7071,0,0,0.7071,0.7071,0,0,0,0,1,0,0,0,0.1034,1], "EE_T_K": [1,0,0,0,0,1,0,0,0,0,1,0,0,0,0,1], "m_ee": 0.73, "F_x_Cee": [-0.01,0,0.03], "I_ee": [0.001,0,0,0,0.0025,0,0,0,0.0017], "m_load": 0, "F_x_Cload": [0,0,0], "I_load": [0,0,0,0,0,0,0,0,0], "m_total": 0.73, "F_x_Ctotal": [-0.01,0,0.03], "I_total": [0.001,0,0,0,0.0025,0,0,0,0.0017], "elbow": [1.90372,-1], "elbow_d": [1.90383,-1], "elbow_c": [1.90383,-1], "delbow_c": [0,0], "ddelbow_c": [0,0], "tau_J": [-0.0742106,-31.1813,24.9426,7.29522,0.678837,-0.514846,0.174153], "tau_J_d": [0,0,0,0,0,0,0], "dtau_J": [58.6094,-165.99,24.6877,-79.4835,0.259068,16.759,5.50092], "q": [-1.00391,1.11032,1.90372,-1.48932,-2.38549,2.29913,-1.20018], "dq": [-0.000301651,0.00168864,0.00055481,0.000675364,0.000316783,-0.000153477,-4.35186e-05], "q_d": [-1.00394,1.11026,1.90383,-1.48947,-2.38548,2.29899,-1.20016], "dq_d": [0,0,0,0,0,0,0], "ddq_d": [0,0,0,0,0,0,0], "joint_contact": [0,0,0,0,0,0,0], "cartesian_contact": [0,0,0,0,0,0], "joint_collision": [0,0,0,0,0,0,0], "cartesian_collision": [0,0,0,0,0,0], "tau_ext_hat_filtered": [-0.103277,-0.301028,0.146741,-0.513256,0.143843,-1.19614,0.185078], "O_F_ext_hat_K": [-4.97719,1.78539,-1.23624,-0.884331,-1.99968,-0.148119], "K_F_ext_hat_K": [1.20009,0.978543,-5.20487,1.57273,0.548548,0.270871], "O_dP_EE_d": [0,0,0,0,0,0], "O_ddP_O": [0,0,-9.81], "O_T_EE_c": [0.0164519,0.0258249,-0.999521,0,0.15087,0.988147,0.0280143,0,0.988416,-0.151262,0.0123609,0,0.755883,0.0112227,0.698432,1], "O_dP_EE_c": [0,0,0,0,0,0], "O_ddP_EE_c": [0,0,0,0,0,0], "theta": [-1.00391,1.10813,1.90547,-1.48881,-2.38542,2.29907,-1.20016], "dtheta": [0,0,0,0,0,0,0], "current_errors": [], "last_motion_errors": [], "control_command_success_rate": 0, "robot_mode": "User stopped", "time": 1337470}