{"O_T_EE": [0.0236137,-0.033432,-0.999152,0,0.976316,-0.214179,0.0302405,0,-0.215012,-0.976222,0.0275832,0,-0.0569036,-0.772649,0.704155,1], "O_T_EE_d": [0.0235958,-0.0334222,-0.999153,0,0.976307,-0.214223,0.0302222,0,-0.215056,-0.976212,0.0275761,0,-0.0568415,-0.772614,0.704183,1], "F_T_NE": [0.7071,-0.7071,0,0,0.7071,0.7071,0,0,0,0,1,0,0,0,0.1034,1], "NE_T_EE": [1,0,0,0,0,1,0,0,0,0,1,0,0,0,0,1], "F_T_EE": [0.7071,-0.7071,0,0,0.7071,0.7071,0,0,0,0,1,0,0,0,0.1034,1], "EE_T_K": [1,0,0,0,0,1,0,0,0,0,1,0,0,0,0,1], "m_ee": 0.73, "F_x_Cee": [-0.01,0,0.03], "I_ee": [0.001,0,0,0,0.0025,0,0,0,0.0017], "m_load": 0, "F_x_Cload": [0,0,0], "I_load": [0,0,0,0,0,0,0,0,0], "m_total": 0.73, "F_x_Ctotal": [-0.01,0,0.03], "I_total": [0.001,0,0,0,0.0025,0,0,0,0.0017], "elbow": [-1.15147,-1], "elbow_d": [-1.15143,-1], "elbow_c": [-1.15143,-1], "delbow_c": [0,0], "ddelbow_c": [0,0], "tau_J": [0.600228,36.4173,25.7678,2.08221,0.807011,-0.194412,0.255635], "tau_J_d": [0,0,0,0,0,0,0], "dtau_J": [34.4188,20.8417,-77.9443,26.8841,20.918,-28.8098,81.5425], "q": [0.600783,-1.25325,-1.15147,-1.40285,-2.48565,2.28111,-1.33549], "dq": [-0.000109768,-0.0012679,0.00415135,-0.00200436,-0.000287399,2.72118e-05,-0.0036133], "q_d": [0.600774,-1.25318,-1.15143,-1.40299,-2.48566,2.28091,-1.33542], "dq_d": [0,0,0,0,0,0,0], "ddq_d": [0,0,0,0,0,0,0], "joint_contact": [0,0,0,0,0,0,0], "cartesian_contact": [0,0,0,0,0,0], "joint_collision": [0,0,0,0,0,0,0], "cartesian_collision": [0,0,0,0,0,0], "tau_ext_hat_filtered": [0.557322,0.914028,0.862818,-1.30115,0.277295,-1.04704,0.20004], "O_F_ext_hat_K": [3.14131,7.67045,-1.02828,-3.65859,1.58113,0.491597], "K_F_ext_hat_K": [0.845163,1.39299,-8.19184,1.53931,1.0028,0.313514], "O_dP_EE_d": [0,0,0,0,0,0], "O_ddP_O": [0,0,-9.81], "O_T_EE_c": [0.0235958,-0.0334222,-0.999153,0,0.976307,-0.214223,0.0302222,0,-0.215056,-0.976212,0.0275761,0,-0.0568415,-0.772614,0.704183,1], "O_dP_EE_c": [0,0,0,0,0,0], "O_ddP_EE_c": [0,0,0,0,0,0], "theta": [0.600825,-1.2507,-1.14966,-1.4027,-2.48556,2.28109,-1.33546], "dtheta": [0,0,0,0,0,0,0], "current_errors": [], "last_motion_errors": [], "control_command_success_rate": 0, "robot_mode": "User stopped", "time": 1879462}