{"O_T_EE": [-0.0418231,0.00340595,-0.99911,0,-0.481381,0.876195,0.0231377,0,0.875511,0.481929,-0.0350063,0,0.554253,0.448422,0.799087,1], "O_T_EE_d": [-0.041925,0.00340916,-0.999105,0,-0.481311,0.876232,0.023187,0,0.875544,0.481862,-0.0350959,0,0.554122,0.448418,0.79918,1], "F_T_NE": [0.7071,-0.7071,0,0,0.7071,0.7071,0,0,0,0,1,0,0,0,0.1034,1], "NE_T_EE": [1,0,0,0,0,1,0,0,0,0,1,0,0,0,0,1], "F_T_EE": [0.7071,-0.7071,0,0,0.7071,0.7071,0,0,0,0,1,0,0,0,0.1034,1], "EE_T_K": [1,0,0,0,0,1,0,0,0,0,1,0,0,0,0,1], "m_ee": 0.73, "F_x_Cee": [-0.01,0,0.03], "I_ee": [0.001,0,0,0,0.0025,0,0,0,0.0017], "m_load": 0, "F_x_Cload": [0,0,0], "I_load": [0,0,0,0,0,0,0,0,0], "m_total": 0.73, "F_x_Ctotal": [-0.01,0,0.03], "I_total": [0.001,0,0,0,0.0025,0,0,0,0.0017], "elbow": [-0.139069,-1], "elbow_d": [-0.138979,-1], "elbow_c": [-0.138979,-1], "delbow_c": [0,0], "ddelbow_c": [0,0], "tau_J": [-0.41143,-32.7245,-0.630475,20.1334,1.95966,-0.415054,0.071614], "tau_J_d": [0,0,0,0,0,0,0], "dtau_J": [-91.598,31.5611,-55.958,-3.37764,-33.5929,-13.2173,23.2689], "q": [0.752621,0.107728,-0.139069,-1.39584,-0.8134,2.98917,-1.50657], "dq": [0.000256225,-0.00109494,0.000371574,-0.00129067,6.01273e-05,0.000533303,-0.00220579], "q_d": [0.752763,0.107417,-0.138979,-1.39595,-0.813417,2.98876,-1.50657], "dq_d": [0,0,0,0,0,0,0], "ddq_d": [0,0,0,0,0,0,0], "joint_contact": [0,0,0,0,0,0,0], "cartesian_contact": [0,0,0,0,0,0], "joint_collision": [0,0,0,0,0,0,0], "cartesian_collision": [0,0,0,0,0,0], "tau_ext_hat_filtered": [-0.388263,-0.861971,-0.463643,-1.0131,-0.0625925,-1.60535,0.0538997], "O_F_ext_hat_K": [0,0,0,0,0,0], "K_F_ext_hat_K": [0,0,0,0,0,0], "O_dP_EE_d": [0,0,0,0,0,0], "O_ddP_O": [0,0,-9.81], "O_T_EE_c": [-0.041925,0.00340916,-0.999105,0,-0.481311,0.876232,0.023187,0,0.875544,0.481862,-0.0350959,0,0.554122,0.448418,0.79918,1], "O_dP_EE_c": [0,0,0,0,0,0], "O_ddP_EE_c": [0,0,0,0,0,0], "theta": [0.752593,0.105432,-0.139113,-1.39443,-0.813182,2.98912,-1.50656], "dtheta": [0,0,0,0,0,0,0], "current_errors": [], "last_motion_errors": ["cartesian_reflex"], "control_command_success_rate": 0, "robot_mode": "User stopped", "time": 3423008}