{"O_T_EE": [0.0509248,-0.0483561,-0.997521,0,0.96469,0.260796,0.0366062,0,0.258385,-0.964181,0.0599307,0,0.292326,-0.650095,0.802794,1], "O_T_EE_d": [0.050954,-0.0482889,-0.997523,0,0.964792,0.260407,0.036676,0,0.257996,-0.96429,0.0598586,0,0.292146,-0.650125,0.802841,1], "F_T_NE": [0.7071,-0.7071,0,0,0.7071,0.7071,0,0,0,0,1,0,0,0,0.1034,1], "NE_T_EE": [1,0,0,0,0,1,0,0,0,0,1,0,0,0,0,1], "F_T_EE": [0.7071,-0.7071,0,0,0.7071,0.7071,0,0,0,0,1,0,0,0,0.1034,1], "EE_T_K": [1,0,0,0,0,1,0,0,0,0,1,0,0,0,0,1], "m_ee": 0.73, "F_x_Cee": [-0.01,0,0.03], "I_ee": [0.001,0,0,0,0.0025,0,0,0,0.0017], "m_load": 0, "F_x_Cload": [0,0,0], "I_load": [0,0,0,0,0,0,0,0,0], "m_total": 0.73, "F_x_Ctotal": [-0.01,0,0.03], "I_total": [0.001,0,0,0,0.0025,0,0,0,0.0017], "elbow": [-0.950315,-1], "elbow_d": [-0.950179,-1], "elbow_c": [-0.950179,-1], "delbow_c": [0,0], "ddelbow_c": [0,0], "tau_J": [-0.371757,33.1007,22.4314,2.19726,0.478336,-0.514846,0.234578], "tau_J_d": [0,0,0,0,0,0,0], "dtau_J": [-54.5439,100.496,-18.3038,-120.633,33.1476,-19.0913,128.303], "q": [1.10524,-1.22771,-0.950315,-1.4237,-2.44614,2.12733,-1.46935], "dq": [0.000290595,-0.000740596,-0.000205003,0.000965386,-0.000611615,0.000210009,-0.00251051], "q_d": [1.10502,-1.22767,-0.950179,-1.42375,-2.44617,2.12699,-1.46932], "dq_d": [0,0,0,0,0,0,0], "ddq_d": [0,0,0,0,0,0,0], "joint_contact": [0,0,0,0,0,0,0], "cartesian_contact": [0,0,0,0,0,0], "joint_collision": [0,0,0,0,0,0,0], "cartesian_collision": [0,0,0,0,0,0], "tau_ext_hat_filtered": [-0.347323,0.0449382,0.179561,-0.456282,0.328842,-1.45857,0.168594], "O_F_ext_hat_K": [-1.66473,6.24822,-2.14817,-2.32959,-0.697457,-0.428929], "K_F_ext_hat_K": [1.75597,-0.0550756,-6.5833,1.23547,1.20423,0.252368], "O_dP_EE_d": [0,0,0,0,0,0], "O_ddP_O": [0,0,-9.81], "O_T_EE_c": [0.050954,-0.0482889,-0.997523,0,0.964792,0.260407,0.036676,0,0.257996,-0.96429,0.0598586,0,0.292146,-0.650125,0.802841,1], "O_dP_EE_c": [0,0,0,0,0,0], "O_ddP_EE_c": [0,0,0,0,0,0], "theta": [1.10522,-1.22539,-0.948742,-1.42355,-2.44609,2.12727,-1.46932], "dtheta": [0,0,0,0,0,0,0], "current_errors": [], "last_motion_errors": ["cartesian_reflex"], "control_command_success_rate": 0, "robot_mode": "User stopped", "time": 4188518}