{"O_T_EE": [-0.00925598,-0.0640222,-0.997896,0,0.887966,-0.459398,0.0212374,0,-0.4598,-0.885918,0.0611029,0,-0.239737,-0.686183,0.80454,1], "O_T_EE_d": [-0.00948804,-0.0641474,-0.997886,0,0.887916,-0.459501,0.0210958,0,-0.459891,-0.885856,0.0613184,0,-0.239617,-0.686104,0.804719,1], "F_T_NE": [0.7071,-0.7071,0,0,0.7071,0.7071,0,0,0,0,1,0,0,0,0.1034,1], "NE_T_EE": [1,0,0,0,0,1,0,0,0,0,1,0,0,0,0,1], "F_T_EE": [0.7071,-0.7071,0,0,0.7071,0.7071,0,0,0,0,1,0,0,0,0.1034,1], "EE_T_K": [1,0,0,0,0,1,0,0,0,0,1,0,0,0,0,1], "m_ee": 0.73, "F_x_Cee": [-0.01,0,0.03], "I_ee": [0.001,0,0,0,0.0025,0,0,0,0.0017], "m_load": 0, "F_x_Cload": [0,0,0], "I_load": [0,0,0,0,0,0,0,0,0], "m_total": 0.73, "F_x_Ctotal": [-0.01,0,0.03], "I_total": [0.001,0,0,0,0.0025,0,0,0,0.0017], "elbow": [-1.42168,-1], "elbow_d": [-1.42149,-1], "elbow_c": [-1.42149,-1], "delbow_c": [0,0], "ddelbow_c": [0,0], "tau_J": [0.338387,26.5388,19.206,13.0438,1.4195,-0.455337,0.0313308], "tau_J_d": [0,0,0,0,0,0,0], "dtau_J": [62.6406,49.3803,-67.6724,26.139,-20.3592,3.83407,-108.155], "q": [0.175732,-0.733233,-1.42168,-1.27694,-1.97423,2.53586,-1.2396], "dq": [-0.00537551,-0.000571747,0.00194514,0.00150134,5.19642e-05,-0.000323724,0.0025187], "q_d": [0.175624,-0.732922,-1.42149,-1.27693,-1.97423,2.53569,-1.23958], "dq_d": [0,0,0,0,0,0,0], "ddq_d": [0,0,0,0,0,0,0], "joint_contact": [0,0,0,0,0,0,0], "cartesian_contact": [0,0,0,0,0,0], "joint_collision": [0,0,0,0,0,0,0], "cartesian_collision": [0,0,0,0,0,0], "tau_ext_hat_filtered": [0.301599,1.13115,1.15816,-0.822892,0.2701,-1.07777,0.11584], "O_F_ext_hat_K": [4.72817,6.75046,-1.3333,-3.59138,2.68784,0.264958], "K_F_ext_hat_K": [0.854569,1.06901,-8.23583,1.40068,1.15806,0.197285], "O_dP_EE_d": [0,0,0,0,0,0], "O_ddP_O": [0,0,-9.81], "O_T_EE_c": [-0.00948804,-0.0641474,-0.997886,0,0.887916,-0.459501,0.0210958,0,-0.459891,-0.885856,0.0613184,0,-0.239617,-0.686104,0.804719,1], "O_dP_EE_c": [0,0,0,0,0,0], "O_ddP_EE_c": [0,0,0,0,0,0], "theta": [0.175756,-0.73137,-1.42034,-1.27602,-1.97408,2.53581,-1.2396], "dtheta": [0,0,0,0,0,0,0], "current_errors": [], "last_motion_errors": ["cartesian_reflex"], "control_command_success_rate": 0, "robot_mode": "User stopped", "time": 4476643}