{"O_T_EE": [-0.0455882,0.0157018,-0.998827,0,-0.82253,-0.567984,0.0286129,0,-0.566879,0.822886,0.0388094,0,-0.504063,0.478974,-0.206767,1], "O_T_EE_d": [-0.0457355,0.0159691,-0.998816,0,-0.822588,-0.567902,0.0285864,0,-0.566784,0.822937,0.0391101,0,-0.504033,0.479019,-0.206681,1], "F_T_NE": [0.7071,-0.7071,0,0,0.7071,0.7071,0,0,0,0,1,0,0,0,0.1034,1], "NE_T_EE": [1,0,0,0,0,1,0,0,0,0,1,0,0,0,0,1], "F_T_EE": [0.7071,-0.7071,0,0,0.7071,0.7071,0,0,0,0,1,0,0,0,0.1034,1], "EE_T_K": [1,0,0,0,0,1,0,0,0,0,1,0,0,0,0,1], "m_ee": 0.73, "F_x_Cee": [-0.01,0,0.03], "I_ee": [0.001,0,0,0,0.0025,0,0,0,0.0017], "m_load": 0, "F_x_Cload": [0,0,0], "I_load": [0,0,0,0,0,0,0,0,0], "m_total": 0.73, "F_x_Ctotal": [-0.01,0,0.03], "I_total": [0.001,0,0,0,0.0025,0,0,0,0.0017], "elbow": [-0.168186,-1], "elbow_d": [-0.168208,-1], "elbow_c": [-0.168208,-1], "delbow_c": [0,0], "ddelbow_c": [0,0], "tau_J": [0.112252,-43.9242,-4.94291,9.747,0.542423,-3.41981,0.153096], "tau_J_d": [0,0,0,0,0,0,0], "dtau_J": [-31.9464,-59.9848,-127.772,-72.9333,3.3965,-13.2279,-20.2549], "q": [2.61872,1.67792,-0.168186,-1.20433,-2.6606,1.8367,0.845292], "dq": [9.20561e-05,-0.000492017,0.00137515,0.000308779,-0.000155052,0.000110643,0.000704797], "q_d": [2.61871,1.67781,-0.168208,-1.2045,-2.66052,1.83635,0.845293], "dq_d": [0,0,0,0,0,0,0], "ddq_d": [0,0,0,0,0,0,0], "joint_contact": [0,0,0,0,0,0,0], "cartesian_contact": [0,0,0,0,0,0], "joint_collision": [0,0,0,0,0,0,0], "cartesian_collision": [0,0,0,0,0,0], "tau_ext_hat_filtered": [0.148979,-0.869437,0.243693,-1.36002,0.742008,-1.68476,0.185596], "O_F_ext_hat_K": [10.4042,-10.5919,12.2406,3.75868,4.33319,0.175297], "K_F_ext_hat_K": [-12.8671,-2.19158,-14.1388,0.181107,-0.254243,0.203086], "O_dP_EE_d": [0,0,0,0,0,0], "O_ddP_O": [0,0,-9.81], "O_T_EE_c": [-0.0457355,0.0159691,-0.998816,0,-0.822588,-0.567902,0.0285864,0,-0.566784,0.822937,0.0391101,0,-0.504033,0.479019,-0.206681,1], "O_dP_EE_c": [0,0,0,0,0,0], "O_ddP_EE_c": [0,0,0,0,0,0], "theta": [2.61873,1.67484,-0.168533,-1.20364,-2.66054,1.83632,0.84531], "dtheta": [0,0,0,0,0,0,0], "current_errors": [], "last_motion_errors": [], "control_command_success_rate": 0, "robot_mode": "User stopped", "time": 682050}