{"O_T_EE": [-0.0148046,0.010903,-0.999821,0,-0.99884,0.0454585,0.0152858,0,0.0456179,0.998907,0.0102175,0,-0.106636,0.67562,-0.205277,1], "O_T_EE_d": [-0.0147894,0.0109358,-0.999821,0,-0.998834,0.0455887,0.0152735,0,0.0457484,0.9989,0.010249,0,-0.10657,0.675598,-0.205282,1], "F_T_NE": [0.7071,-0.7071,0,0,0.7071,0.7071,0,0,0,0,1,0,0,0,0.1034,1], "NE_T_EE": [1,0,0,0,0,1,0,0,0,0,1,0,0,0,0,1], "F_T_EE": [0.7071,-0.7071,0,0,0.7071,0.7071,0,0,0,0,1,0,0,0,0.1034,1], "EE_T_K": [1,0,0,0,0,1,0,0,0,0,1,0,0,0,0,1], "m_ee": 0.73, "F_x_Cee": [-0.01,0,0.03], "I_ee": [0.001,0,0,0,0.0025,0,0,0,0.0017], "m_load": 0, "F_x_Cload": [0,0,0], "I_load": [0,0,0,0,0,0,0,0,0], "m_total": 0.73, "F_x_Ctotal": [-0.01,0,0.03], "I_total": [0.001,0,0,0,0.0025,0,0,0,0.0017], "elbow": [-0.0926319,-1], "elbow_d": [-0.0926411,-1], "elbow_c": [-0.0926411,-1], "delbow_c": [0,0], "ddelbow_c": [0,0], "tau_J": [-0.260673,-42.492,-3.25285,9.59228,0.267765,-2.48872,0.102742], "tau_J_d": [0,0,0,0,0,0,0], "dtau_J": [176.237,-196.11,6.16222,32.4147,-35.1643,-10.7111,-41.2263], "q": [1.89947,1.62073,-0.0926319,-1.29699,-2.75243,1.80231,0.802371], "dq": [-0.00206138,0.00206158,-0.00186803,0.000315072,0.000797925,0.000387675,0.000385034], "q_d": [1.89943,1.62072,-0.0926411,-1.29709,-2.75235,1.8022,0.802381], "dq_d": [0,0,0,0,0,0,0], "ddq_d": [0,0,0,0,0,0,0], "joint_contact": [0,0,0,0,0,0,0], "cartesian_contact": [0,0,0,0,0,0], "joint_collision": [0,0,0,0,0,0,0], "cartesian_collision": [0,0,0,0,0,0], "tau_ext_hat_filtered": [-0.335478,0.695342,0.0420831,-1.16629,0.466729,-0.807353,0.133671], "O_F_ext_hat_K": [1.32259,-6.84507,3.51797,1.61805,0.222267,-0.31658], "K_F_ext_hat_K": [-3.61163,-1.57848,-6.74131,0.144624,-0.642554,0.146416], "O_dP_EE_d": [0,0,0,0,0,0], "O_ddP_O": [0,0,-9.81], "O_T_EE_c": [-0.0147894,0.0109358,-0.999821,0,-0.998834,0.0455887,0.0152735,0,0.0457484,0.9989,0.010249,0,-0.10657,0.675598,-0.205282,1], "O_dP_EE_c": [0,0,0,0,0,0], "O_ddP_EE_c": [0,0,0,0,0,0], "theta": [1.89946,1.61775,-0.0928602,-1.29632,-2.7524,1.80203,0.802382], "dtheta": [0,0,0,0,0,0,0], "current_errors": [], "last_motion_errors": [], "control_command_success_rate": 0, "robot_mode": "User stopped", "time": 5019110}