{"O_T_EE": [-0.0139007,0.0141528,-0.999794,0,-0.999615,-0.0238163,0.0135611,0,-0.0236199,0.999616,0.0144787,0,-0.15637,0.666073,-0.205967,1], "O_T_EE_d": [-0.0138967,0.0143211,-0.999791,0,-0.999616,-0.0237722,0.0135537,0,-0.0235736,0.999615,0.0146463,0,-0.156359,0.666108,-0.2059,1], "F_T_NE": [0.7071,-0.7071,0,0,0.7071,0.7071,0,0,0,0,1,0,0,0,0.1034,1], "NE_T_EE": [1,0,0,0,0,1,0,0,0,0,1,0,0,0,0,1], "F_T_EE": [0.7071,-0.7071,0,0,0.7071,0.7071,0,0,0,0,1,0,0,0,0.1034,1], "EE_T_K": [1,0,0,0,0,1,0,0,0,0,1,0,0,0,0,1], "m_ee": 0.73, "F_x_Cee": [-0.01,0,0.03], "I_ee": [0.001,0,0,0,0.0025,0,0,0,0.0017], "m_load": 0, "F_x_Cload": [0,0,0], "I_load": [0,0,0,0,0,0,0,0,0], "m_total": 0.73, "F_x_Ctotal": [-0.01,0,0.03], "I_total": [0.001,0,0,0,0.0025,0,0,0,0.0017], "elbow": [-0.0712234,-1], "elbow_d": [-0.0712374,-1], "elbow_c": [-0.0712374,-1], "delbow_c": [0,0], "ddelbow_c": [0,0], "tau_J": [0.0011678,-43.5473,-2.57841,10.0525,0.313541,-2.64894,0.0414016], "tau_J_d": [0,0,0,0,0,0,0], "dtau_J": [91.541,-113.227,-141.712,21.3714,-16.5503,-8.40556,-59.9475], "q": [1.95343,1.62467,-0.0712234,-1.29077,-2.76909,1.7926,0.783792], "dq": [-0.00052353,0.000502391,0.000632599,0.000112884,-0.00387167,3.88578e-05,0.000754117], "q_d": [1.95342,1.62458,-0.0712374,-1.29083,-2.76905,1.79246,0.78378], "dq_d": [0,0,0,0,0,0,0], "ddq_d": [0,0,0,0,0,0,0], "joint_contact": [0,0,0,0,0,0,0], "cartesian_contact": [0,0,0,0,0,0], "joint_collision": [0,0,0,0,0,0,0], "cartesian_collision": [0,0,0,0,0,0], "tau_ext_hat_filtered": [-0.0183695,-0.389842,0.245922,-0.7799,0.515528,-0.96167,0.0720063], "O_F_ext_hat_K": [1.25552,-7.51362,6.0261,2.77772,0.77795,-0.00404869], "K_F_ext_hat_K": [-6.14876,-0.994392,-7.45314,0.339605,-0.318201,0.08189], "O_dP_EE_d": [0,0,0,0,0,0], "O_ddP_O": [0,0,-9.81], "O_T_EE_c": [-0.0138967,0.0143211,-0.999791,0,-0.999616,-0.0237722,0.0135537,0,-0.0235736,0.999615,0.0146463,0,-0.156359,0.666108,-0.2059,1], "O_dP_EE_c": [0,0,0,0,0,0], "O_ddP_EE_c": [0,0,0,0,0,0], "theta": [1.95343,1.62161,-0.0714036,-1.29007,-2.76906,1.7923,0.783797], "dtheta": [0,0,0,0,0,0,0], "current_errors": [], "last_motion_errors": [], "control_command_success_rate": 0, "robot_mode": "User stopped", "time": 3331376}