{"O_T_EE": [-0.0217163,0.0052152,-0.999741,0,-0.983665,0.178569,0.0222986,0,0.178643,0.983913,0.00125217,0,-0.0138918,0.686889,-0.196599,1], "O_T_EE_d": [-0.0216697,0.0051967,-0.999742,0,-0.983657,0.178617,0.0222495,0,0.17869,0.983905,0.00124122,0,-0.0138524,0.686849,-0.196623,1], "F_T_NE": [0.7071,-0.7071,0,0,0.7071,0.7071,0,0,0,0,1,0,0,0,0.1034,1], "NE_T_EE": [1,0,0,0,0,1,0,0,0,0,1,0,0,0,0,1], "F_T_EE": [0.7071,-0.7071,0,0,0.7071,0.7071,0,0,0,0,1,0,0,0,0.1034,1], "EE_T_K": [1,0,0,0,0,1,0,0,0,0,1,0,0,0,0,1], "m_ee": 0.73, "F_x_Cee": [-0.01,0,0.03], "I_ee": [0.001,0,0,0,0.0025,0,0,0,0.0017], "m_load": 0, "F_x_Cload": [0,0,0], "I_load": [0,0,0,0,0,0,0,0,0], "m_total": 0.73, "F_x_Ctotal": [-0.01,0,0.03], "I_total": [0.001,0,0,0,0.0025,0,0,0,0.0017], "elbow": [2.72521,-1], "elbow_d": [2.72521,-1], "elbow_c": [2.72521,-1], "delbow_c": [0,0], "ddelbow_c": [0,0], "tau_J": [0.263009,40.3767,-11.0168,7.21588,0.0388833,-2.47865,0.122884], "tau_J_d": [0,0,0,0,0,0,0], "dtau_J": [-9.98807,108.167,53.2328,-74.389,1.31855,7.71647,57.9656], "q": [-1.06502,-1.67791,2.72521,-1.29257,-2.4159,1.96456,1.01242], "dq": [0.000254279,-0.00108733,-0.000334533,-0.00263184,8.4195e-05,-1.04496e-05,-0.000637237], "q_d": [-1.06501,-1.67793,2.72521,-1.29267,-2.41587,1.96449,1.01243], "dq_d": [0,0,0,0,0,0,0], "ddq_d": [0,0,0,0,0,0,0], "joint_contact": [0,0,0,0,0,0,0], "cartesian_contact": [0,0,0,0,0,0], "joint_collision": [0,0,0,0,0,0,0], "cartesian_collision": [0,0,0,0,0,0], "tau_ext_hat_filtered": [0.261622,-0.622161,0.615248,-0.760142,0.204548,-0.867336,0.101834], "O_F_ext_hat_K": [-0.264619,-5.65474,1.67741,1.03267,0.0628605,0.365769], "K_F_ext_hat_K": [-1.70075,-0.712078,-5.60894,-0.127052,-0.975854,0.165115], "O_dP_EE_d": [0,0,0,0,0,0], "O_ddP_O": [0,0,-9.81], "O_T_EE_c": [-0.0216697,0.0051967,-0.999742,0,-0.983657,0.178617,0.0222495,0,0.17869,0.983905,0.00124122,0,-0.0138524,0.686849,-0.196623,1], "O_dP_EE_c": [0,0,0,0,0,0], "O_ddP_EE_c": [0,0,0,0,0,0], "theta": [-1.065,-1.67507,2.72443,-1.29206,-2.4159,1.96428,1.01243], "dtheta": [0,0,0,0,0,0,0], "current_errors": [], "last_motion_errors": [], "control_command_success_rate": 0, "robot_mode": "User stopped", "time": 5275457}