{"O_T_EE": [-0.0178928,-0.0118495,-0.99976,0,-0.913701,0.4062,0.0115381,0,0.405974,0.913706,-0.0180953,0,0.142074,0.659761,-0.205074,1], "O_T_EE_d": [-0.0178339,-0.0117887,-0.999762,0,-0.913717,0.406165,0.0115098,0,0.40594,0.913722,-0.0180154,0,0.142052,0.65977,-0.20505,1], "F_T_NE": [0.7071,-0.7071,0,0,0.7071,0.7071,0,0,0,0,1,0,0,0,0.1034,1], "NE_T_EE": [1,0,0,0,0,1,0,0,0,0,1,0,0,0,0,1], "F_T_EE": [0.7071,-0.7071,0,0,0.7071,0.7071,0,0,0,0,1,0,0,0,0.1034,1], "EE_T_K": [1,0,0,0,0,1,0,0,0,0,1,0,0,0,0,1], "m_ee": 0.73, "F_x_Cee": [-0.01,0,0.03], "I_ee": [0.001,0,0,0,0.0025,0,0,0,0.0017], "m_load": 0, "F_x_Cload": [0,0,0], "I_load": [0,0,0,0,0,0,0,0,0], "m_total": 0.73, "F_x_Ctotal": [-0.01,0,0.03], "I_total": [0.001,0,0,0,0.0025,0,0,0,0.0017], "elbow": [-0.151306,-1], "elbow_d": [-0.15132,-1], "elbow_c": [-0.15132,-1], "delbow_c": [0,0], "ddelbow_c": [0,0], "tau_J": [0.112252,-42.4523,-4.94291,9.09637,0.00226218,-2.43837,0.0313308], "tau_J_d": [0,0,0,0,0,0,0], "dtau_J": [42.3085,-65.7657,-47.2235,-45.9168,-22.5393,-2.42726,-40.8529], "q": [1.59841,1.59662,-0.151306,-1.35024,-2.68421,1.82945,0.847813], "dq": [-1.8809e-05,-3.55902e-07,4.19781e-05,0.00033417,0.00428125,1.37165e-05,0.00121956], "q_d": [1.59847,1.59659,-0.15132,-1.35029,-2.6842,1.82936,0.847802], "dq_d": [0,0,0,0,0,0,0], "ddq_d": [0,0,0,0,0,0,0], "joint_contact": [0,0,0,0,0,0,0], "cartesian_contact": [0,0,0,0,0,0], "joint_collision": [0,0,0,0,0,0,0], "cartesian_collision": [0,0,0,0,0,0], "tau_ext_hat_filtered": [0.123652,0.12905,0.0950357,-0.871106,0.140831,-0.836306,0.0536569], "O_F_ext_hat_K": [-1.4169,-6.16744,3.98593,1.91586,-0.424017,0.172819], "K_F_ext_hat_K": [-3.88662,-1.16462,-6.28257,-0.122324,-0.56224,0.0860796], "O_dP_EE_d": [0,0,0,0,0,0], "O_ddP_O": [0,0,-9.81], "O_T_EE_c": [-0.0178339,-0.0117887,-0.999762,0,-0.913717,0.406165,0.0115098,0,0.40594,0.913722,-0.0180154,0,0.142052,0.65977,-0.20505,1], "O_dP_EE_c": [0,0,0,0,0,0], "O_ddP_EE_c": [0,0,0,0,0,0], "theta": [1.59842,1.59364,-0.151653,-1.3496,-2.68421,1.82918,0.847817], "dtheta": [0,0,0,0,0,0,0], "current_errors": [], "last_motion_errors": [], "control_command_success_rate": 0, "robot_mode": "User stopped", "time": 5782652}