{"O_T_EE": [-0.0152487,-0.000914261,-0.999874,0,-0.943677,0.330538,0.0140894,0,0.33049,0.943791,-0.00590316,0,0.0929482,0.67018,-0.205244,1], "O_T_EE_d": [-0.0152482,-0.000913301,-0.999874,0,-0.943665,0.330575,0.014089,0,0.330526,0.943778,-0.00590262,0,0.0929467,0.670154,-0.205255,1], "F_T_NE": [0.7071,-0.7071,0,0,0.7071,0.7071,0,0,0,0,1,0,0,0,0.1034,1], "NE_T_EE": [1,0,0,0,0,1,0,0,0,0,1,0,0,0,0,1], "F_T_EE": [0.7071,-0.7071,0,0,0.7071,0.7071,0,0,0,0,1,0,0,0,0.1034,1], "EE_T_K": [1,0,0,0,0,1,0,0,0,0,1,0,0,0,0,1], "m_ee": 0.73, "F_x_Cee": [-0.01,0,0.03], "I_ee": [0.001,0,0,0,0.0025,0,0,0,0.0017], "m_load": 0, "F_x_Cload": [0,0,0], "I_load": [0,0,0,0,0,0,0,0,0], "m_total": 0.73, "F_x_Ctotal": [-0.01,0,0.03], "I_total": [0.001,0,0,0,0.0025,0,0,0,0.0017], "elbow": [-0.256387,-1], "elbow_d": [-0.25636,-1], "elbow_c": [-0.25636,-1], "delbow_c": [0,0], "ddelbow_c": [0,0], "tau_J": [0.298714,-41.5121,-7.04161,8.40606,0.286076,-2.31844,0.0926712], "tau_J_d": [0,0,0,0,0,0,0], "dtau_J": [24.2352,-97.4439,144.441,65.8664,12.7826,-15.0349,-32.6614], "q": [1.77621,1.63139,-0.256387,-1.32574,-2.57827,1.86641,0.920071], "dq": [-0.000143152,-0.000238608,-0.00213636,-0.000783729,0.00319571,0.000107474,0.00210486], "q_d": [1.77622,1.63138,-0.25636,-1.3258,-2.57823,1.86635,0.920068], "dq_d": [0,0,0,0,0,0,0], "ddq_d": [0,0,0,0,0,0,0], "joint_contact": [0,0,0,0,0,0,0], "cartesian_contact": [0,0,0,0,0,0], "joint_collision": [0,0,0,0,0,0,0], "cartesian_collision": [0,0,0,0,0,0], "tau_ext_hat_filtered": [0.291711,0.402061,0.680349,-0.924763,0.404089,-0.696444,0.148228], "O_F_ext_hat_K": [-1.64986,-6.16644,3.19297,1.51385,0.00603669,0.339367], "K_F_ext_hat_K": [-3.16183,-0.436333,-6.38395,0.183418,-0.618132,0.178733], "O_dP_EE_d": [0,0,0,0,0,0], "O_ddP_O": [0,0,-9.81], "O_T_EE_c": [-0.0152482,-0.000913301,-0.999874,0,-0.943665,0.330575,0.014089,0,0.330526,0.943778,-0.00590262,0,0.0929467,0.670154,-0.205255,1], "O_dP_EE_c": [0,0,0,0,0,0], "O_ddP_EE_c": [0,0,0,0,0,0], "theta": [1.77623,1.62847,-0.256881,-1.32515,-2.57824,1.86615,0.920082], "dtheta": [0,0,0,0,0,0,0], "current_errors": [], "last_motion_errors": [], "control_command_success_rate": 0, "robot_mode": "User stopped", "time": 5672040}