{"O_T_EE": [-0.0316466,-0.0162182,-0.999358,0,-0.841386,0.540121,0.0178787,0,0.539495,0.841427,-0.0307393,0,0.237661,0.628754,-0.204473,1], "O_T_EE_d": [-0.0315919,-0.0161637,-0.999361,0,-0.841381,0.540129,0.0178618,0,0.539505,0.841424,-0.0306642,0,0.237648,0.628758,-0.204447,1], "F_T_NE": [0.7071,-0.7071,0,0,0.7071,0.7071,0,0,0,0,1,0,0,0,0.1034,1], "NE_T_EE": [1,0,0,0,0,1,0,0,0,0,1,0,0,0,0,1], "F_T_EE": [0.7071,-0.7071,0,0,0.7071,0.7071,0,0,0,0,1,0,0,0,0.1034,1], "EE_T_K": [1,0,0,0,0,1,0,0,0,0,1,0,0,0,0,1], "m_ee": 0.73, "F_x_Cee": [-0.01,0,0.03], "I_ee": [0.001,0,0,0,0.0025,0,0,0,0.0017], "m_load": 0, "F_x_Cload": [0,0,0], "I_load": [0,0,0,0,0,0,0,0,0], "m_total": 0.73, "F_x_Ctotal": [-0.01,0,0.03], "I_total": [0.001,0,0,0,0.0025,0,0,0,0.0017], "elbow": [-0.293483,-1], "elbow_d": [-0.293476,-1], "elbow_c": [-0.293476,-1], "delbow_c": [0,0], "ddelbow_c": [0,0], "tau_J": [0.338387,-41.8136,-8.54124,8.02123,0.167057,-2.45851,0.02126], "tau_J_d": [0,0,0,0,0,0,0], "dtau_J": [117.152,-34.6698,40.4278,-67.4338,-1.65674,24.4368,-19.5563], "q": [1.59817,1.61964,-0.293483,-1.3551,-2.53202,1.90378,0.95094], "dq": [-0.000822863,0.000653288,0.000203857,7.76138e-05,9.1245e-05,-0.000629722,0.0013358], "q_d": [1.59821,1.61959,-0.293476,-1.35517,-2.53198,1.90369,0.950916], "dq_d": [0,0,0,0,0,0,0], "ddq_d": [0,0,0,0,0,0,0], "joint_contact": [0,0,0,0,0,0,0], "cartesian_contact": [0,0,0,0,0,0], "joint_collision": [0,0,0,0,0,0,0], "cartesian_collision": [0,0,0,0,0,0], "tau_ext_hat_filtered": [0.291132,-0.281669,0.301154,-0.671392,0.2926,-0.919819,0.048515], "O_F_ext_hat_K": [-2.81785,-5.6532,4.3158,2.1306,-0.697008,0.376481], "K_F_ext_hat_K": [-4.13225,-0.605367,-6.40964,0.0375411,-0.616653,0.10245], "O_dP_EE_d": [0,0,0,0,0,0], "O_ddP_O": [0,0,-9.81], "O_T_EE_c": [-0.0315919,-0.0161637,-0.999361,0,-0.841381,0.540129,0.0178618,0,0.539505,0.841424,-0.0306642,0,0.237648,0.628758,-0.204447,1], "O_dP_EE_c": [0,0,0,0,0,0], "O_ddP_EE_c": [0,0,0,0,0,0], "theta": [1.59819,1.6167,-0.294083,-1.35453,-2.532,1.90351,0.950943], "dtheta": [0,0,0,0,0,0,0], "current_errors": [], "last_motion_errors": [], "control_command_success_rate": 0, "robot_mode": "User stopped", "time": 6015098}