{"O_T_EE": [-0.0283028,0.00407345,-0.999581,0,-0.530715,0.847338,0.01848,0,0.847075,0.531026,-0.0218206,0,0.488445,0.446172,-0.204335,1], "O_T_EE_d": [-0.0281371,0.00415971,-0.999586,0,-0.530739,0.847323,0.0184657,0,0.847065,0.531049,-0.0216339,0,0.488465,0.446201,-0.204264,1], "F_T_NE": [0.7071,-0.7071,0,0,0.7071,0.7071,0,0,0,0,1,0,0,0,0.1034,1], "NE_T_EE": [1,0,0,0,0,1,0,0,0,0,1,0,0,0,0,1], "F_T_EE": [0.7071,-0.7071,0,0,0.7071,0.7071,0,0,0,0,1,0,0,0,0.1034,1], "EE_T_K": [1,0,0,0,0,1,0,0,0,0,1,0,0,0,0,1], "m_ee": 0.73, "F_x_Cee": [-0.01,0,0.03], "I_ee": [0.001,0,0,0,0.0025,0,0,0,0.0017], "m_load": 0, "F_x_Cload": [0,0,0], "I_load": [0,0,0,0,0,0,0,0,0], "m_total": 0.73, "F_x_Ctotal": [-0.01,0,0.03], "I_total": [0.001,0,0,0,0.0025,0,0,0,0.0017], "elbow": [-0.490783,-1], "elbow_d": [-0.490821,-1], "elbow_c": [-0.490821,-1], "delbow_c": [0,0], "ddelbow_c": [0,0], "tau_J": [0.0368734,-38.7945,-13.6789,4.91882,0.176212,-2.5583,-0.00986788], "tau_J_d": [0,0,0,0,0,0,0], "dtau_J": [94.7781,-8.0582,-80.2627,15.5997,25.2007,25.4618,-83.6765], "q": [1.34243,1.70029,-0.490783,-1.37875,-2.34589,1.98265,1.10694], "dq": [-0.000908674,0.000484896,-0.00155795,0.00554184,-0.000723183,-0.00054946,0.00185838], "q_d": [1.34247,1.70022,-0.490821,-1.37881,-2.34586,1.9825,1.10693], "dq_d": [0,0,0,0,0,0,0], "ddq_d": [0,0,0,0,0,0,0], "joint_contact": [0,0,0,0,0,0,0], "cartesian_contact": [0,0,0,0,0,0], "joint_collision": [0,0,0,0,0,0,0], "cartesian_collision": [0,0,0,0,0,0], "tau_ext_hat_filtered": [-0.0605041,-0.138697,0.183045,-0.605615,0.294084,-1.03134,0.0612414], "O_F_ext_hat_K": [-3.72951,-3.32262,2.72105,1.1495,-1.23041,0.116755], "K_F_ext_hat_K": [-2.62794,-0.785808,-4.98295,-0.0957428,-0.886778,0.166485], "O_dP_EE_d": [0,0,0,0,0,0], "O_ddP_O": [0,0,-9.81], "O_T_EE_c": [-0.0281371,0.00415971,-0.999586,0,-0.530739,0.847323,0.0184657,0,0.847065,0.531049,-0.0216339,0,0.488465,0.446201,-0.204264,1], "O_dP_EE_c": [0,0,0,0,0,0], "O_ddP_EE_c": [0,0,0,0,0,0], "theta": [1.34243,1.69757,-0.491743,-1.3784,-2.34587,1.98236,1.10693], "dtheta": [0,0,0,0,0,0,0], "current_errors": [], "last_motion_errors": [], "control_command_success_rate": 0, "robot_mode": "User stopped", "time": 9164692}