{"O_T_EE": [-0.0243628,-0.00301462,-0.999689,0,-0.321529,0.946876,0.00498042,0,0.946585,0.321557,-0.0240383,0,0.57524,0.323268,-0.204478,1], "O_T_EE_d": [-0.0242603,-0.00300798,-0.999692,0,-0.321495,0.946888,0.00495285,0,0.946599,0.321522,-0.0239393,0,0.575255,0.323231,-0.204442,1], "F_T_NE": [0.7071,-0.7071,0,0,0.7071,0.7071,0,0,0,0,1,0,0,0,0.1034,1], "NE_T_EE": [1,0,0,0,0,1,0,0,0,0,1,0,0,0,0,1], "F_T_EE": [0.7071,-0.7071,0,0,0.7071,0.7071,0,0,0,0,1,0,0,0,0.1034,1], "EE_T_K": [1,0,0,0,0,1,0,0,0,0,1,0,0,0,0,1], "m_ee": 0.73, "F_x_Cee": [-0.01,0,0.03], "I_ee": [0.001,0,0,0,0.0025,0,0,0,0.0017], "m_load": 0, "F_x_Cload": [0,0,0], "I_load": [0,0,0,0,0,0,0,0,0], "m_total": 0.73, "F_x_Ctotal": [-0.01,0,0.03], "I_total": [0.001,0,0,0,0.0025,0,0,0,0.0017], "elbow": [-0.176056,-1], "elbow_d": [-0.176081,-1], "elbow_c": [-0.176081,-1], "delbow_c": [0,0], "ddelbow_c": [0,0], "tau_J": [-0.0345378,-41.5121,-5.69273,8.17596,0.130436,-2.40816,0.0816849], "tau_J_d": [0,0,0,0,0,0,0], "dtau_J": [-82.6999,-59.2045,56.9327,-147.665,24.8699,-21.4547,120.83], "q": [0.785934,1.57397,-0.176056,-1.42445,-2.682,1.80086,0.885232], "dq": [0.000770335,-0.000252558,-0.00109966,-0.00278589,-0.000227684,-0.000153606,-0.00217135], "q_d": [0.785916,1.57391,-0.176081,-1.42458,-2.68199,1.80072,0.88525], "dq_d": [0,0,0,0,0,0,0], "ddq_d": [0,0,0,0,0,0,0], "joint_contact": [0,0,0,0,0,0,0], "cartesian_contact": [0,0,0,0,0,0], "joint_collision": [0,0,0,0,0,0,0], "cartesian_collision": [0,0,0,0,0,0], "tau_ext_hat_filtered": [0.0304405,0.197077,0.162887,-0.678793,0.181367,-0.83053,0.0202652], "O_F_ext_hat_K": [-4.38289,-2.26768,2.54433,0.667664,-1.24642,0.111917], "K_F_ext_hat_K": [-2.42997,-0.725326,-4.93913,-0.00502001,-0.742251,0.0740255], "O_dP_EE_d": [0,0,0,0,0,0], "O_ddP_O": [0,0,-9.81], "O_T_EE_c": [-0.0242603,-0.00300798,-0.999692,0,-0.321495,0.946888,0.00495285,0,0.946599,0.321522,-0.0239393,0,0.575255,0.323231,-0.204442,1], "O_dP_EE_c": [0,0,0,0,0,0], "O_ddP_EE_c": [0,0,0,0,0,0], "theta": [0.785932,1.57106,-0.176456,-1.42388,-2.68199,1.8006,0.885241], "dtheta": [0,0,0,0,0,0,0], "current_errors": [], "last_motion_errors": [], "control_command_success_rate": 0, "robot_mode": "User stopped", "time": 9514983}