{"O_T_EE": [-0.0137677,0.0181152,-0.999731,0,-0.389289,0.920841,0.0220468,0,0.921011,0.389496,-0.00562588,0,0.549575,0.365634,-0.204433,1], "O_T_EE_d": [-0.0135736,0.0181925,-0.999733,0,-0.38927,0.920849,0.0220423,0,0.921022,0.389473,-0.00541753,0,0.54963,0.365635,-0.20436,1], "F_T_NE": [0.7071,-0.7071,0,0,0.7071,0.7071,0,0,0,0,1,0,0,0,0.1034,1], "NE_T_EE": [1,0,0,0,0,1,0,0,0,0,1,0,0,0,0,1], "F_T_EE": [0.7071,-0.7071,0,0,0.7071,0.7071,0,0,0,0,1,0,0,0,0.1034,1], "EE_T_K": [1,0,0,0,0,1,0,0,0,0,1,0,0,0,0,1], "m_ee": 0.73, "F_x_Cee": [-0.01,0,0.03], "I_ee": [0.001,0,0,0,0.0025,0,0,0,0.0017], "m_load": 0, "F_x_Cload": [0,0,0], "I_load": [0,0,0,0,0,0,0,0,0], "m_total": 0.73, "F_x_Ctotal": [-0.01,0,0.03], "I_total": [0.001,0,0,0,0.0025,0,0,0,0.0017], "elbow": [-0.0230119,-1], "elbow_d": [-0.0230461,-1], "elbow_c": [-0.0230461,-1], "delbow_c": [0,0], "ddelbow_c": [0,0], "tau_J": [0.0011678,-42.2659,-1.416,9.17175,-0.143307,-2.60866,0.102742], "tau_J_d": [0,0,0,0,0,0,0], "dtau_J": [-108.37,147.363,22.3528,35.789,2.67306,-0.554364,-8.61483], "q": [0.691693,1.56558,-0.0230119,-1.4273,-2.84671,1.72542,0.786413], "dq": [0.00520263,-0.00110825,-0.000139716,-0.00051442,0.000353433,-0.000714535,0.00190784], "q_d": [0.691678,1.56552,-0.0230461,-1.42731,-2.8467,1.72528,0.786423], "dq_d": [0,0,0,0,0,0,0], "ddq_d": [0,0,0,0,0,0,0], "joint_contact": [0,0,0,0,0,0,0], "cartesian_contact": [0,0,0,0,0,0], "joint_collision": [0,0,0,0,0,0,0], "cartesian_collision": [0,0,0,0,0,0], "tau_ext_hat_filtered": [0.0158283,-0.0807124,0.0576867,-0.362115,-0.00255948,-0.973228,0.149203], "O_F_ext_hat_K": [-3.73983,-2.55185,2.52941,0.901042,-1.30579,0.0794935], "K_F_ext_hat_K": [-2.52351,-0.838228,-4.45259,-0.13368,-0.817681,0.192969], "O_dP_EE_d": [0,0,0,0,0,0], "O_ddP_O": [0,0,-9.81], "O_T_EE_c": [-0.0135736,0.0181925,-0.999733,0,-0.38927,0.920849,0.0220423,0,0.921022,0.389473,-0.00541753,0,0.54963,0.365635,-0.20436,1], "O_dP_EE_c": [0,0,0,0,0,0], "O_ddP_EE_c": [0,0,0,0,0,0], "theta": [0.691694,1.56262,-0.023112,-1.42666,-2.84672,1.72513,0.786424], "dtheta": [0,0,0,0,0,0,0], "current_errors": [], "last_motion_errors": [], "control_command_success_rate": 0, "robot_mode": "User stopped", "time": 9287266}