{"O_T_EE": [-0.0192411,0.0170872,-0.999659,0,-0.580811,0.81364,0.0250868,0,0.813807,0.581107,-0.00573098,0,0.453561,0.482048,-0.20442,1], "O_T_EE_d": [-0.0190661,0.0172259,-0.99966,0,-0.580816,0.813636,0.0250981,0,0.813808,0.581108,-0.00550792,0,0.453585,0.482071,-0.204345,1], "F_T_NE": [0.7071,-0.7071,0,0,0.7071,0.7071,0,0,0,0,1,0,0,0,0.1034,1], "NE_T_EE": [1,0,0,0,0,1,0,0,0,0,1,0,0,0,0,1], "F_T_EE": [0.7071,-0.7071,0,0,0.7071,0.7071,0,0,0,0,1,0,0,0,0.1034,1], "EE_T_K": [1,0,0,0,0,1,0,0,0,0,1,0,0,0,0,1], "m_ee": 0.73, "F_x_Cee": [-0.01,0,0.03], "I_ee": [0.001,0,0,0,0.0025,0,0,0,0.0017], "m_load": 0, "F_x_Cload": [0,0,0], "I_load": [0,0,0,0,0,0,0,0,0], "m_total": 0.73, "F_x_Ctotal": [-0.01,0,0.03], "I_total": [0.001,0,0,0,0.0025,0,0,0,0.0017], "elbow": [-0.463365,-1], "elbow_d": [-0.463382,-1], "elbow_c": [-0.463382,-1], "delbow_c": [0,0], "ddelbow_c": [0,0], "tau_J": [0.18763,-39.211,-12.9291,5.41473,0.0846596,-2.56837,0.112813], "tau_J_d": [0,0,0,0,0,0,0], "dtau_J": [-91.6589,62.8855,82.3169,45.6978,14.0371,-15.5994,-43.484], "q": [1.39306,1.69583,-0.463365,-1.3684,-2.3461,1.95561,1.08412], "dq": [0.000314795,9.65666e-05,-0.000231436,-0.000717551,9.8135e-05,0.000466786,0.00103006], "q_d": [1.39306,1.69576,-0.463382,-1.36846,-2.34606,1.95541,1.08412], "dq_d": [0,0,0,0,0,0,0], "ddq_d": [0,0,0,0,0,0,0], "joint_contact": [0,0,0,0,0,0,0], "cartesian_contact": [0,0,0,0,0,0], "joint_collision": [0,0,0,0,0,0,0], "cartesian_collision": [0,0,0,0,0,0], "tau_ext_hat_filtered": [0.244188,-0.366619,0.164475,-0.531998,0.202922,-0.9838,0.15576], "O_F_ext_hat_K": [-3.95263,-3.85458,3.79346,1.59303,-1.28786,0.372575], "K_F_ext_hat_K": [-3.78205,-0.745358,-5.47834,-0.232492,-0.620753,0.230194], "O_dP_EE_d": [0,0,0,0,0,0], "O_ddP_O": [0,0,-9.81], "O_T_EE_c": [-0.0190661,0.0172259,-0.99966,0,-0.580816,0.813636,0.0250981,0,0.813808,0.581108,-0.00550792,0,0.453585,0.482071,-0.204345,1], "O_dP_EE_c": [0,0,0,0,0,0], "O_ddP_EE_c": [0,0,0,0,0,0], "theta": [1.39307,1.69308,-0.464272,-1.36802,-2.34609,1.95532,1.08414], "dtheta": [0,0,0,0,0,0,0], "current_errors": [], "last_motion_errors": [], "control_command_success_rate": 0, "robot_mode": "User stopped", "time": 9128249}