{"O_T_EE": [0.0130862,0.0177559,-0.999747,0,0.253247,0.967175,0.0204923,0,0.967312,-0.253456,0.00816019,0,0.657252,-0.0643746,-0.204721,1], "O_T_EE_d": [0.0133056,0.0177125,-0.999745,0,0.253254,0.967173,0.0205059,0,0.967308,-0.253467,0.00838324,0,0.657292,-0.0643901,-0.204641,1], "F_T_NE": [0.7071,-0.7071,0,0,0.7071,0.7071,0,0,0,0,1,0,0,0,0.1034,1], "NE_T_EE": [1,0,0,0,0,1,0,0,0,0,1,0,0,0,0,1], "F_T_EE": [0.7071,-0.7071,0,0,0.7071,0.7071,0,0,0,0,1,0,0,0,0.1034,1], "EE_T_K": [1,0,0,0,0,1,0,0,0,0,1,0,0,0,0,1], "m_ee": 0.73, "F_x_Cee": [-0.01,0,0.03], "I_ee": [0.001,0,0,0,0.0025,0,0,0,0.0017], "m_load": 0, "F_x_Cload": [0,0,0], "I_load": [0,0,0,0,0,0,0,0,0], "m_total": 0.73, "F_x_Ctotal": [-0.01,0,0.03], "I_total": [0.001,0,0,0,0.0025,0,0,0,0.0017], "elbow": [-0.342262,-1], "elbow_d": [-0.342277,-1], "elbow_c": [-0.342277,-1], "delbow_c": [0,0], "ddelbow_c": [0,0], "tau_J": [-0.296379,-40.6829,-10.5289,7.02545,0.441715,-2.8293,0.0926712], "tau_J_d": [0,0,0,0,0,0,0], "dtau_J": [-36.3332,62.3297,81.8232,4.17226,17.0684,13.9979,-80.9446], "q": [0.34942,1.64597,-0.342262,-1.39137,-2.52136,1.84359,1.02551], "dq": [0.000898056,-0.00141736,0.00333775,0.000749471,-0.000340656,0.000169564,0.0007727], "q_d": [0.349402,1.64588,-0.342277,-1.39142,-2.52134,1.84341,1.02551], "dq_d": [0,0,0,0,0,0,0], "ddq_d": [0,0,0,0,0,0,0], "joint_contact": [0,0,0,0,0,0,0], "cartesian_contact": [0,0,0,0,0,0], "joint_collision": [0,0,0,0,0,0,0], "cartesian_collision": [0,0,0,0,0,0], "tau_ext_hat_filtered": [-0.27831,-0.596444,-0.300801,-0.371564,0.453639,-1.20806,0.120689], "O_F_ext_hat_K": [-5.04948,0.186622,3.80039,-0.25149,-2.34746,-0.182899], "K_F_ext_hat_K": [-3.86227,-1.02041,-4.90071,-0.0357816,-0.86539,0.180484], "O_dP_EE_d": [0,0,0,0,0,0], "O_ddP_O": [0,0,-9.81], "O_T_EE_c": [0.0133056,0.0177125,-0.999745,0,0.253254,0.967173,0.0205059,0,0.967308,-0.253467,0.00838324,0,0.657292,-0.0643901,-0.204641,1], "O_dP_EE_c": [0,0,0,0,0,0], "O_ddP_EE_c": [0,0,0,0,0,0], "theta": [0.349399,1.64311,-0.343001,-1.39088,-2.52131,1.84328,1.02552], "dtheta": [0,0,0,0,0,0,0], "current_errors": [], "last_motion_errors": [], "control_command_success_rate": 0, "robot_mode": "User stopped", "time": 11031330}