{"O_T_EE": [-0.00256149,0.0462908,-0.998915,0,0.111953,0.992652,0.0457134,0,0.99371,-0.111716,-0.0077252,0,0.665131,0.0433003,-0.1965,1], "O_T_EE_d": [-0.00239959,0.0461161,-0.998924,0,0.111981,0.992656,0.0455578,0,0.993707,-0.111753,-0.00754624,0,0.665164,0.0431987,-0.196437,1], "F_T_NE": [0.7071,-0.7071,0,0,0.7071,0.7071,0,0,0,0,1,0,0,0,0.1034,1], "NE_T_EE": [1,0,0,0,0,1,0,0,0,0,1,0,0,0,0,1], "F_T_EE": [0.7071,-0.7071,0,0,0.7071,0.7071,0,0,0,0,1,0,0,0,0.1034,1], "EE_T_K": [1,0,0,0,0,1,0,0,0,0,1,0,0,0,0,1], "m_ee": 0.73, "F_x_Cee": [-0.01,0,0.03], "I_ee": [0.001,0,0,0,0.0025,0,0,0,0.0017], "m_load": 0, "F_x_Cload": [0,0,0], "I_load": [0,0,0,0,0,0,0,0,0], "m_total": 0.73, "F_x_Ctotal": [-0.01,0,0.03], "I_total": [0.001,0,0,0,0.0025,0,0,0,0.0017], "elbow": [2.71432,-1], "elbow_d": [2.71417,-1], "elbow_c": [2.71417,-1], "delbow_c": [0,0], "ddelbow_c": [0,0], "tau_J": [-0.0345378,39.246,-12.2546,6.22009,-0.152462,-2.50795,0.0926712], "tau_J_d": [0,0,0,0,0,0,0], "dtau_J": [-77.2406,9.77292,58.6658,94.2532,0.412952,-8.9593,-105.679], "q": [-2.54333,-1.65361,2.71432,-1.3933,-2.42369,1.92855,1.09339], "dq": [-0.000577548,0.000240807,-0.00107671,-0.00118595,-0.000312045,-0.000213079,0.00134778], "q_d": [-2.54336,-1.6536,2.71417,-1.39337,-2.42366,1.92843,1.09338], "dq_d": [0,0,0,0,0,0,0], "ddq_d": [0,0,0,0,0,0,0], "joint_contact": [0,0,0,0,0,0,0], "cartesian_contact": [0,0,0,0,0,0], "joint_collision": [0,0,0,0,0,0,0], "cartesian_collision": [0,0,0,0,0,0], "tau_ext_hat_filtered": [-0.0196614,-0.398989,0.138696,-0.473245,-0.0625921,-0.932283,0.154824], "O_F_ext_hat_K": [-3.77082,-0.827901,0.9687,0.0191727,-0.864355,0.123398], "K_F_ext_hat_K": [-0.996333,-1.19971,-3.66209,-0.555091,-0.914937,0.242444], "O_dP_EE_d": [0,0,0,0,0,0], "O_ddP_O": [0,0,-9.81], "O_T_EE_c": [-0.00239959,0.0461161,-0.998924,0,0.111981,0.992656,0.0455578,0,0.993707,-0.111753,-0.00754624,0,0.665164,0.0431987,-0.196437,1], "O_dP_EE_c": [0,0,0,0,0,0], "O_ddP_EE_c": [0,0,0,0,0,0], "theta": [-2.54334,-1.65085,2.71346,-1.39286,-2.4237,1.92827,1.0934], "dtheta": [0,0,0,0,0,0,0], "current_errors": [], "last_motion_errors": [], "control_command_success_rate": 0, "robot_mode": "User stopped", "time": 10833286}