{"O_T_EE": [9.39346e-05,0.0142631,-0.999889,0,0.704782,0.709337,0.0101847,0,0.709417,-0.704718,-0.00998591,0,0.538043,-0.390287,-0.206245,1], "O_T_EE_d": [0.000305002,0.0140296,-0.999892,0,0.704766,0.709353,0.010168,0,0.709433,-0.704706,-0.00967143,0,0.538085,-0.390356,-0.206122,1], "F_T_NE": [0.7071,-0.7071,0,0,0.7071,0.7071,0,0,0,0,1,0,0,0,0.1034,1], "NE_T_EE": [1,0,0,0,0,1,0,0,0,0,1,0,0,0,0,1], "F_T_EE": [0.7071,-0.7071,0,0,0.7071,0.7071,0,0,0,0,1,0,0,0,0.1034,1], "EE_T_K": [1,0,0,0,0,1,0,0,0,0,1,0,0,0,0,1], "m_ee": 0.73, "F_x_Cee": [-0.01,0,0.03], "I_ee": [0.001,0,0,0,0.0025,0,0,0,0.0017], "m_load": 0, "F_x_Cload": [0,0,0], "I_load": [0,0,0,0,0,0,0,0,0], "m_total": 0.73, "F_x_Ctotal": [-0.01,0,0.03], "I_total": [0.001,0,0,0,0.0025,0,0,0,0.0017], "elbow": [-0.47829,-1], "elbow_d": [-0.478398,-1], "elbow_c": [-0.478398,-1], "delbow_c": [0,0], "ddelbow_c": [0,0], "tau_J": [-0.0742106,-39.0206,-13.3774,5.33935,0.331852,-2.58852,0.194295], "tau_J_d": [0,0,0,0,0,0,0], "dtau_J": [-18.2378,-6.11024,80.7504,-49.4728,-28.0473,6.38429,113.838], "q": [-0.0512113,1.70879,-0.47829,-1.35967,-2.3868,1.9551,1.09816], "dq": [3.33495e-05,0.000175161,-0.000346483,0.00109224,0.000377575,-3.05357e-05,-0.00237891], "q_d": [-0.0512184,1.7087,-0.478398,-1.35972,-2.38677,1.95489,1.09819], "dq_d": [0,0,0,0,0,0,0], "ddq_d": [0,0,0,0,0,0,0], "joint_contact": [0,0,0,0,0,0,0], "cartesian_contact": [0,0,0,0,0,0], "joint_collision": [0,0,0,0,0,0,0], "cartesian_collision": [0,0,0,0,0,0], "tau_ext_hat_filtered": [-0.127789,-0.211422,0.0163517,-0.497356,0.43957,-1.03751,0.131782], "O_F_ext_hat_K": [-3.90585,2.73399,2.70843,-1.01094,-1.45055,-0.0231107], "K_F_ext_hat_K": [-2.66955,-0.785885,-4.72461,-0.0417398,-0.931253,0.19537], "O_dP_EE_d": [0,0,0,0,0,0], "O_ddP_O": [0,0,-9.81], "O_T_EE_c": [0.000305002,0.0140296,-0.999892,0,0.704766,0.709353,0.010168,0,0.709433,-0.704706,-0.00967143,0,0.538085,-0.390356,-0.206122,1], "O_dP_EE_c": [0,0,0,0,0,0], "O_ddP_EE_c": [0,0,0,0,0,0], "theta": [-0.0512158,1.70605,-0.479228,-1.3593,-2.38676,1.95481,1.09819], "dtheta": [0,0,0,0,0,0,0], "current_errors": [], "last_motion_errors": [], "control_command_success_rate": 0, "robot_mode": "User stopped", "time": 12222552}