{"O_T_EE": [0.00290276,0.0274079,-0.99961,0,0.465483,0.884675,0.0256083,0,0.88505,-0.465385,-0.0101901,0,0.6264,-0.211518,-0.205454,1], "O_T_EE_d": [0.0031749,0.0272973,-0.999613,0,0.465497,0.884667,0.0256368,0,0.885042,-0.465407,-0.00989824,0,0.626465,-0.211554,-0.205341,1], "F_T_NE": [0.7071,-0.7071,0,0,0.7071,0.7071,0,0,0,0,1,0,0,0,0.1034,1], "NE_T_EE": [1,0,0,0,0,1,0,0,0,0,1,0,0,0,0,1], "F_T_EE": [0.7071,-0.7071,0,0,0.7071,0.7071,0,0,0,0,1,0,0,0,0.1034,1], "EE_T_K": [1,0,0,0,0,1,0,0,0,0,1,0,0,0,0,1], "m_ee": 0.73, "F_x_Cee": [-0.01,0,0.03], "I_ee": [0.001,0,0,0,0.0025,0,0,0,0.0017], "m_load": 0, "F_x_Cload": [0,0,0], "I_load": [0,0,0,0,0,0,0,0,0], "m_total": 0.73, "F_x_Ctotal": [-0.01,0,0.03], "I_total": [0.001,0,0,0,0.0025,0,0,0,0.0017], "elbow": [-0.279812,-1], "elbow_d": [-0.279851,-1], "elbow_c": [-0.279851,-1], "delbow_c": [0,0], "ddelbow_c": [0,0], "tau_J": [-0.149589,-41.4367,-8.76738,7.67608,0.478336,-2.81923,0.132954], "tau_J_d": [0,0,0,0,0,0,0], "dtau_J": [-40.5385,127.65,-34.4984,77.3024,-30.8547,0.810461,108.402], "q": [0.0521027,1.6146,-0.279812,-1.40265,-2.59957,1.83057,0.987677], "dq": [0.000226982,0.000163451,-0.000211007,0.0050983,-0.00084003,0.000185681,-0.00261989], "q_d": [0.0520861,1.61449,-0.279851,-1.40266,-2.59953,1.83039,0.987679], "dq_d": [0,0,0,0,0,0,0], "ddq_d": [0,0,0,0,0,0,0], "joint_contact": [0,0,0,0,0,0,0], "cartesian_contact": [0,0,0,0,0,0], "joint_collision": [0,0,0,0,0,0,0], "cartesian_collision": [0,0,0,0,0,0], "tau_ext_hat_filtered": [-0.129536,-0.445047,-0.062952,-0.551081,0.529369,-1.2132,0.0866593], "O_F_ext_hat_K": [-5.74474,2.04863,4.2281,-0.788575,-2.34446,-0.062359], "K_F_ext_hat_K": [-4.18706,-0.753451,-6.08087,0.105511,-0.925247,0.130203], "O_dP_EE_d": [0,0,0,0,0,0], "O_ddP_O": [0,0,-9.81], "O_T_EE_c": [0.0031749,0.0272973,-0.999613,0,0.465497,0.884667,0.0256368,0,0.885042,-0.465407,-0.00989824,0,0.626465,-0.211554,-0.205341,1], "O_dP_EE_c": [0,0,0,0,0,0], "O_ddP_EE_c": [0,0,0,0,0,0], "theta": [0.0520914,1.6117,-0.280428,-1.40211,-2.59951,1.83026,0.987692], "dtheta": [0,0,0,0,0,0,0], "current_errors": [], "last_motion_errors": [], "control_command_success_rate": 0, "robot_mode": "User stopped", "time": 11357247}