{"O_T_EE": [0.00861468,0.00980519,-0.999905,0,0.766322,0.642312,0.0129008,0,0.64239,-0.766376,-0.00198066,0,0.508038,-0.43075,-0.206325,1], "O_T_EE_d": [0.00869198,0.00957475,-0.999907,0,0.766358,0.642271,0.0128119,0,0.642346,-0.766412,-0.00175511,0,0.508015,-0.430827,-0.206229,1], "F_T_NE": [0.7071,-0.7071,0,0,0.7071,0.7071,0,0,0,0,1,0,0,0,0.1034,1], "NE_T_EE": [1,0,0,0,0,1,0,0,0,0,1,0,0,0,0,1], "F_T_EE": [0.7071,-0.7071,0,0,0.7071,0.7071,0,0,0,0,1,0,0,0,0.1034,1], "EE_T_K": [1,0,0,0,0,1,0,0,0,0,1,0,0,0,0,1], "m_ee": 0.73, "F_x_Cee": [-0.01,0,0.03], "I_ee": [0.001,0,0,0,0.0025,0,0,0,0.0017], "m_load": 0, "F_x_Cload": [0,0,0], "I_load": [0,0,0,0,0,0,0,0,0], "m_total": 0.73, "F_x_Ctotal": [-0.01,0,0.03], "I_total": [0.001,0,0,0,0.0025,0,0,0,0.0017], "elbow": [-0.333096,-1], "elbow_d": [-0.333196,-1], "elbow_c": [-0.333196,-1], "delbow_c": [0,0], "ddelbow_c": [0,0], "tau_J": [0.0765462,-41.397,-10.0805,7.29522,0.221989,-2.8586,0.0926712], "tau_J_d": [0,0,0,0,0,0,0], "dtau_J": [-137.873,78.9395,67.8606,-189.753,0.738166,18.4685,-52.132], "q": [-0.273863,1.64813,-0.333096,-1.36429,-2.52467,1.8673,0.997491], "dq": [0.0010012,0.000633739,-0.00121384,0.00207175,0.00417126,-0.00137439,0.0013876], "q_d": [-0.273871,1.64801,-0.333196,-1.36445,-2.52462,1.86711,0.997493], "dq_d": [0,0,0,0,0,0,0], "ddq_d": [0,0,0,0,0,0,0], "joint_contact": [0,0,0,0,0,0,0], "cartesian_contact": [0,0,0,0,0,0], "joint_collision": [0,0,0,0,0,0,0], "cartesian_collision": [0,0,0,0,0,0], "tau_ext_hat_filtered": [0.121617,-0.790551,-0.18306,-0.535956,0.295761,-1.25006,0.130999], "O_F_ext_hat_K": [-5.16476,4.41295,5.69495,-1.91718,-2.38352,0.207473], "K_F_ext_hat_K": [-5.69574,-1.04993,-6.71105,-0.198925,-0.641641,0.185021], "O_dP_EE_d": [0,0,0,0,0,0], "O_ddP_O": [0,0,-9.81], "O_T_EE_c": [0.00869198,0.00957475,-0.999907,0,0.766358,0.642271,0.0128119,0,0.642346,-0.766412,-0.00175511,0,0.508015,-0.430827,-0.206229,1], "O_dP_EE_c": [0,0,0,0,0,0], "O_ddP_EE_c": [0,0,0,0,0,0], "theta": [-0.273857,1.64522,-0.333804,-1.36378,-2.52464,1.86698,0.9975], "dtheta": [0,0,0,0,0,0,0], "current_errors": [], "last_motion_errors": [], "control_command_success_rate": 0, "robot_mode": "User stopped", "time": 1112100}