{"O_T_EE": [0.0311136,0.00240116,-0.999503,0,0.94774,0.317575,0.0302652,0,0.317496,-0.948229,0.00760539,0,0.306661,-0.595954,-0.206973,1], "O_T_EE_d": [0.0311793,0.0022111,-0.999502,0,0.947735,0.31759,0.030267,0,0.317505,-0.948224,0.00780687,0,0.306676,-0.595975,-0.206909,1], "F_T_NE": [0.7071,-0.7071,0,0,0.7071,0.7071,0,0,0,0,1,0,0,0,0.1034,1], "NE_T_EE": [1,0,0,0,0,1,0,0,0,0,1,0,0,0,0,1], "F_T_EE": [0.7071,-0.7071,0,0,0.7071,0.7071,0,0,0,0,1,0,0,0,0.1034,1], "EE_T_K": [1,0,0,0,0,1,0,0,0,0,1,0,0,0,0,1], "m_ee": 0.73, "F_x_Cee": [-0.01,0,0.03], "I_ee": [0.001,0,0,0,0.0025,0,0,0,0.0017], "m_load": 0, "F_x_Cload": [0,0,0], "I_load": [0,0,0,0,0,0,0,0,0], "m_total": 0.73, "F_x_Ctotal": [-0.01,0,0.03], "I_total": [0.001,0,0,0,0.0025,0,0,0,0.0017], "elbow": [-0.423421,-1], "elbow_d": [-0.423429,-1], "elbow_c": [-0.423429,-1], "delbow_c": [0,0], "ddelbow_c": [0,0], "tau_J": [0.0368734,-39.9291,-11.6913,6.29546,0.377628,-2.70845,0.143025], "tau_J_d": [0,0,0,0,0,0,0], "dtau_J": [-17.2308,-105.762,102.615,86.3485,-2.77569,-49.596,-92.8552], "q": [-0.587079,1.69905,-0.423421,-1.33089,-2.44586,1.912,1.07324], "dq": [0.000434056,0.00106706,-0.00135463,0.00612162,3.64222e-05,0.000817484,0.00110615], "q_d": [-0.587064,1.69899,-0.423429,-1.33095,-2.44583,1.91181,1.07323], "dq_d": [0,0,0,0,0,0,0], "ddq_d": [0,0,0,0,0,0,0], "joint_contact": [0,0,0,0,0,0,0], "cartesian_contact": [0,0,0,0,0,0], "joint_collision": [0,0,0,0,0,0,0], "cartesian_collision": [0,0,0,0,0,0], "tau_ext_hat_filtered": [0.0164682,-0.134244,0.263831,-0.69652,0.456174,-1.07624,0.182584], "O_F_ext_hat_K": [-2.78516,5.74577,3.81959,-1.81403,-1.09717,0.118761], "K_F_ext_hat_K": [-3.89063,-0.699308,-6.30353,-0.0404152,-0.847974,0.245625], "O_dP_EE_d": [0,0,0,0,0,0], "O_ddP_O": [0,0,-9.81], "O_T_EE_c": [0.0311793,0.0022111,-0.999502,0,0.947735,0.31759,0.030267,0,0.317505,-0.948224,0.00780687,0,0.306676,-0.595975,-0.206909,1], "O_dP_EE_c": [0,0,0,0,0,0], "O_ddP_EE_c": [0,0,0,0,0,0], "theta": [-0.587077,1.69625,-0.424242,-1.33045,-2.44582,1.91169,1.07325], "dtheta": [0,0,0,0,0,0,0], "current_errors": [], "last_motion_errors": [], "control_command_success_rate": 0, "robot_mode": "User stopped", "time": 13228064}