{"O_T_EE": [0.0133949,0.00250565,-0.999898,0,0.941725,-0.336148,0.0117733,0,-0.336091,-0.941805,-0.00686244,0,-0.131401,-0.665572,-0.208537,1], "O_T_EE_d": [0.0133527,0.00256125,-0.999898,0,0.941697,-0.336229,0.0117143,0,-0.336171,-0.941776,-0.00690164,0,-0.131469,-0.665521,-0.208565,1], "F_T_NE": [0.7071,-0.7071,0,0,0.7071,0.7071,0,0,0,0,1,0,0,0,0.1034,1], "NE_T_EE": [1,0,0,0,0,1,0,0,0,0,1,0,0,0,0,1], "F_T_EE": [0.7071,-0.7071,0,0,0.7071,0.7071,0,0,0,0,1,0,0,0,0.1034,1], "EE_T_K": [1,0,0,0,0,1,0,0,0,0,1,0,0,0,0,1], "m_ee": 0.73, "F_x_Cee": [-0.01,0,0.03], "I_ee": [0.001,0,0,0,0.0025,0,0,0,0.0017], "m_load": 0, "F_x_Cload": [0,0,0], "I_load": [0,0,0,0,0,0,0,0,0], "m_total": 0.73, "F_x_Ctotal": [-0.01,0,0.03], "I_total": [0.001,0,0,0,0.0025,0,0,0,0.0017], "elbow": [-0.424965,-1], "elbow_d": [-0.424982,-1], "elbow_c": [-0.424982,-1], "delbow_c": [0,0], "ddelbow_c": [0,0], "tau_J": [-0.260673,-39.211,-11.3183,6.56524,0.0938149,-2.17744,0.0816849], "tau_J_d": [0,0,0,0,0,0,0], "dtau_J": [-87.3886,92.1347,-173.947,8.51606,-15.1521,3.83151,40.385], "q": [-1.27543,1.705,-0.424965,-1.29573,-2.46342,1.94394,1.04481], "dq": [0.00109732,-0.000634535,0.0023041,0.00664495,-0.00345164,-0.000412404,-0.00183123], "q_d": [-1.27548,1.70503,-0.424982,-1.2958,-2.4634,1.94391,1.04482], "dq_d": [0,0,0,0,0,0,0], "ddq_d": [0,0,0,0,0,0,0], "joint_contact": [0,0,0,0,0,0,0], "cartesian_contact": [0,0,0,0,0,0], "joint_collision": [0,0,0,0,0,0,0], "cartesian_collision": [0,0,0,0,0,0], "tau_ext_hat_filtered": [-0.211802,0.963138,0.596378,-0.897678,0.214768,-0.606428,0.0585597], "O_F_ext_hat_K": [0.68078,4.36682,0.604564,-0.341322,0.0913729,-0.0820074], "K_F_ext_hat_K": [-0.584453,-0.819689,-4.34565,-0.0496908,-0.851351,0.140328], "O_dP_EE_d": [0,0,0,0,0,0], "O_ddP_O": [0,0,-9.81], "O_T_EE_c": [0.0133527,0.00256125,-0.999898,0,0.941697,-0.336229,0.0117143,0,-0.336171,-0.941776,-0.00690164,0,-0.131469,-0.665521,-0.208565,1], "O_dP_EE_c": [0,0,0,0,0,0], "O_ddP_EE_c": [0,0,0,0,0,0], "theta": [-1.27545,1.70225,-0.42576,-1.29527,-2.46341,1.94369,1.04482], "dtheta": [0,0,0,0.0260111,0,0,0], "current_errors": [], "last_motion_errors": [], "control_command_success_rate": 0, "robot_mode": "User stopped", "time": 14556784}