{"O_T_EE": [0.0186606,-0.0126497,-0.999736,0,0.801073,-0.598126,0.0225206,0,-0.598265,-0.801298,-0.00102813,0,-0.321097,-0.600648,-0.208594,1], "O_T_EE_d": [0.0186639,-0.012475,-0.999738,0,0.801038,-0.598178,0.0224186,0,-0.598312,-0.801262,-0.00117145,0,-0.321096,-0.600533,-0.208677,1], "F_T_NE": [0.7071,-0.7071,0,0,0.7071,0.7071,0,0,0,0,1,0,0,0,0.1034,1], "NE_T_EE": [1,0,0,0,0,1,0,0,0,0,1,0,0,0,0,1], "F_T_EE": [0.7071,-0.7071,0,0,0.7071,0.7071,0,0,0,0,1,0,0,0,0.1034,1], "EE_T_K": [1,0,0,0,0,1,0,0,0,0,1,0,0,0,0,1], "m_ee": 0.73, "F_x_Cee": [-0.01,0,0.03], "I_ee": [0.001,0,0,0,0.0025,0,0,0,0.0017], "m_load": 0, "F_x_Cload": [0,0,0], "I_load": [0,0,0,0,0,0,0,0,0], "m_total": 0.73, "F_x_Ctotal": [-0.01,0,0.03], "I_total": [0.001,0,0,0,0.0025,0,0,0,0.0017], "elbow": [-0.31096,-1], "elbow_d": [-0.310939,-1], "elbow_c": [-0.310939,-1], "delbow_c": [0,0], "ddelbow_c": [0,0], "tau_J": [0.18763,-40.4171,-8.39048,7.71575,0.0114174,-2.34773,0.163167], "tau_J_d": [0,0,0,0,0,0,0], "dtau_J": [37.5366,-58.1639,-116.767,96.6201,-0.911848,-4.92017,102.195], "q": [-1.6862,1.66679,-0.31096,-1.29284,-2.58432,1.88493,0.978455], "dq": [-0.000541766,0.000616949,0.000273397,-0.000927446,-0.00311267,-3.75246e-05,-0.0030343], "q_d": [-1.6862,1.66685,-0.310939,-1.29303,-2.58431,1.88487,0.978453], "dq_d": [0,0,0,0,0,0,0], "ddq_d": [0,0,0,0,0,0,0], "joint_contact": [0,0,0,0,0,0,0], "cartesian_contact": [0,0,0,0,0,0], "joint_collision": [0,0,0,0,0,0,0], "cartesian_collision": [0,0,0,0,0,0], "tau_ext_hat_filtered": [0.18768,1.09166,0.68142,-1.28149,0.115998,-0.743718,0.111683], "O_F_ext_hat_K": [3.49374,6.20729,2.62195,-1.01568,0.435318,0.295388], "K_F_ext_hat_K": [-2.63463,-0.85497,-7.06676,-0.20779,-0.777702,0.181726], "O_dP_EE_d": [0,0,0,0,0,0], "O_ddP_O": [0,0,-9.81], "O_T_EE_c": [0.0186639,-0.012475,-0.999738,0,0.801038,-0.598178,0.0224186,0,-0.598312,-0.801262,-0.00117145,0,-0.321096,-0.600533,-0.208677,1], "O_dP_EE_c": [0,0,0,0,0,0], "O_ddP_EE_c": [0,0,0,0,0,0], "theta": [-1.68619,1.66396,-0.311548,-1.2923,-2.58432,1.88467,0.978474], "dtheta": [0,0,0,0,0,0,0], "current_errors": [], "last_motion_errors": [], "control_command_success_rate": 0, "robot_mode": "User stopped", "time": 15195969}