{"O_T_EE": [0.0213216,-0.0194845,-0.999573,0,0.843017,-0.537117,0.0284521,0,-0.537452,-0.84328,0.0049737,0,-0.276046,-0.622502,-0.208427,1], "O_T_EE_d": [0.0213131,-0.0194063,-0.999575,0,0.842973,-0.537187,0.0284033,0,-0.53752,-0.843237,0.00490994,0,-0.276072,-0.622432,-0.20847,1], "F_T_NE": [0.7071,-0.7071,0,0,0.7071,0.7071,0,0,0,0,1,0,0,0,0.1034,1], "NE_T_EE": [1,0,0,0,0,1,0,0,0,0,1,0,0,0,0,1], "F_T_EE": [0.7071,-0.7071,0,0,0.7071,0.7071,0,0,0,0,1,0,0,0,0.1034,1], "EE_T_K": [1,0,0,0,0,1,0,0,0,0,1,0,0,0,0,1], "m_ee": 0.73, "F_x_Cee": [-0.01,0,0.03], "I_ee": [0.001,0,0,0,0.0025,0,0,0,0.0017], "m_load": 0, "F_x_Cload": [0,0,0], "I_load": [0,0,0,0,0,0,0,0,0], "m_total": 0.73, "F_x_Ctotal": [-0.01,0,0.03], "I_total": [0.001,0,0,0,0.0025,0,0,0,0.0017], "elbow": [-0.42598,-1], "elbow_d": [-0.425953,-1], "elbow_c": [-0.425953,-1], "delbow_c": [0,0], "ddelbow_c": [0,0], "tau_J": [-0.0742106,-38.7945,-10.755,6.33514,0.167057,-2.12801,0.132954], "tau_J_d": [0,0,0,0,0,0,0], "dtau_J": [-75.5757,55.4647,133.735,93.3782,14.9893,35.9893,98.6794], "q": [-1.50191,1.71554,-0.42598,-1.27691,-2.45545,1.93901,1.05463], "dq": [0.000768028,-0.000871098,-0.00125356,-0.00764655,-0.000561978,-0.000280732,-0.00275828], "q_d": [-1.50194,1.71558,-0.425953,-1.277,-2.45543,1.93897,1.05462], "dq_d": [0,0,0,0,0,0,0], "ddq_d": [0,0,0,0,0,0,0], "joint_contact": [0,0,0,0,0,0,0], "cartesian_contact": [0,0,0,0,0,0], "joint_collision": [0,0,0,0,0,0,0], "cartesian_collision": [0,0,0,0,0,0], "tau_ext_hat_filtered": [-0.0710733,1.52438,0.962258,-1.30039,0.283869,-0.535557,0.075956], "O_F_ext_hat_K": [2.42247,5.36365,0.703823,-0.155479,0.0535611,0.0345623], "K_F_ext_hat_K": [-0.756394,-0.818711,-5.82151,-0.0320967,-0.899548,0.14185], "O_dP_EE_d": [0,0,0,0,0,0], "O_ddP_O": [0,0,-9.81], "O_T_EE_c": [0.0213131,-0.0194063,-0.999575,0,0.842973,-0.537187,0.0284033,0,-0.53752,-0.843237,0.00490994,0,-0.276072,-0.622432,-0.20847,1], "O_dP_EE_c": [0,0,0,0,0,0], "O_ddP_EE_c": [0,0,0,0,0,0], "theta": [-1.50191,1.71282,-0.426734,-1.27646,-2.45543,1.93877,1.05464], "dtheta": [0,0,0,-0.0247671,0,0,0], "current_errors": [], "last_motion_errors": [], "control_command_success_rate": 0, "robot_mode": "User stopped", "time": 15070384}