{"O_T_EE": [0.0229197,-0.00742757,-0.9997,0,0.649553,-0.760026,0.0205388,0,-0.759966,-0.649841,-0.0125952,0,-0.446144,-0.51771,-0.2083,1], "O_T_EE_d": [0.0227773,-0.00738104,-0.999704,0,0.649479,-0.760093,0.0204097,0,-0.760033,-0.649764,-0.0125193,0,-0.446199,-0.517614,-0.208281,1], "F_T_NE": [0.7071,-0.7071,0,0,0.7071,0.7071,0,0,0,0,1,0,0,0,0.1034,1], "NE_T_EE": [1,0,0,0,0,1,0,0,0,0,1,0,0,0,0,1], "F_T_EE": [0.7071,-0.7071,0,0,0.7071,0.7071,0,0,0,0,1,0,0,0,0.1034,1], "EE_T_K": [1,0,0,0,0,1,0,0,0,0,1,0,0,0,0,1], "m_ee": 0.73, "F_x_Cee": [-0.01,0,0.03], "I_ee": [0.001,0,0,0,0.0025,0,0,0,0.0017], "m_load": 0, "F_x_Cload": [0,0,0], "I_load": [0,0,0,0,0,0,0,0,0], "m_total": 0.73, "F_x_Ctotal": [-0.01,0,0.03], "I_total": [0.001,0,0,0,0.0025,0,0,0,0.0017], "elbow": [-0.32246,-1], "elbow_d": [-0.322525,-1], "elbow_c": [-0.322525,-1], "delbow_c": [0,0], "ddelbow_c": [0,0], "tau_J": [-0.0742106,-41.397,-9.1046,7.94586,0.176212,-2.61873,0.102742], "tau_J_d": [0,0,0,0,0,0,0], "dtau_J": [-86.5166,-35.8165,-25.8322,-52.5859,-19.2145,-6.24222,97.5369], "q": [-1.89871,1.66591,-0.32246,-1.28776,-2.57573,1.9089,0.980658], "dq": [0.00081168,-0.000788976,0.0011872,-0.000967034,0.000188288,-0.00011038,-0.00269346], "q_d": [-1.89874,1.66586,-0.322525,-1.28798,-2.57569,1.90872,0.980659], "dq_d": [0,0,0,0,0,0,0], "ddq_d": [0,0,0,0,0,0,0], "joint_contact": [0,0,0,0,0,0,0], "cartesian_contact": [0,0,0,0,0,0], "joint_collision": [0,0,0,0,0,0,0], "cartesian_collision": [0,0,0,0,0,0], "tau_ext_hat_filtered": [-0.0879461,0.117991,0.166398,-1.0496,0.290868,-1.05121,0.0531113], "O_F_ext_hat_K": [5.03809,5.97198,4.86564,-1.84966,1.58605,0.03521], "K_F_ext_hat_K": [-4.79316,-1.16645,-7.7709,-0.107918,-0.724549,0.133561], "O_dP_EE_d": [0,0,0,0,0,0], "O_ddP_O": [0,0,-9.81], "O_T_EE_c": [0.0227773,-0.00738104,-0.999704,0,0.649479,-0.760093,0.0204097,0,-0.760033,-0.649764,-0.0125193,0,-0.446199,-0.517614,-0.208281,1], "O_dP_EE_c": [0,0,0,0,0,0], "O_ddP_EE_c": [0,0,0,0,0,0], "theta": [-1.89872,1.66301,-0.323098,-1.2872,-2.57571,1.90861,0.980669], "dtheta": [0,0,0,0,0,0,0], "current_errors": [], "last_motion_errors": [], "control_command_success_rate": 0, "robot_mode": "User stopped", "time": 15496831}