{"O_T_EE": [-0.0123934,0.0489335,-0.998716,0,-0.928436,-0.371406,-0.0066763,0,-0.371263,0.927179,0.0500356,0,-0.419446,0.664368,-0.0970695,1], "O_T_EE_d": [-0.0123538,0.0489729,-0.998714,0,-0.928468,-0.371326,-0.00672346,0,-0.371185,0.927209,0.050058,0,-0.419377,0.664383,-0.0970737,1], "F_T_NE": [0.7071,-0.7071,0,0,0.7071,0.7071,0,0,0,0,1,0,0,0,0.1034,1], "NE_T_EE": [1,0,0,0,0,1,0,0,0,0,1,0,0,0,0,1], "F_T_EE": [0.7071,-0.7071,0,0,0.7071,0.7071,0,0,0,0,1,0,0,0,0.1034,1], "EE_T_K": [1,0,0,0,0,1,0,0,0,0,1,0,0,0,0,1], "m_ee": 0.73, "F_x_Cee": [-0.01,0,0.03], "I_ee": [0.001,0,0,0,0.0025,0,0,0,0.0017], "m_load": 0, "F_x_Cload": [0,0,0], "I_load": [0,0,0,0,0,0,0,0,0], "m_total": 0.73, "F_x_Ctotal": [-0.01,0,0.03], "I_total": [0.001,0,0,0,0.0025,0,0,0,0.0017], "elbow": [2.46233,-1], "elbow_d": [2.46231,-1], "elbow_c": [2.46231,-1], "delbow_c": [0,0], "ddelbow_c": [0,0], "tau_J": [-0.522514,42.7491,-15.3293,8.17596,-0.463741,-2.37794,-0.0501511], "tau_J_d": [0,0,0,0,0,0,0], "dtau_J": [-13.6071,-21.6653,-36.1728,109.025,-21.0651,34.4862,-105.738], "q": [-0.467888,-1.66186,2.46233,-1.12311,-2.30367,2.22964,1.01128], "dq": [0.000210735,0.000260444,-0.000496714,-0.00108949,0.000490009,-0.000342095,0.00272631], "q_d": [-0.467894,-1.66184,2.46231,-1.12325,-2.30365,2.22956,1.0113], "dq_d": [0,0,0,0,0,0,0], "ddq_d": [0,0,0,0,0,0,0], "joint_contact": [0,0,0,0,0,0,0], "cartesian_contact": [0,0,0,0,0,0], "joint_collision": [0,0,0,0,0,0,0], "cartesian_collision": [0,0,0,0,0,0], "tau_ext_hat_filtered": [-0.470393,-1.91979,0.740768,-1.03226,0.0842292,-0.679372,0.0177321], "O_F_ext_hat_K": [2.43524,-2.35427,-2.54982,-0.620382,-0.712744,-0.385263], "K_F_ext_hat_K": [2.40121,-1.36958,-3.21453,-0.231956,-1.43093,0.0787804], "O_dP_EE_d": [0,0,0,0,0,0], "O_ddP_O": [0,0,-9.81], "O_T_EE_c": [-0.0123538,0.0489729,-0.998714,0,-0.928468,-0.371326,-0.00672346,0,-0.371185,0.927209,0.050058,0,-0.419377,0.664383,-0.0970737,1], "O_dP_EE_c": [0,0,0,0,0,0], "O_ddP_EE_c": [0,0,0,0,0,0], "theta": [-0.467925,-1.65886,2.46125,-1.12254,-2.30372,2.22937,1.01128], "dtheta": [0,0,0,0,0,0,0], "current_errors": [], "last_motion_errors": [], "control_command_success_rate": 0, "robot_mode": "User stopped", "time": 1080129}