{"O_T_EE": [0.00372171,0.00182647,-0.999982,0,-0.907387,-0.420252,-0.00414468,0,-0.42026,0.907404,9.32605e-05,0,-0.461728,0.636521,-0.0968055,1], "O_T_EE_d": [0.00363931,0.00206626,-0.999982,0,-0.907468,-0.420077,-0.00417062,0,-0.420086,0.907484,0.000346278,0,-0.46162,0.636641,-0.0966932,1], "F_T_NE": [0.7071,-0.7071,0,0,0.7071,0.7071,0,0,0,0,1,0,0,0,0.1034,1], "NE_T_EE": [1,0,0,0,0,1,0,0,0,0,1,0,0,0,0,1], "F_T_EE": [0.7071,-0.7071,0,0,0.7071,0.7071,0,0,0,0,1,0,0,0,0.1034,1], "EE_T_K": [1,0,0,0,0,1,0,0,0,0,1,0,0,0,0,1], "m_ee": 0.73, "F_x_Cee": [-0.01,0,0.03], "I_ee": [0.001,0,0,0,0.0025,0,0,0,0.0017], "m_load": 0, "F_x_Cload": [0,0,0], "I_load": [0,0,0,0,0,0,0,0,0], "m_total": 0.73, "F_x_Ctotal": [-0.01,0,0.03], "I_total": [0.001,0,0,0,0.0025,0,0,0,0.0017], "elbow": [2.47125,-1], "elbow_d": [2.47117,-1], "elbow_c": [2.47117,-1], "delbow_c": [0,0], "ddelbow_c": [0,0], "tau_J": [-0.970817,44.7883,-16.4917,8.13629,-0.262325,-2.8586,0.112813], "tau_J_d": [0,0,0,0,0,0,0], "dtau_J": [4.85752,-27.2549,120.779,-113.626,-16.2449,-33.6548,-46.6342], "q": [-0.409185,-1.63383,2.47125,-1.13316,-2.32315,2.28721,1.00654], "dq": [0.000209587,0.000306216,-8.30957e-05,6.01769e-05,0.000393952,0.000223255,0.00118033], "q_d": [-0.409295,-1.63371,2.47117,-1.13332,-2.32311,2.28702,1.00655], "dq_d": [0,0,0,0,0,0,0], "ddq_d": [0,0,0,0,0,0,0], "joint_contact": [0,0,0,0,0,0,0], "cartesian_contact": [0,0,0,0,0,0], "joint_collision": [0,0,0,0,0,0,0], "cartesian_collision": [0,0,0,0,0,0], "tau_ext_hat_filtered": [-0.904385,-0.179509,-0.5647,-1.37438,0.309991,-1.24957,0.138964], "O_F_ext_hat_K": [6.65174,-6.37227,3.48319,2.70921,1.69491,-0.827743], "K_F_ext_hat_K": [-3.47007,-3.37224,-8.57736,-0.458538,-1.3152,0.196897], "O_dP_EE_d": [0,0,0,0,0,0], "O_ddP_O": [0,0,-9.81], "O_T_EE_c": [0.00363931,0.00206626,-0.999982,0,-0.907468,-0.420077,-0.00417062,0,-0.420086,0.907484,0.000346278,0,-0.46162,0.636641,-0.0966932,1], "O_dP_EE_c": [0,0,0,0,0,0], "O_ddP_EE_c": [0,0,0,0,0,0], "theta": [-0.409253,-1.63069,2.47009,-1.13259,-2.32318,2.28689,1.00655], "dtheta": [0,0,0,0,0,0,0], "current_errors": [], "last_motion_errors": [], "control_command_success_rate": 0, "robot_mode": "User stopped", "time": 3505030}