{"O_T_EE": [-0.0342442,-0.0005324,-0.999404,0,-0.810877,-0.584525,0.0280958,0,-0.584203,0.811372,0.0195852,0,-0.575764,0.537391,-0.0976153,1], "O_T_EE_d": [-0.0341002,-0.000467793,-0.999409,0,-0.810998,-0.584365,0.0279451,0,-0.584044,0.811487,0.019548,0,-0.575609,0.537439,-0.097674,1], "F_T_NE": [0.7071,-0.7071,0,0,0.7071,0.7071,0,0,0,0,1,0,0,0,0.1034,1], "NE_T_EE": [1,0,0,0,0,1,0,0,0,0,1,0,0,0,0,1], "F_T_EE": [0.7071,-0.7071,0,0,0.7071,0.7071,0,0,0,0,1,0,0,0,0.1034,1], "EE_T_K": [1,0,0,0,0,1,0,0,0,0,1,0,0,0,0,1], "m_ee": 0.73, "F_x_Cee": [-0.01,0,0.03], "I_ee": [0.001,0,0,0,0.0025,0,0,0,0.0017], "m_load": 0, "F_x_Cload": [0,0,0], "I_load": [0,0,0,0,0,0,0,0,0], "m_total": 0.73, "F_x_Ctotal": [-0.01,0,0.03], "I_total": [0.001,0,0,0,0.0025,0,0,0,0.0017], "elbow": [2.32467,-1], "elbow_d": [2.3247,-1], "elbow_c": [2.3247,-1], "delbow_c": [0,0], "ddelbow_c": [0,0], "tau_J": [-0.0345378,42.4476,-17.2018,4.83947,-0.161617,-2.46858,-0.00986788], "tau_J_d": [0,0,0,0,0,0,0], "dtau_J": [-78.2891,-143.345,-142.449,22.9025,63.0959,-2.69587,-63.4065], "q": [-0.140397,-1.72843,2.32467,-1.09793,-2.17568,2.34654,1.08814], "dq": [0.000886625,0.000824039,0.00109415,-0.00214761,-0.000745357,9.42296e-05,0.000917774], "q_d": [-0.140373,-1.72845,2.3247,-1.09824,-2.17564,2.34643,1.08814], "dq_d": [0,0,0,0,0,0,0], "ddq_d": [0,0,0,0,0,0,0], "joint_contact": [0,0,0,0,0,0,0], "cartesian_contact": [0,0,0,0,0,0], "joint_collision": [0,0,0,0,0,0,0], "cartesian_collision": [0,0,0,0,0,0], "tau_ext_hat_filtered": [0.0867972,-0.930919,0.833229,-1.86676,0.479623,-0.843656,0.0349314], "O_F_ext_hat_K": [9.22334,-9.0016,3.94593,2.15815,2.15359,0.171684], "K_F_ext_hat_K": [-4.25471,-2.10651,-12.6147,0.0227058,-1.20167,0.0981076], "O_dP_EE_d": [0,0,0,0,0,0], "O_ddP_O": [0,0,-9.81], "O_T_EE_c": [-0.0341002,-0.000467793,-0.999409,0,-0.810998,-0.584365,0.0279451,0,-0.584044,0.811487,0.019548,0,-0.575609,0.537439,-0.097674,1], "O_dP_EE_c": [0,0,0,0,0,0], "O_ddP_EE_c": [0,0,0,0,0,0], "theta": [-0.140401,-1.72545,2.32346,-1.09759,-2.17569,2.34627,1.08814], "dtheta": [0,0,0,0,0,0,0], "current_errors": [], "last_motion_errors": [], "control_command_success_rate": 0, "robot_mode": "User stopped", "time": 3424942}