{"O_T_EE": [-0.00352874,0.0422602,-0.999091,0,-0.984759,-0.173828,-0.00387458,0,-0.173837,0.983869,0.0422303,0,-0.282895,0.729228,-0.0975777,1], "O_T_EE_d": [-0.00338547,0.042201,-0.999094,0,-0.984766,-0.173786,-0.00400368,0,-0.173801,0.983878,0.0421473,0,-0.282825,0.729186,-0.0976577,1], "F_T_NE": [0.7071,-0.7071,0,0,0.7071,0.7071,0,0,0,0,1,0,0,0,0.1034,1], "NE_T_EE": [1,0,0,0,0,1,0,0,0,0,1,0,0,0,0,1], "F_T_EE": [0.7071,-0.7071,0,0,0.7071,0.7071,0,0,0,0,1,0,0,0,0.1034,1], "EE_T_K": [1,0,0,0,0,1,0,0,0,0,1,0,0,0,0,1], "m_ee": 0.73, "F_x_Cee": [-0.01,0,0.03], "I_ee": [0.001,0,0,0,0.0025,0,0,0,0.0017], "m_load": 0, "F_x_Cload": [0,0,0], "I_load": [0,0,0,0,0,0,0,0,0], "m_total": 0.73, "F_x_Ctotal": [-0.01,0,0.03], "I_total": [0.001,0,0,0,0.0025,0,0,0,0.0017], "elbow": [2.47874,-1], "elbow_d": [2.47874,-1], "elbow_c": [2.47874,-1], "delbow_c": [0,0], "ddelbow_c": [0,0], "tau_J": [-0.109916,42.1857,-14.6905,7.87048,-0.555294,-2.04744,0.102742], "tau_J_d": [0,0,0,0,0,0,0], "dtau_J": [118.557,49.763,-99.5605,-18.0471,-16.786,13.8527,-1.25419], "q": [-0.659482,-1.64492,2.47874,-1.14511,-2.3043,2.22691,1.00335], "dq": [-0.000929091,-0.000616538,-0.000291054,-0.000458965,0.000114483,-0.000275733,0.000141765], "q_d": [-0.659448,-1.64501,2.47874,-1.14523,-2.30429,2.22686,1.00334], "dq_d": [0,0,0,0,0,0,0], "ddq_d": [0,0,0,0,0,0,0], "joint_contact": [0,0,0,0,0,0,0], "cartesian_contact": [0,0,0,0,0,0], "joint_collision": [0,0,0,0,0,0,0], "cartesian_collision": [0,0,0,0,0,0], "tau_ext_hat_filtered": [-0.158627,-2.45966,1.26055,-1.41544,-0.0381181,-0.365077,0.131093], "O_F_ext_hat_K": [2.53407,-4.59239,-2.10381,-0.904295,-0.475304,-0.0698973], "K_F_ext_hat_K": [1.89892,-1.68904,-5.04767,-0.466729,-1.12723,0.194031], "O_dP_EE_d": [0,0,0,0,0,0], "O_ddP_O": [0,0,-9.81], "O_T_EE_c": [-0.00338547,0.042201,-0.999094,0,-0.984766,-0.173786,-0.00400368,0,-0.173801,0.983878,0.0421473,0,-0.282825,0.729186,-0.0976577,1], "O_dP_EE_c": [0,0,0,0,0,0], "O_ddP_EE_c": [0,0,0,0,0,0], "theta": [-0.65949,-1.64196,2.47771,-1.14455,-2.30437,2.22668,1.00336], "dtheta": [0,0,0,0,0,0,0], "current_errors": [], "last_motion_errors": [], "control_command_success_rate": 0, "robot_mode": "User stopped", "time": 1191848}