{"O_T_EE": [-0.00699767,0.0396784,-0.999178,0,-0.959278,0.28186,0.0179112,0,0.282344,0.958634,0.036091,0,0.0718016,0.764353,-0.105902,1], "O_T_EE_d": [-0.00697133,0.0397412,-0.999176,0,-0.959244,0.281976,0.017908,0,0.282461,0.958597,0.0361564,0,0.0718982,0.764344,-0.105881,1], "F_T_NE": [0.7071,-0.7071,0,0,0.7071,0.7071,0,0,0,0,1,0,0,0,0.1034,1], "NE_T_EE": [1,0,0,0,0,1,0,0,0,0,1,0,0,0,0,1], "F_T_EE": [0.7071,-0.7071,0,0,0.7071,0.7071,0,0,0,0,1,0,0,0,0.1034,1], "EE_T_K": [1,0,0,0,0,1,0,0,0,0,1,0,0,0,0,1], "m_ee": 0.73, "F_x_Cee": [-0.01,0,0.03], "I_ee": [0.001,0,0,0,0.0025,0,0,0,0.0017], "m_load": 0, "F_x_Cload": [0,0,0], "I_load": [0,0,0,0,0,0,0,0,0], "m_total": 0.73, "F_x_Ctotal": [-0.01,0,0.03], "I_total": [0.001,0,0,0,0.0025,0,0,0,0.0017], "elbow": [-0.487628,-1], "elbow_d": [-0.487669,-1], "elbow_c": [-0.487669,-1], "delbow_c": [0,0], "ddelbow_c": [0,0], "tau_J": [-0.895439,-44.6383,-12.9291,10.0922,-0.106686,-2.38802,0.204366], "tau_J_d": [0,0,0,0,0,0,0], "dtau_J": [20.1661,-105.011,-174.325,-83.237,14.1788,1.87779,115.506], "q": [1.92797,1.55649,-0.487628,-1.22476,-2.458,2.11194,0.96969], "dq": [-0.000436693,0.000696752,0.00124837,0.000852485,-0.00031672,0.000218021,-0.00255963], "q_d": [1.92789,1.55647,-0.487669,-1.22481,-2.45797,2.11188,0.969717], "dq_d": [0,0,0,0,0,0,0], "ddq_d": [0,0,0,0,0,0,0], "joint_contact": [0,0,0,0,0,0,0], "cartesian_contact": [0,0,0,0,0,0], "joint_collision": [0,0,0,0,0,0,0], "cartesian_collision": [0,0,0,0,0,0], "tau_ext_hat_filtered": [-0.883123,0.648924,0.0177118,-0.970464,0.274139,-0.678647,0.141941], "O_F_ext_hat_K": [0.720981,-4.56554,0.640407,0.894815,-0.147732,-0.754946], "K_F_ext_hat_K": [-0.826095,-1.96703,-4.15001,-0.13109,-0.857567,0.23108], "O_dP_EE_d": [0,0,0,0,0,0], "O_ddP_O": [0,0,-9.81], "O_T_EE_c": [-0.00697133,0.0397412,-0.999176,0,-0.959244,0.281976,0.017908,0,0.282461,0.958597,0.0361564,0,0.0718982,0.764344,-0.105881,1], "O_dP_EE_c": [0,0,0,0,0,0], "O_ddP_EE_c": [0,0,0,0,0,0], "theta": [1.9279,1.55336,-0.488535,-1.22406,-2.45801,2.11168,0.969711], "dtheta": [0,0,0,0,0,0,0], "current_errors": [], "last_motion_errors": [], "control_command_success_rate": 0, "robot_mode": "User stopped", "time": 1817453}