{"O_T_EE": [0.00464807,-0.0110716,-0.999918,0,-0.735681,0.677226,-0.0109183,0,0.677305,0.735686,-0.00499745,0,0.39769,0.645721,-0.104403,1], "O_T_EE_d": [0.00475776,-0.0110683,-0.999918,0,-0.735634,0.677276,-0.0109972,0,0.677355,0.73564,-0.00492003,0,0.397756,0.645662,-0.104402,1], "F_T_NE": [0.7071,-0.7071,0,0,0.7071,0.7071,0,0,0,0,1,0,0,0,0.1034,1], "NE_T_EE": [1,0,0,0,0,1,0,0,0,0,1,0,0,0,0,1], "F_T_EE": [0.7071,-0.7071,0,0,0.7071,0.7071,0,0,0,0,1,0,0,0,0.1034,1], "EE_T_K": [1,0,0,0,0,1,0,0,0,0,1,0,0,0,0,1], "m_ee": 0.73, "F_x_Cee": [-0.01,0,0.03], "I_ee": [0.001,0,0,0,0.0025,0,0,0,0.0017], "m_load": 0, "F_x_Cload": [0,0,0], "I_load": [0,0,0,0,0,0,0,0,0], "m_total": 0.73, "F_x_Ctotal": [-0.01,0,0.03], "I_total": [0.001,0,0,0,0.0025,0,0,0,0.0017], "elbow": [-0.85818,-1], "elbow_d": [-0.858193,-1], "elbow_c": [-0.858193,-1], "delbow_c": [0,0], "ddelbow_c": [0,0], "tau_J": [-0.447135,-40.2306,-19.5663,3.078,-0.610226,-2.44844,0.0615432], "tau_J_d": [0,0,0,0,0,0,0], "dtau_J": [63.6514,58.9143,-55.4519,-5.52237,-19.7724,16.5126,66.6669], "q": [1.74821,1.73294,-0.85818,-1.24893,-2.16041,2.35077,1.15656], "dq": [0.000250118,0.00110851,0.000507191,-0.000185912,0.000868105,-0.000313938,-0.00154282], "q_d": [1.74816,1.73297,-0.858193,-1.24901,-2.16041,2.35065,1.15656], "dq_d": [0,0,0,0,0,0,0], "ddq_d": [0,0,0,0,0,0,0], "joint_contact": [0,0,0,0,0,0,0], "cartesian_contact": [0,0,0,0,0,0], "joint_collision": [0,0,0,0,0,0,0], "cartesian_collision": [0,0,0,0,0,0], "tau_ext_hat_filtered": [-0.563775,0.380749,0.53148,-1.07159,0.0899687,-0.93925,0.0279996], "O_F_ext_hat_K": [-2.10518,-4.93045,0.862188,0.980894,-0.713484,-0.340513], "K_F_ext_hat_K": [-0.817331,-1.79974,-5.05741,-0.250019,-1.09343,0.200288], "O_dP_EE_d": [0,0,0,0,0,0], "O_ddP_O": [0,0,-9.81], "O_T_EE_c": [0.00475776,-0.0110683,-0.999918,0,-0.735634,0.677276,-0.0109972,0,0.677355,0.73564,-0.00492003,0,0.397756,0.645662,-0.104402,1], "O_dP_EE_c": [0,0,0,0,0,0], "O_ddP_EE_c": [0,0,0,0,0,0], "theta": [1.74818,1.73012,-0.859553,-1.24871,-2.16048,2.3505,1.15657], "dtheta": [0,0,0,0,0,0,0], "current_errors": [], "last_motion_errors": [], "control_command_success_rate": 0, "robot_mode": "User stopped", "time": 3670917}