{"O_T_EE": [0.0240256,0.00155219,-0.999701,0,-0.778876,0.626912,-0.0177452,0,0.626709,0.779084,0.0162712,0,0.355005,0.671691,-0.10457,1], "O_T_EE_d": [0.024023,0.00155481,-0.999701,0,-0.778808,0.626996,-0.0177397,0,0.626793,0.779016,0.0162735,0,0.355049,0.671639,-0.104585,1], "F_T_NE": [0.7071,-0.7071,0,0,0.7071,0.7071,0,0,0,0,1,0,0,0,0.1034,1], "NE_T_EE": [1,0,0,0,0,1,0,0,0,0,1,0,0,0,0,1], "F_T_EE": [0.7071,-0.7071,0,0,0.7071,0.7071,0,0,0,0,1,0,0,0,0.1034,1], "EE_T_K": [1,0,0,0,0,1,0,0,0,0,1,0,0,0,0,1], "m_ee": 0.73, "F_x_Cee": [-0.01,0,0.03], "I_ee": [0.001,0,0,0,0.0025,0,0,0,0.0017], "m_load": 0, "F_x_Cload": [0,0,0], "I_load": [0,0,0,0,0,0,0,0,0], "m_total": 0.73, "F_x_Ctotal": [-0.01,0,0.03], "I_total": [0.001,0,0,0,0.0025,0,0,0,0.0017], "elbow": [-0.564821,-1], "elbow_d": [-0.564791,-1], "elbow_c": [-0.564791,-1], "delbow_c": [0,0], "ddelbow_c": [0,0], "tau_J": [-0.82006,-43.2061,-14.7659,8.71154,-0.170772,-2.30836,0.071614], "tau_J_d": [0,0,0,0,0,0,0], "dtau_J": [-53.9494,-41.0146,-55.0587,-89.0522,-0.191036,-20.4002,-73.407], "q": [1.61145,1.56268,-0.564821,-1.27346,-2.40551,2.15208,0.994956], "dq": [0.000255488,-0.000241493,-8.98346e-05,-0.000185397,0.00542909,0.00103796,0.00141296], "q_d": [1.61139,1.56267,-0.564791,-1.27354,-2.40548,2.15202,0.994962], "dq_d": [0,0,0,0,0,0,0], "ddq_d": [0,0,0,0,0,0,0], "joint_contact": [0,0,0,0,0,0,0], "cartesian_contact": [0,0,0,0,0,0], "joint_collision": [0,0,0,0,0,0,0], "cartesian_collision": [0,0,0,0,0,0], "tau_ext_hat_filtered": [-0.773097,0.918426,0.149452,-0.941218,0.243151,-0.64338,0.123043], "O_F_ext_hat_K": [-0.676559,-3.66051,-0.438638,0.229432,-0.252207,-0.667338], "K_F_ext_hat_K": [0.416578,-1.76011,-3.28299,-0.156638,-1.00957,0.19829], "O_dP_EE_d": [0,0,0,0,0,0], "O_ddP_O": [0,0,-9.81], "O_T_EE_c": [0.024023,0.00155481,-0.999701,0,-0.778808,0.626996,-0.0177397,0,0.626793,0.779016,0.0162735,0,0.355049,0.671639,-0.104585,1], "O_dP_EE_c": [0,0,0,0,0,0], "O_ddP_EE_c": [0,0,0,0,0,0], "theta": [1.61139,1.55965,-0.565857,-1.27285,-2.40553,2.15183,0.994964], "dtheta": [0,0,0,0,0,0,0], "current_errors": [], "last_motion_errors": [], "control_command_success_rate": 0, "robot_mode": "User stopped", "time": 3580956}