{"O_T_EE": [0.00525825,-0.00256963,-0.999973,0,0.099507,0.995025,-0.00203367,0,0.995023,-0.0994955,0.00548789,0,0.749946,0.0694408,-0.0979413,1], "O_T_EE_d": [0.00533623,-0.00267671,-0.999973,0,0.0996083,0.995015,-0.00213189,0,0.995012,-0.0995961,0.00557635,0,0.749933,0.0693366,-0.097921,1], "F_T_NE": [0.7071,-0.7071,0,0,0.7071,0.7071,0,0,0,0,1,0,0,0,0.1034,1], "NE_T_EE": [1,0,0,0,0,1,0,0,0,0,1,0,0,0,0,1], "F_T_EE": [0.7071,-0.7071,0,0,0.7071,0.7071,0,0,0,0,1,0,0,0,0.1034,1], "EE_T_K": [1,0,0,0,0,1,0,0,0,0,1,0,0,0,0,1], "m_ee": 0.73, "F_x_Cee": [-0.01,0,0.03], "I_ee": [0.001,0,0,0,0.0025,0,0,0,0.0017], "m_load": 0, "F_x_Cload": [0,0,0], "I_load": [0,0,0,0,0,0,0,0,0], "m_total": 0.73, "F_x_Ctotal": [-0.01,0,0.03], "I_total": [0.001,0,0,0,0.0025,0,0,0,0.0017], "elbow": [2.26956,-1], "elbow_d": [2.26954,-1], "elbow_c": [2.26954,-1], "delbow_c": [0,0], "ddelbow_c": [0,0], "tau_J": [0.112252,38.643,-19.6417,2.77252,-0.564449,-2.4283,0.071614], "tau_J_d": [0,0,0,0,0,0,0], "dtau_J": [4.13514,-68.4698,-56.8516,40.6828,-17.9361,-7.57303,10.4058], "q": [-2.28516,-1.7284,2.26956,-1.29424,-2.15165,2.34287,1.19067], "dq": [0.000667565,0.000794213,0.000716319,-0.000640048,0.00420639,0.000113624,0.000536333], "q_d": [-2.28518,-1.72839,2.26954,-1.29441,-2.15164,2.34274,1.19068], "dq_d": [0,0,0,0,0,0,0], "ddq_d": [0,0,0,0,0,0,0], "joint_contact": [0,0,0,0,0,0,0], "cartesian_contact": [0,0,0,0,0,0], "joint_collision": [0,0,0,0,0,0,0], "cartesian_collision": [0,0,0,0,0,0], "tau_ext_hat_filtered": [0.0931693,-1.10483,1.12592,-0.724987,0.127519,-0.897837,0.0890745], "O_F_ext_hat_K": [-5.04417,-0.721472,-1.10959,-0.099272,-0.124024,0.230114], "K_F_ext_hat_K": [1.08491,-1.21758,-4.95337,-0.416938,-1.43902,0.194796], "O_dP_EE_d": [0,0,0,0,0,0], "O_ddP_O": [0,0,-9.81], "O_T_EE_c": [0.00533623,-0.00267671,-0.999973,0,0.0996083,0.995015,-0.00213189,0,0.995012,-0.0995961,0.00557635,0,0.749933,0.0693366,-0.097921,1], "O_dP_EE_c": [0,0,0,0,0,0], "O_ddP_EE_c": [0,0,0,0,0,0], "theta": [-2.28515,-1.72569,2.26818,-1.29404,-2.15171,2.3426,1.19068], "dtheta": [0,0,0,0,0,0,0], "current_errors": [], "last_motion_errors": [], "control_command_success_rate": 0, "robot_mode": "User stopped", "time": 3756569}