{"O_T_EE": [0.0197585,0.0112118,-0.999732,0,0.345593,0.938214,0.0173521,0,0.938175,-0.34585,0.0146633,0,0.74123,-0.132067,-0.0980518,1], "O_T_EE_d": [0.0198178,0.0112395,-0.999731,0,0.345603,0.938209,0.0173988,0,0.93817,-0.345862,0.0147091,0,0.741221,-0.132053,-0.0980421,1], "F_T_NE": [0.7071,-0.7071,0,0,0.7071,0.7071,0,0,0,0,1,0,0,0,0.1034,1], "NE_T_EE": [1,0,0,0,0,1,0,0,0,0,1,0,0,0,0,1], "F_T_EE": [0.7071,-0.7071,0,0,0.7071,0.7071,0,0,0,0,1,0,0,0,0.1034,1], "EE_T_K": [1,0,0,0,0,1,0,0,0,0,1,0,0,0,0,1], "m_ee": 0.73, "F_x_Cee": [-0.01,0,0.03], "I_ee": [0.001,0,0,0,0.0025,0,0,0,0.0017], "m_load": 0, "F_x_Cload": [0,0,0], "I_load": [0,0,0,0,0,0,0,0,0], "m_total": 0.73, "F_x_Ctotal": [-0.01,0,0.03], "I_total": [0.001,0,0,0,0.0025,0,0,0,0.0017], "elbow": [2.27658,-1], "elbow_d": [2.27664,-1], "elbow_c": [2.27664,-1], "delbow_c": [0,0], "ddelbow_c": [0,0], "tau_J": [0.227303,39.2063,-20.1297,2.73284,-0.234859,-2.51802,0.0514724], "tau_J_d": [0,0,0,0,0,0,0], "dtau_J": [78.4569,-133.567,-57.7465,-110.248,20.9304,10.3718,0.925572], "q": [-2.55737,-1.72834,2.27658,-1.29766,-2.17124,2.31948,1.22172], "dq": [-0.00113258,0.0011612,0.000447048,0.000635844,-0.000189439,0.000434753,-0.00444866], "q_d": [-2.55734,-1.72828,2.27664,-1.29774,-2.17123,2.31939,1.22172], "dq_d": [0,0,0,0,0,0,0], "ddq_d": [0,0,0,0,0,0,0], "joint_contact": [0,0,0,0,0,0,0], "cartesian_contact": [0,0,0,0,0,0], "joint_collision": [0,0,0,0,0,0,0], "cartesian_collision": [0,0,0,0,0,0], "tau_ext_hat_filtered": [0.164145,-0.486159,0.596809,-0.735475,0.421666,-0.975862,0.0581965], "O_F_ext_hat_K": [-5.55218,1.21213,0.274375,-0.308167,-1.07656,0.250112], "K_F_ext_hat_K": [-0.370421,-0.776805,-5.62411,-0.108512,-1.46359,0.124894], "O_dP_EE_d": [0,0,0,0,0,0], "O_ddP_O": [0,0,-9.81], "O_T_EE_c": [0.0198178,0.0112395,-0.999731,0,0.345603,0.938209,0.0173988,0,0.93817,-0.345862,0.0147091,0,0.741221,-0.132053,-0.0980421,1], "O_dP_EE_c": [0,0,0,0,0,0], "O_ddP_EE_c": [0,0,0,0,0,0], "theta": [-2.55735,-1.72558,2.27517,-1.29747,-2.17126,2.3192,1.22172], "dtheta": [0,0,0,0,0,0,0], "current_errors": [], "last_motion_errors": [], "control_command_success_rate": 0, "robot_mode": "User stopped", "time": 3831211}