{"O_T_EE": [0.0227271,-0.014927,-0.999621,0,0.720697,0.69321,0.00603408,0,0.69287,-0.720575,0.026513,0,0.596997,-0.45802,-0.105758,1], "O_T_EE_d": [0.0229112,-0.0151935,-0.999612,0,0.720744,0.693162,0.00598384,0,0.692816,-0.720615,0.0268323,0,0.596985,-0.458124,-0.105619,1], "F_T_NE": [0.7071,-0.7071,0,0,0.7071,0.7071,0,0,0,0,1,0,0,0,0.1034,1], "NE_T_EE": [1,0,0,0,0,1,0,0,0,0,1,0,0,0,0,1], "F_T_EE": [0.7071,-0.7071,0,0,0.7071,0.7071,0,0,0,0,1,0,0,0,0.1034,1], "EE_T_K": [1,0,0,0,0,1,0,0,0,0,1,0,0,0,0,1], "m_ee": 0.73, "F_x_Cee": [-0.01,0,0.03], "I_ee": [0.001,0,0,0,0.0025,0,0,0,0.0017], "m_load": 0, "F_x_Cload": [0,0,0], "I_load": [0,0,0,0,0,0,0,0,0], "m_total": 0.73, "F_x_Ctotal": [-0.01,0,0.03], "I_total": [0.001,0,0,0,0.0025,0,0,0,0.0017], "elbow": [-0.598765,-1], "elbow_d": [-0.598899,-1], "elbow_c": [-0.598899,-1], "delbow_c": [0,0], "ddelbow_c": [0,0], "tau_J": [-0.0742106,-43.7338,-16.1545,7.98553,0.112125,-2.92909,0.194295], "tau_J_d": [0,0,0,0,0,0,0], "dtau_J": [-105.669,-2.12312,98.5556,-63.277,18.0538,4.91577,136.493], "q": [-0.0901513,1.57651,-0.598765,-1.3119,-2.42518,2.12425,1.08558], "dq": [0.0015722,-0.00073201,-0.00074792,0.00115575,0.00253112,-0.000453456,-0.00199654], "q_d": [-0.0901836,1.57641,-0.598899,-1.31201,-2.42513,2.12403,1.08559], "dq_d": [0,0,0,0,0,0,0], "ddq_d": [0,0,0,0,0,0,0], "joint_contact": [0,0,0,0,0,0,0], "cartesian_contact": [0,0,0,0,0,0], "joint_collision": [0,0,0,0,0,0,0], "cartesian_collision": [0,0,0,0,0,0], "tau_ext_hat_filtered": [-0.0181935,-0.649598,-0.228253,-0.543986,0.47237,-1.29772,0.14448], "O_F_ext_hat_K": [-5.64728,4.25075,3.41907,-1.82485,-2.42354,0.0827978], "K_F_ext_hat_K": [-3.60964,-1.10271,-6.88517,-0.133122,-1.18883,0.218546], "O_dP_EE_d": [0,0,0,0,0,0], "O_ddP_O": [0,0,-9.81], "O_T_EE_c": [0.0229112,-0.0151935,-0.999612,0,0.720744,0.693162,0.00598384,0,0.692816,-0.720615,0.0268323,0,0.596985,-0.458124,-0.105619,1], "O_dP_EE_c": [0,0,0,0,0,0], "O_ddP_EE_c": [0,0,0,0,0,0], "theta": [-0.0901565,1.57345,-0.599898,-1.31134,-2.42517,2.12393,1.0856], "dtheta": [0,0,0,0,0,0,0], "current_errors": [], "last_motion_errors": [], "control_command_success_rate": 0, "robot_mode": "User stopped", "time": 1032344}