{"O_T_EE": [0.0181955,-0.0489575,-0.998625,0,0.984968,0.172423,0.00949359,0,0.171724,-0.983805,0.0513599,0,0.235919,-0.721599,-0.107793,1], "O_T_EE_d": [0.018191,-0.0491811,-0.998615,0,0.98498,0.172355,0.00945431,0,0.171654,-0.983806,0.0515787,0,0.235869,-0.721667,-0.107695,1], "F_T_NE": [0.7071,-0.7071,0,0,0.7071,0.7071,0,0,0,0,1,0,0,0,0.1034,1], "NE_T_EE": [1,0,0,0,0,1,0,0,0,0,1,0,0,0,0,1], "F_T_EE": [0.7071,-0.7071,0,0,0.7071,0.7071,0,0,0,0,1,0,0,0,0.1034,1], "EE_T_K": [1,0,0,0,0,1,0,0,0,0,1,0,0,0,0,1], "m_ee": 0.73, "F_x_Cee": [-0.01,0,0.03], "I_ee": [0.001,0,0,0,0.0025,0,0,0,0.0017], "m_load": 0, "F_x_Cload": [0,0,0], "I_load": [0,0,0,0,0,0,0,0,0], "m_total": 0.73, "F_x_Ctotal": [-0.01,0,0.03], "I_total": [0.001,0,0,0,0.0025,0,0,0,0.0017], "elbow": [-0.306216,-1], "elbow_d": [-0.306325,-1], "elbow_c": [-0.306325,-1], "delbow_c": [0,0], "ddelbow_c": [0,0], "tau_J": [0.0765462,-46.4117,-8.7277,12.2781,0.0571938,-2.78902,0.0816849], "tau_J_d": [0,0,0,0,0,0,0], "dtau_J": [37.068,-34.0264,78.8535,20.3758,-27.9183,13.3872,81.1654], "q": [-0.943308,1.48426,-0.306216,-1.29255,-2.67797,1.98018,0.910092], "dq": [-0.00055307,0.000193272,-0.00108957,0.00111536,0.000601992,-0.000554468,-0.00265358], "q_d": [-0.943329,1.48419,-0.306325,-1.29256,-2.67791,1.98007,0.910099], "dq_d": [0,0,0,0,0,0,0], "ddq_d": [0,0,0,0,0,0,0], "joint_contact": [0,0,0,0,0,0,0], "cartesian_contact": [0,0,0,0,0,0], "joint_collision": [0,0,0,0,0,0,0], "cartesian_collision": [0,0,0,0,0,0], "tau_ext_hat_filtered": [0.0276277,-0.150487,0.0932626,-0.327124,0.350292,-1.04403,0.0344075], "O_F_ext_hat_K": [-1.36106,5.19063,1.84691,-1.82209,-0.552485,0.07891], "K_F_ext_hat_K": [-2.1233,-0.42809,-5.24544,0.157103,-1.08009,0.0706935], "O_dP_EE_d": [0,0,0,0,0,0], "O_ddP_O": [0,0,-9.81], "O_T_EE_c": [0.018191,-0.0491811,-0.998615,0,0.98498,0.172355,0.00945431,0,0.171654,-0.983806,0.0515787,0,0.235869,-0.721667,-0.107695,1], "O_dP_EE_c": [0,0,0,0,0,0], "O_ddP_EE_c": [0,0,0,0,0,0], "theta": [-0.943302,1.481,-0.306828,-1.29169,-2.67796,1.97987,0.910101], "dtheta": [0,0,0,0,0,0,0], "current_errors": [], "last_motion_errors": [], "control_command_success_rate": 0, "robot_mode": "User stopped", "time": 1894037}