{"O_T_EE": [-0.019789,-0.0321485,-0.999278,0,0.973768,-0.227184,-0.0119749,0,-0.226639,-0.973321,0.0358016,0,-0.0591234,-0.762967,-0.108825,1], "O_T_EE_d": [-0.0197803,-0.0320836,-0.99928,0,0.973759,-0.227222,-0.0119798,0,-0.226678,-0.973314,0.0357369,0,-0.0591369,-0.762932,-0.108859,1], "F_T_NE": [0.7071,-0.7071,0,0,0.7071,0.7071,0,0,0,0,1,0,0,0,0.1034,1], "NE_T_EE": [1,0,0,0,0,1,0,0,0,0,1,0,0,0,0,1], "F_T_EE": [0.7071,-0.7071,0,0,0.7071,0.7071,0,0,0,0,1,0,0,0,0.1034,1], "EE_T_K": [1,0,0,0,0,1,0,0,0,0,1,0,0,0,0,1], "m_ee": 0.73, "F_x_Cee": [-0.01,0,0.03], "I_ee": [0.001,0,0,0,0.0025,0,0,0,0.0017], "m_load": 0, "F_x_Cload": [0,0,0], "I_load": [0,0,0,0,0,0,0,0,0], "m_total": 0.73, "F_x_Ctotal": [-0.01,0,0.03], "I_total": [0.001,0,0,0,0.0025,0,0,0,0.0017], "elbow": [-0.59573,-1], "elbow_d": [-0.595693,-1], "elbow_c": [-0.595693,-1], "delbow_c": [0,0], "ddelbow_c": [0,0], "tau_J": [0.112252,-41.7382,-13.8653,8.33068,-0.42712,-1.93758,0.0414016], "tau_J_d": [0,0,0,0,0,0,0], "dtau_J": [16.8321,-140.864,38.188,-9.23682,-19.8301,14.3433,-28.8656], "q": [-1.12064,1.60954,-0.59573,-1.2264,-2.41793,2.14366,1.03599], "dq": [0.00115004,0.00137495,-0.00014916,0.000128547,0.000381289,-0.000302299,0.000562844], "q_d": [-1.12064,1.60953,-0.595693,-1.22648,-2.41793,2.14365,1.036], "dq_d": [0,0,0,0,0,0,0], "ddq_d": [0,0,0,0,0,0,0], "joint_contact": [0,0,0,0,0,0,0], "cartesian_contact": [0,0,0,0,0,0], "joint_collision": [0,0,0,0,0,0,0], "cartesian_collision": [0,0,0,0,0,0], "tau_ext_hat_filtered": [0.143731,2.27212,1.43083,-1.02424,-0.0174847,-0.261526,0.0817688], "O_F_ext_hat_K": [0.239422,3.23868,-3.07173,1.59791,-0.0923825,0.230544], "K_F_ext_hat_K": [2.96071,-0.465859,-3.31651,-0.221168,-1.09842,0.145247], "O_dP_EE_d": [0,0,0,0,0,0], "O_ddP_O": [0,0,-9.81], "O_T_EE_c": [-0.0197803,-0.0320836,-0.99928,0,0.973759,-0.227222,-0.0119798,0,-0.226678,-0.973314,0.0357369,0,-0.0591369,-0.762932,-0.108859,1], "O_dP_EE_c": [0,0,0,0,0,0], "O_ddP_EE_c": [0,0,0,0,0,0], "theta": [-1.12064,1.60661,-0.596703,-1.22581,-2.41798,2.14344,1.036], "dtheta": [0,0,0,0,0,0,0], "current_errors": [], "last_motion_errors": [], "control_command_success_rate": 0, "robot_mode": "User stopped", "time": 4451404}