{"O_T_EE": [-0.00667463,-0.0464248,-0.99889,0,0.993977,-0.109486,-0.0015533,0,-0.109294,-0.992903,0.0468769,0,0.0404969,-0.761658,-0.107245,1], "O_T_EE_d": [-0.00674753,-0.0464576,-0.998888,0,0.993962,-0.109624,-0.0016157,0,-0.10943,-0.992887,0.0469177,0,0.0403883,-0.761634,-0.10724,1], "F_T_NE": [0.7071,-0.7071,0,0,0.7071,0.7071,0,0,0,0,1,0,0,0,0.1034,1], "NE_T_EE": [1,0,0,0,0,1,0,0,0,0,1,0,0,0,0,1], "F_T_EE": [0.7071,-0.7071,0,0,0.7071,0.7071,0,0,0,0,1,0,0,0,0.1034,1], "EE_T_K": [1,0,0,0,0,1,0,0,0,0,1,0,0,0,0,1], "m_ee": 0.73, "F_x_Cee": [-0.01,0,0.03], "I_ee": [0.001,0,0,0,0.0025,0,0,0,0.0017], "m_load": 0, "F_x_Cload": [0,0,0], "I_load": [0,0,0,0,0,0,0,0,0], "m_total": 0.73, "F_x_Ctotal": [-0.01,0,0.03], "I_total": [0.001,0,0,0,0.0025,0,0,0,0.0017], "elbow": [-0.408757,-1], "elbow_d": [-0.408786,-1], "elbow_c": [-0.408786,-1], "delbow_c": [0,0], "ddelbow_c": [0,0], "tau_J": [-0.447135,-45.0152,-11.354,10.1318,0.203678,-2.7588,0.000202917], "tau_J_d": [0,0,0,0,0,0,0], "dtau_J": [-95.9647,134.958,110.819,-144.934,-16.8667,-27.1469,-128.432], "q": [-1.12331,1.52274,-0.408757,-1.26142,-2.56353,2.04111,0.939669], "dq": [0.000267417,-0.000597848,0.000178432,-0.000993476,-0.000151815,0.000583657,0.00273639], "q_d": [-1.12337,1.5227,-0.408786,-1.26159,-2.5635,2.04099,0.939673], "dq_d": [0,0,0,0,0,0,0], "ddq_d": [0,0,0,0,0,0,0], "joint_contact": [0,0,0,0,0,0,0], "cartesian_contact": [0,0,0,0,0,0], "joint_collision": [0,0,0,0,0,0,0], "cartesian_collision": [0,0,0,0,0,0], "tau_ext_hat_filtered": [-0.353129,0.484651,-0.0813411,-1.56109,0.525544,-1.01495,0.0701071], "O_F_ext_hat_K": [-1.03117,10.2447,4.07704,-3.00858,-0.0339713,-0.323004], "K_F_ext_hat_K": [-4.54132,-2.15298,-9.86815,-0.0417563,-0.998239,0.091333], "O_dP_EE_d": [0,0,0,0,0,0], "O_ddP_O": [0,0,-9.81], "O_T_EE_c": [-0.00674753,-0.0464576,-0.998888,0,0.993962,-0.109624,-0.0016157,0,-0.10943,-0.992887,0.0469177,0,0.0403883,-0.761634,-0.10724,1], "O_dP_EE_c": [0,0,0,0,0,0], "O_ddP_EE_c": [0,0,0,0,0,0], "theta": [-1.12334,1.51958,-0.409554,-1.26071,-2.56351,2.0408,0.939669], "dtheta": [0,0,0,0,0,0,0], "current_errors": [], "last_motion_errors": [], "control_command_success_rate": 0, "robot_mode": "User stopped", "time": 4416172}