{"O_T_EE": [-0.0281065,-0.0218469,-0.999357,0,0.85093,-0.525113,-0.0124526,0,-0.524513,-0.850749,0.0333499,0,-0.302654,-0.708187,-0.108774,1], "O_T_EE_d": [-0.0281161,-0.0218487,-0.999356,0,0.850928,-0.525116,-0.0124597,0,-0.524515,-0.850747,0.0333565,0,-0.302654,-0.708179,-0.108776,1], "F_T_NE": [0.7071,-0.7071,0,0,0.7071,0.7071,0,0,0,0,1,0,0,0,0.1034,1], "NE_T_EE": [1,0,0,0,0,1,0,0,0,0,1,0,0,0,0,1], "F_T_EE": [0.7071,-0.7071,0,0,0.7071,0.7071,0,0,0,0,1,0,0,0,0.1034,1], "EE_T_K": [1,0,0,0,0,1,0,0,0,0,1,0,0,0,0,1], "m_ee": 0.73, "F_x_Cee": [-0.01,0,0.03], "I_ee": [0.001,0,0,0,0.0025,0,0,0,0.0017], "m_load": 0, "F_x_Cload": [0,0,0], "I_load": [0,0,0,0,0,0,0,0,0], "m_total": 0.73, "F_x_Ctotal": [-0.01,0,0.03], "I_total": [0.001,0,0,0,0.0025,0,0,0,0.0017], "elbow": [-0.791734,-1], "elbow_d": [-0.791726,-1], "elbow_c": [-0.791726,-1], "delbow_c": [0,0], "ddelbow_c": [0,0], "tau_J": [-0.0345378,-40.4925,-17.0907,5.2243,-0.390499,-2.05751,0.0414016], "tau_J_d": [0,0,0,0,0,0,0], "dtau_J": [-110.81,87.6162,-194.131,18.2024,-17.3623,-20.9032,46.6795], "q": [-1.33341,1.72923,-0.791734,-1.17462,-2.24475,2.26369,1.1233], "dq": [0.00130032,-0.000807109,0.0017822,-0.00364132,-0.00688894,0.000127322,-0.0011764], "q_d": [-1.3334,1.72923,-0.791726,-1.17465,-2.24475,2.26366,1.1233], "dq_d": [0,0,0,0,0,0,0], "ddq_d": [0,0,0,0,0,0,0], "joint_contact": [0,0,0,0,0,0,0], "cartesian_contact": [0,0,0,0,0,0], "joint_collision": [0,0,0,0,0,0,0], "cartesian_collision": [0,0,0,0,0,0], "tau_ext_hat_filtered": [0.0222683,1.57517,1.35464,-0.68475,0.17806,-0.4716,0.029947], "O_F_ext_hat_K": [1.48153,3.15279,-2.27162,0.870305,-0.302627,0.119359], "K_F_ext_hat_K": [2.15968,-0.366609,-3.53507,-0.00588845,-1.20722,0.103462], "O_dP_EE_d": [0,0,0,0,0,0], "O_ddP_O": [0,0,-9.81], "O_T_EE_c": [-0.0281161,-0.0218487,-0.999356,0,0.850928,-0.525116,-0.0124597,0,-0.524515,-0.850747,0.0333565,0,-0.302654,-0.708179,-0.108776,1], "O_dP_EE_c": [0,0,0,0,0,0], "O_ddP_EE_c": [0,0,0,0,0,0], "theta": [-1.33341,1.72639,-0.792934,-1.17425,-2.24479,2.26346,1.1233], "dtheta": [0,0,0,0,0,0,0], "current_errors": [], "last_motion_errors": [], "control_command_success_rate": 0, "robot_mode": "User stopped", "time": 5434250}