{"O_T_EE": [-0.031538,0.0411568,-0.998645,0,-0.837077,-0.547054,0.00388998,0,-0.546163,0.836081,0.0517054,0,-0.572766,0.604775,0.0049119,1], "O_T_EE_d": [-0.0316394,0.0413045,-0.998636,0,-0.837127,-0.546978,0.00389885,0,-0.546081,0.836124,0.0518842,0,-0.572727,0.60484,0.00500312,1], "F_T_NE": [0.7071,-0.7071,0,0,0.7071,0.7071,0,0,0,0,1,0,0,0,0.1034,1], "NE_T_EE": [1,0,0,0,0,1,0,0,0,0,1,0,0,0,0,1], "F_T_EE": [0.7071,-0.7071,0,0,0.7071,0.7071,0,0,0,0,1,0,0,0,0.1034,1], "EE_T_K": [1,0,0,0,0,1,0,0,0,0,1,0,0,0,0,1], "m_ee": 0.73, "F_x_Cee": [-0.01,0,0.03], "I_ee": [0.001,0,0,0,0.0025,0,0,0,0.0017], "m_load": 0, "F_x_Cload": [0,0,0], "I_load": [0,0,0,0,0,0,0,0,0], "m_total": 0.73, "F_x_Ctotal": [-0.01,0,0.03], "I_total": [0.001,0,0,0,0.0025,0,0,0,0.0017], "elbow": [2.45614,-1], "elbow_d": [2.45608,-1], "elbow_c": [2.45608,-1], "delbow_c": [0,0], "ddelbow_c": [0,0], "tau_J": [-0.149589,47.5376,-16.4163,11.0522,-0.152462,-2.77895,0.132954], "tau_J_d": [0,0,0,0,0,0,0], "dtau_J": [-122.134,1.21341,-41.5603,26.5843,0.351442,8.49534,53.9808], "q": [-0.30498,-1.46696,2.45614,-1.16154,-2.42385,2.34046,1.00139], "dq": [0.000968641,0.000909763,-0.000333439,0.000812549,0.00165744,-0.000515377,-0.00115085], "q_d": [-0.30501,-1.46686,2.45608,-1.16163,-2.42382,2.34034,1.00141], "dq_d": [0,0,0,0,0,0,0], "ddq_d": [0,0,0,0,0,0,0], "joint_contact": [0,0,0,0,0,0,0], "cartesian_contact": [0,0,0,0,0,0], "joint_collision": [0,0,0,0,0,0,0], "cartesian_collision": [0,0,0,0,0,0], "tau_ext_hat_filtered": [-0.113557,0.00738593,-0.000875503,-0.916021,0.506995,-1.06096,0.108566], "O_F_ext_hat_K": [5.92982,-6.31565,1.67739,2.17259,1.91538,-0.0628671], "K_F_ext_hat_K": [-2.12211,-1.50222,-8.43232,0.0964434,-1.45017,0.153333], "O_dP_EE_d": [0,0,0,0,0,0], "O_ddP_O": [0,0,-9.81], "O_T_EE_c": [-0.0316394,0.0413045,-0.998636,0,-0.837127,-0.546978,0.00389885,0,-0.546081,0.836124,0.0518842,0,-0.572727,0.60484,0.00500312,1], "O_dP_EE_c": [0,0,0,0,0,0], "O_ddP_EE_c": [0,0,0,0,0,0], "theta": [-0.304991,-1.46362,2.45499,-1.16076,-2.42387,2.34015,1.00141], "dtheta": [0,0,0,0,0,0,0], "current_errors": [], "last_motion_errors": [], "control_command_success_rate": 0, "robot_mode": "User stopped", "time": 2228047}