{"O_T_EE": [-0.0128602,0.0121955,-0.999833,0,-0.947609,-0.319296,0.00829389,0,-0.319148,0.947576,0.0156631,0,-0.409404,0.721986,0.00448257,1], "O_T_EE_d": [-0.0128646,0.0123806,-0.999831,0,-0.94766,-0.319146,0.00824147,0,-0.318996,0.947624,0.0158386,0,-0.409288,0.722066,0.00457017,1], "F_T_NE": [0.7071,-0.7071,0,0,0.7071,0.7071,0,0,0,0,1,0,0,0,0.1034,1], "NE_T_EE": [1,0,0,0,0,1,0,0,0,0,1,0,0,0,0,1], "F_T_EE": [0.7071,-0.7071,0,0,0.7071,0.7071,0,0,0,0,1,0,0,0,0.1034,1], "EE_T_K": [1,0,0,0,0,1,0,0,0,0,1,0,0,0,0,1], "m_ee": 0.73, "F_x_Cee": [-0.01,0,0.03], "I_ee": [0.001,0,0,0,0.0025,0,0,0,0.0017], "m_load": 0, "F_x_Cload": [0,0,0], "I_load": [0,0,0,0,0,0,0,0,0], "m_total": 0.73, "F_x_Ctotal": [-0.01,0,0.03], "I_total": [0.001,0,0,0,0.0025,0,0,0,0.0017], "elbow": [2.34709,-1], "elbow_d": [2.34697,-1], "elbow_c": [2.34697,-1], "delbow_c": [0,0], "ddelbow_c": [0,0], "tau_J": [-0.447135,46.1808,-18.515,8.86627,-0.161617,-2.69838,0.0926712], "tau_J_d": [0,0,0,0,0,0,0], "dtau_J": [20.3115,-84.0101,-28.757,26.2019,9.37151,18.0689,-36.0051], "q": [-0.480932,-1.50693,2.34709,-1.16503,-2.35121,2.43113,1.06005], "dq": [-0.00172519,0.0012993,-0.000260644,-0.00189388,-0.000570234,-0.000243907,0.00165254], "q_d": [-0.48099,-1.50685,2.34697,-1.16518,-2.35118,2.431,1.06007], "dq_d": [0,0,0,0,0,0,0], "ddq_d": [0,0,0,0,0,0,0], "joint_contact": [0,0,0,0,0,0,0], "cartesian_contact": [0,0,0,0,0,0], "joint_collision": [0,0,0,0,0,0,0], "cartesian_collision": [0,0,0,0,0,0], "tau_ext_hat_filtered": [-0.483932,-0.258669,-0.0855569,-1.23726,0.581966,-1.0949,0.118577], "O_F_ext_hat_K": [4.54954,-7.20279,1.06309,2.38934,1.16866,-0.435041], "K_F_ext_hat_K": [-1.20929,-2.00259,-8.26051,0.0874022,-1.73476,0.16681], "O_dP_EE_d": [0,0,0,0,0,0], "O_ddP_O": [0,0,-9.81], "O_T_EE_c": [-0.0128646,0.0123806,-0.999831,0,-0.94766,-0.319146,0.00824147,0,-0.318996,0.947624,0.0158386,0,-0.409288,0.722066,0.00457017,1], "O_dP_EE_c": [0,0,0,0,0,0], "O_ddP_EE_c": [0,0,0,0,0,0], "theta": [-0.480964,-1.50368,2.34579,-1.1644,-2.35123,2.43083,1.06006], "dtheta": [0,0,0,0,0,0,0], "current_errors": [], "last_motion_errors": [], "control_command_success_rate": 0, "robot_mode": "User stopped", "time": 1304463}