{"O_T_EE": [-0.00895816,0.0313797,-0.999458,0,-0.980981,-0.194036,0.00270046,0,-0.19385,0.980492,0.0325217,0,-0.318454,0.763585,0.00393214,1], "O_T_EE_d": [-0.00890306,0.0314695,-0.999455,0,-0.981004,-0.193919,0.00263284,0,-0.193734,0.980512,0.0325988,0,-0.318338,0.76362,0.00393657,1], "F_T_NE": [0.7071,-0.7071,0,0,0.7071,0.7071,0,0,0,0,1,0,0,0,0.1034,1], "NE_T_EE": [1,0,0,0,0,1,0,0,0,0,1,0,0,0,0,1], "F_T_EE": [0.7071,-0.7071,0,0,0.7071,0.7071,0,0,0,0,1,0,0,0,0.1034,1], "EE_T_K": [1,0,0,0,0,1,0,0,0,0,1,0,0,0,0,1], "m_ee": 0.73, "F_x_Cee": [-0.01,0,0.03], "I_ee": [0.001,0,0,0,0.0025,0,0,0,0.0017], "m_load": 0, "F_x_Cload": [0,0,0], "I_load": [0,0,0,0,0,0,0,0,0], "m_total": 0.73, "F_x_Ctotal": [-0.01,0,0.03], "I_total": [0.001,0,0,0,0.0025,0,0,0,0.0017], "elbow": [2.24129,-1], "elbow_d": [2.24124,-1], "elbow_c": [2.24124,-1], "delbow_c": [0,0], "ddelbow_c": [0,0], "tau_J": [0.112252,44.6375,-19.602,6.83502,-0.308102,-2.49879,0.122884], "tau_J_d": [0,0,0,0,0,0,0], "dtau_J": [-9.99996,235.706,178.124,-78.0213,14.0358,2.57096,61.0824], "q": [-0.539464,-1.57427,2.24129,-1.16489,-2.25051,2.46306,1.09732], "dq": [-0.000214317,-0.00202918,-0.00243091,0.000546429,-0.00029043,0.000280284,-0.000283806], "q_d": [-0.539532,-1.5743,2.24124,-1.16498,-2.2505,2.46295,1.09734], "dq_d": [0,0,0,0,0,0,0], "ddq_d": [0,0,0,0,0,0,0], "joint_contact": [0,0,0,0,0,0,0], "cartesian_contact": [0,0,0,0,0,0], "joint_collision": [0,0,0,0,0,0,0], "cartesian_collision": [0,0,0,0,0,0], "tau_ext_hat_filtered": [0.106197,-0.786829,0.572122,-0.976084,0.514291,-0.864223,0.100643], "O_F_ext_hat_K": [2.37186,-6.54372,-0.401417,1.31992,0.33798,0.137617], "K_F_ext_hat_K": [0.174616,-1.05814,-6.8889,0.13503,-1.65923,0.132889], "O_dP_EE_d": [0,0,0,0,0,0], "O_ddP_O": [0,0,-9.81], "O_T_EE_c": [-0.00890306,0.0314695,-0.999455,0,-0.981004,-0.193919,0.00263284,0,-0.193734,0.980512,0.0325988,0,-0.318338,0.76362,0.00393657,1], "O_dP_EE_c": [0,0,0,0,0,0], "O_ddP_EE_c": [0,0,0,0,0,0], "theta": [-0.539456,-1.57114,2.23991,-1.16441,-2.25055,2.46278,1.09734], "dtheta": [0,0,-0.0261896,0,0,0,0], "current_errors": [], "last_motion_errors": [], "control_command_success_rate": 0, "robot_mode": "User stopped", "time": 2465579}