{"O_T_EE": [0.00272634,-0.00698265,-0.999962,0,-0.975738,0.218855,-0.00418855,0,0.218881,0.975732,-0.00621668,0,0.0327695,0.814372,-0.00374361,1], "O_T_EE_d": [0.0027368,-0.00696688,-0.999962,0,-0.975716,0.218955,-0.00419593,0,0.21898,0.97571,-0.00619858,0,0.0328458,0.814363,-0.00372912,1], "F_T_NE": [0.7071,-0.7071,0,0,0.7071,0.7071,0,0,0,0,1,0,0,0,0.1034,1], "NE_T_EE": [1,0,0,0,0,1,0,0,0,0,1,0,0,0,0,1], "F_T_EE": [0.7071,-0.7071,0,0,0.7071,0.7071,0,0,0,0,1,0,0,0,0.1034,1], "EE_T_K": [1,0,0,0,0,1,0,0,0,0,1,0,0,0,0,1], "m_ee": 0.73, "F_x_Cee": [-0.01,0,0.03], "I_ee": [0.001,0,0,0,0.0025,0,0,0,0.0017], "m_load": 0, "F_x_Cload": [0,0,0], "I_load": [0,0,0,0,0,0,0,0,0], "m_total": 0.73, "F_x_Ctotal": [-0.01,0,0.03], "I_total": [0.001,0,0,0,0.0025,0,0,0,0.0017], "elbow": [-0.741486,-1], "elbow_d": [-0.741522,-1], "elbow_c": [-0.741522,-1], "delbow_c": [0,0], "ddelbow_c": [0,0], "tau_J": [0.0368734,-45.281,-17.428,9.09637,-0.189083,-2.11793,0.122884], "tau_J_d": [0,0,0,0,0,0,0], "dtau_J": [-51.9018,-99.5502,123.217,-68.1583,-0.0831417,21.9076,39.7598], "q": [2.11129,1.45913,-0.741486,-1.25015,-2.4236,2.38832,1.06912], "dq": [-3.98395e-05,0.00133682,-0.000453123,0.00101657,-3.95162e-05,0.000103721,-0.000692461], "q_d": [2.11124,1.45911,-0.741522,-1.25021,-2.42358,2.38831,1.06914], "dq_d": [0,0,0,0,0,0,0], "ddq_d": [0,0,0,0,0,0,0], "joint_contact": [0,0,0,0,0,0,0], "cartesian_contact": [0,0,0,0,0,0], "joint_collision": [0,0,0,0,0,0,0], "cartesian_collision": [0,0,0,0,0,0], "tau_ext_hat_filtered": [0.0145421,0.745108,0.791987,-1.38646,0.517093,-0.545564,0.116584], "O_F_ext_hat_K": [-0.679664,-8.16716,0.527242,1.67924,-0.0994738,0.0988132], "K_F_ext_hat_K": [-0.472056,-1.12648,-8.121,0.191109,-1.26717,0.198743], "O_dP_EE_d": [0,0,0,0,0,0], "O_ddP_O": [0,0,-9.81], "O_T_EE_c": [0.0027368,-0.00696688,-0.999962,0,-0.975716,0.218955,-0.00419593,0,0.21898,0.97571,-0.00619858,0,0.0328458,0.814363,-0.00372912,1], "O_dP_EE_c": [0,0,0,0,0,0], "O_ddP_EE_c": [0,0,0,0,0,0], "theta": [2.11129,1.45595,-0.742709,-1.24951,-2.42362,2.38808,1.06914], "dtheta": [0,0,0,0,0,0,0], "current_errors": [], "last_motion_errors": [], "control_command_success_rate": 0, "robot_mode": "User stopped", "time": 2846988}