{"O_T_EE": [0.0586841,0.0159408,-0.99814,0,-0.118033,0.99296,0.00891847,0,0.991274,0.117293,0.0601536,0,0.754922,0.244032,-0.00535867,1], "O_T_EE_d": [0.0586613,0.0159332,-0.998141,0,-0.118053,0.992958,0.00891237,0,0.991273,0.117313,0.0601303,0,0.754891,0.244047,-0.00539236,1], "F_T_NE": [0.7071,-0.7071,0,0,0.7071,0.7071,0,0,0,0,1,0,0,0,0.1034,1], "NE_T_EE": [1,0,0,0,0,1,0,0,0,0,1,0,0,0,0,1], "F_T_EE": [0.7071,-0.7071,0,0,0.7071,0.7071,0,0,0,0,1,0,0,0,0.1034,1], "EE_T_K": [1,0,0,0,0,1,0,0,0,0,1,0,0,0,0,1], "m_ee": 0.73, "F_x_Cee": [-0.01,0,0.03], "I_ee": [0.001,0,0,0,0.0025,0,0,0,0.0017], "m_load": 0, "F_x_Cload": [0,0,0], "I_load": [0,0,0,0,0,0,0,0,0], "m_total": 0.73, "F_x_Ctotal": [-0.01,0,0.03], "I_total": [0.001,0,0,0,0.0025,0,0,0,0.0017], "elbow": [-0.0472585,-1], "elbow_d": [-0.0472421,-1], "elbow_c": [-0.0472421,-1], "delbow_c": [0,0], "ddelbow_c": [0,0], "tau_J": [0.338387,-47.7328,-1.38029,14.4244,-0.143307,-2.57844,0.132954], "tau_J_d": [0,0,0,0,0,0,0], "dtau_J": [-122.991,-98.6184,-59.2613,90.2209,8.55196,5.33699,88.9922], "q": [0.406129,1.21265,-0.0472585,-1.42956,-2.83934,2.00253,0.693714], "dq": [0.000752993,0.00147156,0.00117705,0.00161338,-0.000129782,-0.00121225,-0.0029719], "q_d": [0.406154,1.21267,-0.0472421,-1.42961,-2.83934,2.00247,0.693713], "dq_d": [0,0,0,0,0,0,0], "ddq_d": [0,0,0,0,0,0,0], "joint_contact": [0,0,0,0,0,0,0], "cartesian_contact": [0,0,0,0,0,0], "joint_collision": [0,0,0,0,0,0,0], "cartesian_collision": [0,0,0,0,0,0], "tau_ext_hat_filtered": [0.344132,1.14738,0.539909,-1.29206,0.262112,-0.81744,0.0908257], "O_F_ext_hat_K": [-6.73477,-1.16343,-0.292496,0.239406,-1.05397,0.414379], "K_F_ext_hat_K": [-0.12182,-0.362926,-6.83006,0.347862,-1.34221,0.139394], "O_dP_EE_d": [0,0,0,0,0,0], "O_ddP_O": [0,0,-9.81], "O_T_EE_c": [0.0586613,0.0159332,-0.998141,0,-0.118053,0.992958,0.00891237,0,0.991273,0.117313,0.0601303,0,0.754891,0.244047,-0.00539236,1], "O_dP_EE_c": [0,0,0,0,0,0], "O_ddP_EE_c": [0,0,0,0,0,0], "theta": [0.406153,1.2093,-0.0473553,-1.42855,-2.83936,2.00224,0.693728], "dtheta": [0,0,0,0,0,0,0], "current_errors": [], "last_motion_errors": ["joint_position_limits_violation"], "control_command_success_rate": 0, "robot_mode": "User stopped", "time": 8979792}