{"O_T_EE": [0.0151557,0.0162006,-0.999744,0,-0.270378,0.962675,0.011501,0,0.962634,0.27014,0.0189707,0,0.719257,0.339811,-0.0049375,1], "O_T_EE_d": [0.0153755,0.0163162,-0.999739,0,-0.27041,0.962666,0.0115524,0,0.962622,0.270167,0.0192139,0,0.719309,0.339834,-0.00480649,1], "F_T_NE": [0.7071,-0.7071,0,0,0.7071,0.7071,0,0,0,0,1,0,0,0,0.1034,1], "NE_T_EE": [1,0,0,0,0,1,0,0,0,0,1,0,0,0,0,1], "F_T_EE": [0.7071,-0.7071,0,0,0.7071,0.7071,0,0,0,0,1,0,0,0,0.1034,1], "EE_T_K": [1,0,0,0,0,1,0,0,0,0,1,0,0,0,0,1], "m_ee": 0.73, "F_x_Cee": [-0.01,0,0.03], "I_ee": [0.001,0,0,0,0.0025,0,0,0,0.0017], "m_load": 0, "F_x_Cload": [0,0,0], "I_load": [0,0,0,0,0,0,0,0,0], "m_total": 0.73, "F_x_Ctotal": [-0.01,0,0.03], "I_total": [0.001,0,0,0,0.0025,0,0,0,0.0017], "elbow": [-0.965441,-1], "elbow_d": [-0.965536,-1], "elbow_c": [-0.965536,-1], "delbow_c": [0,0], "ddelbow_c": [0,0], "tau_J": [0.0765462,-41.9247,-22.4545,4.34356,-0.308102,-2.47865,0.102742], "tau_J_d": [0,0,0,0,0,0,0], "dtau_J": [-116.842,-57.4686,236.572,10.6421,22.7422,-45.8211,-78.8895], "q": [1.21041,1.60313,-0.965441,-1.33205,-2.28325,2.43777,1.27412], "dq": [0.000487237,0.00120644,-0.00204899,-0.000731865,4.35422e-05,0.000246777,0.00164843], "q_d": [1.2104,1.60303,-0.965536,-1.33205,-2.28323,2.43765,1.27414], "dq_d": [0,0,0,0,0,0,0], "ddq_d": [0,0,0,0,0,0,0], "joint_contact": [0,0,0,0,0,0,0], "cartesian_contact": [0,0,0,0,0,0], "joint_collision": [0,0,0,0,0,0,0], "cartesian_collision": [0,0,0,0,0,0], "tau_ext_hat_filtered": [0.0687169,-0.213004,0.300749,-0.383927,0.568161,-0.967101,0.158811], "O_F_ext_hat_K": [-3.86433,-1.50626,-0.156394,0.598487,-1.19597,0.168029], "K_F_ext_hat_K": [0.0733867,-0.407011,-4.1298,0.0501845,-1.45693,0.274648], "O_dP_EE_d": [0,0,0,0,0,0], "O_ddP_O": [0,0,-9.81], "O_T_EE_c": [0.0153755,0.0163162,-0.999739,0,-0.27041,0.962666,0.0115524,0,0.962622,0.270167,0.0192139,0,0.719309,0.339834,-0.00480649,1], "O_dP_EE_c": [0,0,0,0,0,0], "O_ddP_EE_c": [0,0,0,0,0,0], "theta": [1.21042,1.60018,-0.967015,-1.33174,-2.28328,2.4375,1.27413], "dtheta": [0,0,0,0,0,0,0], "current_errors": [], "last_motion_errors": [], "control_command_success_rate": 0, "robot_mode": "User stopped", "time": 3337370}