{"O_T_EE": [0.0386447,-0.00967472,-0.999197,0,0.0537009,0.998519,-0.00759123,0,0.997809,-0.0533654,0.0391078,0,0.786358,0.0981825,-0.0057204,1], "O_T_EE_d": [0.0383691,-0.00970961,-0.999207,0,0.0536701,0.99852,-0.00764203,0,0.997821,-0.0533353,0.0388342,0,0.786244,0.0982158,-0.00586039,1], "F_T_NE": [0.7071,-0.7071,0,0,0.7071,0.7071,0,0,0,0,1,0,0,0,0.1034,1], "NE_T_EE": [1,0,0,0,0,1,0,0,0,0,1,0,0,0,0,1], "F_T_EE": [0.7071,-0.7071,0,0,0.7071,0.7071,0,0,0,0,1,0,0,0,0.1034,1], "EE_T_K": [1,0,0,0,0,1,0,0,0,0,1,0,0,0,0,1], "m_ee": 0.73, "F_x_Cee": [-0.01,0,0.03], "I_ee": [0.001,0,0,0,0.0025,0,0,0,0.0017], "m_load": 0, "F_x_Cload": [0,0,0], "I_load": [0,0,0,0,0,0,0,0,0], "m_total": 0.73, "F_x_Ctotal": [-0.01,0,0.03], "I_total": [0.001,0,0,0,0.0025,0,0,0,0.0017], "elbow": [-0.195745,-1], "elbow_d": [-0.195696,-1], "elbow_c": [-0.195696,-1], "delbow_c": [0,0], "ddelbow_c": [0,0], "tau_J": [0.78669,-46.0745,-4.82786,13.389,-0.42712,-2.20766,0.0111892], "tau_J_d": [0,0,0,0,0,0,0], "dtau_J": [23.4768,-24.0933,213.645,-86.0922,57.202,2.39481,-122.842], "q": [0.339783,1.21753,-0.195745,-1.43025,-2.76956,2.06171,0.776414], "dq": [-0.000392622,0.000710681,-0.00168613,0.0049903,0.000820148,0.000288082,0.00227347], "q_d": [0.339858,1.21754,-0.195696,-1.43053,-2.76954,2.0617,0.776403], "dq_d": [0,0,0,0,0,0,0], "ddq_d": [0,0,0,0,0,0,0], "joint_contact": [0,0,0,0,0,0,0], "cartesian_contact": [0,0,0,0,0,0], "joint_collision": [0,0,0,0,0,0,0], "cartesian_collision": [0,0,0,0,0,0], "tau_ext_hat_filtered": [0.766148,2.25471,0.875227,-1.76497,-0.0612599,-0.482851,0.0847826], "O_F_ext_hat_K": [-6.30448,0.0164154,-2.05779,-0.182143,0.234103,0.790196], "K_F_ext_hat_K": [1.81238,-0.30655,-6.37202,-0.143686,-1.41818,0.101735], "O_dP_EE_d": [0,0,0,0,0,0], "O_ddP_O": [0,0,-9.81], "O_T_EE_c": [0.0383691,-0.00970961,-0.999207,0,0.0536701,0.99852,-0.00764203,0,0.997821,-0.0533353,0.0388342,0,0.786244,0.0982158,-0.00586039,1], "O_dP_EE_c": [0,0,0,0,0,0], "O_ddP_EE_c": [0,0,0,0,0,0], "theta": [0.339837,1.21429,-0.196084,-1.42931,-2.7696,2.06146,0.776415], "dtheta": [0,0,0,0,0,0,0], "current_errors": [], "last_motion_errors": ["joint_position_limits_violation"], "control_command_success_rate": 0, "robot_mode": "User stopped", "time": 9035280}