{"O_T_EE": [0.0301068,-0.0101233,-0.999486,0,-0.0047145,0.999927,-0.0102698,0,0.999536,0.00502137,0.0300574,0,0.77942,0.147571,-0.0052523,1], "O_T_EE_d": [0.029813,-0.0101731,-0.999494,0,-0.00475227,0.999926,-0.0103193,0,0.999544,0.00505762,0.029763,0,0.779284,0.147592,-0.00545175,1], "F_T_NE": [0.7071,-0.7071,0,0,0.7071,0.7071,0,0,0,0,1,0,0,0,0.1034,1], "NE_T_EE": [1,0,0,0,0,1,0,0,0,0,1,0,0,0,0,1], "F_T_EE": [0.7071,-0.7071,0,0,0.7071,0.7071,0,0,0,0,1,0,0,0,0.1034,1], "EE_T_K": [1,0,0,0,0,1,0,0,0,0,1,0,0,0,0,1], "m_ee": 0.73, "F_x_Cee": [-0.01,0,0.03], "I_ee": [0.001,0,0,0,0.0025,0,0,0,0.0017], "m_load": 0, "F_x_Cload": [0,0,0], "I_load": [0,0,0,0,0,0,0,0,0], "m_total": 0.73, "F_x_Ctotal": [-0.01,0,0.03], "I_total": [0.001,0,0,0,0.0025,0,0,0,0.0017], "elbow": [-0.150158,-1], "elbow_d": [-0.150105,-1], "elbow_c": [-0.150105,-1], "delbow_c": [0,0], "ddelbow_c": [0,0], "tau_J": [0.862069,-46.7886,-3.59404,13.4643,-0.07098,-2.32851,0.112813], "tau_J_d": [0,0,0,0,0,0,0], "dtau_J": [24.2816,39.6954,25.3067,9.54473,16.9195,0.523326,13.4246], "q": [0.363934,1.20778,-0.150158,-1.43016,-2.79196,2.06458,0.741662], "dq": [0.00048443,-0.00076308,-1.63044e-05,0.000161558,9.31617e-05,-9.74511e-05,0.000641176], "q_d": [0.363999,1.2079,-0.150105,-1.4304,-2.79194,2.06452,0.741674], "dq_d": [0,0,0,0,0,0,0], "ddq_d": [0,0,0,0,0,0,0], "joint_contact": [0,0,0,0,0,0,0], "cartesian_contact": [0,0,0,0,0,0], "joint_collision": [0,0,0,0,0,0,0], "cartesian_collision": [0,0,0,0,0,0], "tau_ext_hat_filtered": [0.886418,1.69965,0.958139,-1.94188,0.31973,-0.615456,0.113857], "O_F_ext_hat_K": [-8.95498,-0.142411,-0.248173,0.0910561,-1.14829,0.882732], "K_F_ext_hat_K": [-0.0201195,-0.0976356,-8.959,0.345507,-1.38591,0.111542], "O_dP_EE_d": [0,0,0,0,0,0], "O_ddP_O": [0,0,-9.81], "O_T_EE_c": [0.029813,-0.0101731,-0.999494,0,-0.00475227,0.999926,-0.0103193,0,0.999544,0.00505762,0.029763,0,0.779284,0.147592,-0.00545175,1], "O_dP_EE_c": [0,0,0,0,0,0], "O_ddP_EE_c": [0,0,0,0,0,0], "theta": [0.363994,1.20449,-0.15041,-1.42921,-2.79197,2.06433,0.741675], "dtheta": [0,0,0,0,0,0,0], "current_errors": [], "last_motion_errors": ["joint_position_limits_violation"], "control_command_success_rate": 0, "robot_mode": "User stopped", "time": 9015256}