{"O_T_EE": [0.00622745,-0.00107212,-0.99997,0,0.84391,0.536447,0.0046804,0,0.536436,-0.84393,0.00424555,0,0.523792,-0.600283,-0.00618535,1], "O_T_EE_d": [0.00641949,-0.00150032,-0.999969,0,0.843962,0.536365,0.00461323,0,0.536351,-0.843982,0.00470949,0,0.52375,-0.600466,-0.00593048,1], "F_T_NE": [0.7071,-0.7071,0,0,0.7071,0.7071,0,0,0,0,1,0,0,0,0.1034,1], "NE_T_EE": [1,0,0,0,0,1,0,0,0,0,1,0,0,0,0,1], "F_T_EE": [0.7071,-0.7071,0,0,0.7071,0.7071,0,0,0,0,1,0,0,0,0.1034,1], "EE_T_K": [1,0,0,0,0,1,0,0,0,0,1,0,0,0,0,1], "m_ee": 0.73, "F_x_Cee": [-0.01,0,0.03], "I_ee": [0.001,0,0,0,0.0025,0,0,0,0.0017], "m_load": 0, "F_x_Cload": [0,0,0], "I_load": [0,0,0,0,0,0,0,0,0], "m_total": 0.73, "F_x_Ctotal": [-0.01,0,0.03], "I_total": [0.001,0,0,0,0.0025,0,0,0,0.0017], "elbow": [-0.75676,-1], "elbow_d": [-0.75703,-1], "elbow_c": [-0.75703,-1], "delbow_c": [0,0], "ddelbow_c": [0,0], "tau_J": [0.0368734,-44.7891,-19.602,8.75121,-0.207394,-2.73866,0.112813], "tau_J_d": [0,0,0,0,0,0,0], "dtau_J": [-66.1345,-28.5054,-102.895,-22.772,41.6702,31.9521,-63.4427], "q": [-0.216028,1.44536,-0.75676,-1.35789,-2.46313,2.32343,1.15612], "dq": [0.000880155,-0.000258302,0.000659484,-0.00568945,-0.000224946,-9.06678e-05,0.00141501], "q_d": [-0.216138,1.44522,-0.75703,-1.35789,-2.46311,2.32325,1.15613], "dq_d": [0,0,0,0,0,0,0], "ddq_d": [0,0,0,0,0,0,0], "joint_contact": [0,0,0,0,0,0,0], "cartesian_contact": [0,0,0,0,0,0], "joint_collision": [0,0,0,0,0,0,0], "cartesian_collision": [0,0,0,0,0,0], "tau_ext_hat_filtered": [0.0639923,-0.689014,-0.27347,-0.495889,0.43772,-1.19906,0.158601], "O_F_ext_hat_K": [-4.57407,5.06172,2.05693,-2.24429,-2.00883,0.160379], "K_F_ext_hat_K": [-2.09082,-1.13516,-6.7167,-0.260298,-1.39206,0.252667], "O_dP_EE_d": [0,0,0,0,0,0], "O_ddP_O": [0,0,-9.81], "O_T_EE_c": [0.00641949,-0.00150032,-0.999969,0,0.843962,0.536365,0.00461323,0,0.536351,-0.843982,0.00470949,0,0.52375,-0.600466,-0.00593048,1], "O_dP_EE_c": [0,0,0,0,0,0], "O_ddP_EE_c": [0,0,0,0,0,0], "theta": [-0.216026,1.44222,-0.758135,-1.35728,-2.46316,2.32312,1.15614], "dtheta": [0,0,0,-0.0258232,0,0,0], "current_errors": [], "last_motion_errors": [], "control_command_success_rate": 0, "robot_mode": "User stopped", "time": 3551654}