{"O_T_EE": [0.0233029,-0.00896833,-0.999679,0,0.998723,-0.0444226,0.0236791,0,-0.0446216,-0.998973,0.00792185,0,0.0789415,-0.808178,0.00227753,1], "O_T_EE_d": [0.0232574,-0.00897588,-0.99968,0,0.998714,-0.0446303,0.0236356,0,-0.044829,-0.998963,0.00792651,0,0.0787722,-0.808169,0.00227716,1], "F_T_NE": [0.7071,-0.7071,0,0,0.7071,0.7071,0,0,0,0,1,0,0,0,0.1034,1], "NE_T_EE": [1,0,0,0,0,1,0,0,0,0,1,0,0,0,0,1], "F_T_EE": [0.7071,-0.7071,0,0,0.7071,0.7071,0,0,0,0,1,0,0,0,0.1034,1], "EE_T_K": [1,0,0,0,0,1,0,0,0,0,1,0,0,0,0,1], "m_ee": 0.73, "F_x_Cee": [-0.01,0,0.03], "I_ee": [0.001,0,0,0,0.0025,0,0,0,0.0017], "m_load": 0, "F_x_Cload": [0,0,0], "I_load": [0,0,0,0,0,0,0,0,0], "m_total": 0.73, "F_x_Ctotal": [-0.01,0,0.03], "I_total": [0.001,0,0,0,0.0025,0,0,0,0.0017], "elbow": [2.45666,-1], "elbow_d": [2.45662,-1], "elbow_c": [2.45662,-1], "delbow_c": [0,0], "ddelbow_c": [0,0], "tau_J": [0.0368734,45.3516,-17.0154,10.0922,-0.198238,-2.48872,0.132954], "tau_J_d": [0,0,0,0,0,0,0], "dtau_J": [106.839,125.592,142.295,51.2684,2.96119,-6.95159,12.8299], "q": [2.22398,-1.40789,2.45666,-1.30178,-2.52499,2.3187,1.11527], "dq": [-0.0011821,-0.000529975,-0.00102519,-0.000351784,0.00194937,-0.000415556,-0.000330491], "q_d": [2.22386,-1.40786,2.45662,-1.30192,-2.52498,2.31864,1.11529], "dq_d": [0,0,0,0,0,0,0], "ddq_d": [0,0,0,0,0,0,0], "joint_contact": [0,0,0,0,0,0,0], "cartesian_contact": [0,0,0,0,0,0], "joint_collision": [0,0,0,0,0,0,0], "cartesian_collision": [0,0,0,0,0,0], "tau_ext_hat_filtered": [0.00224418,-0.679708,0.308678,-1.18788,0.44298,-0.905367,0.152725], "O_F_ext_hat_K": [-1.01466,8.047,0.416371,-1.95836,-0.134451,0.0231696], "K_F_ext_hat_K": [-0.51206,-1.361,-7.99015,-0.244388,-1.59218,0.172368], "O_dP_EE_d": [0,0,0,0,0,0], "O_ddP_O": [0,0,-9.81], "O_T_EE_c": [0.0232574,-0.00897588,-0.99968,0,0.998714,-0.0446303,0.0236356,0,-0.044829,-0.998963,0.00792651,0,0.0787722,-0.808169,0.00227716,1], "O_dP_EE_c": [0,0,0,0,0,0], "O_ddP_EE_c": [0,0,0,0,0,0], "theta": [2.22398,-1.4047,2.45546,-1.30107,-2.52501,2.31842,1.11529], "dtheta": [0,0,0,0,0,0,0], "current_errors": [], "last_motion_errors": [], "control_command_success_rate": 0, "robot_mode": "User stopped", "time": 3919829}