{"O_T_EE": [-0.0104157,-0.0132995,-0.999848,0,0.9566,-0.291308,-0.00609032,0,-0.291189,-0.956536,0.0157567,0,-0.126666,-0.802868,-0.00849323,1], "O_T_EE_d": [-0.0104671,-0.01331,-0.999847,0,0.956547,-0.29148,-0.00613357,0,-0.291359,-0.956483,0.0157829,0,-0.126813,-0.802838,-0.00848958,1], "F_T_NE": [0.7071,-0.7071,0,0,0.7071,0.7071,0,0,0,0,1,0,0,0,0.1034,1], "NE_T_EE": [1,0,0,0,0,1,0,0,0,0,1,0,0,0,0,1], "F_T_EE": [0.7071,-0.7071,0,0,0.7071,0.7071,0,0,0,0,1,0,0,0,0.1034,1], "EE_T_K": [1,0,0,0,0,1,0,0,0,0,1,0,0,0,0,1], "m_ee": 0.73, "F_x_Cee": [-0.01,0,0.03], "I_ee": [0.001,0,0,0,0.0025,0,0,0,0.0017], "m_load": 0, "F_x_Cload": [0,0,0], "I_load": [0,0,0,0,0,0,0,0,0], "m_total": 0.73, "F_x_Ctotal": [-0.01,0,0.03], "I_total": [0.001,0,0,0,0.0025,0,0,0,0.0017], "elbow": [-0.166592,-1], "elbow_d": [-0.166641,-1], "elbow_c": [-0.166641,-1], "delbow_c": [0,0], "ddelbow_c": [0,0], "tau_J": [0.298714,-48.9388,-4.45494,14.8846,-0.124996,-2.4283,0.000202917], "tau_J_d": [0,0,0,0,0,0,0], "dtau_J": [37.5713,25.5056,-141.312,2.64968,-15.4865,-16.7747,-96.0814], "q": [-1.56048,1.26091,-0.166592,-1.31635,-2.83828,2.14276,0.771257], "dq": [-5.93263e-05,-0.00116929,0.00144805,-0.000510015,0.00682961,-0.00027318,0.00155641], "q_d": [-1.56062,1.26089,-0.166641,-1.3164,-2.83826,2.14271,0.771256], "dq_d": [0,0,0,0,0,0,0], "ddq_d": [0,0,0,0,0,0,0], "joint_contact": [0,0,0,0,0,0,0], "cartesian_contact": [0,0,0,0,0,0], "joint_collision": [0,0,0,0,0,0,0], "cartesian_collision": [0,0,0,0,0,0], "tau_ext_hat_filtered": [0.177678,0.540268,0.416085,-1.34861,0.283857,-0.753177,0.0666425], "O_F_ext_hat_K": [2.02413,9.05987,1.75536,-2.46262,0.418951,0.249796], "K_F_ext_hat_K": [-1.8967,-0.713636,-9.22783,0.236612,-1.14211,0.121023], "O_dP_EE_d": [0,0,0,0,0,0], "O_ddP_O": [0,0,-9.81], "O_T_EE_c": [-0.0104671,-0.01331,-0.999847,0,0.956547,-0.29148,-0.00613357,0,-0.291359,-0.956483,0.0157829,0,-0.126813,-0.802838,-0.00848958,1], "O_dP_EE_c": [0,0,0,0,0,0], "O_ddP_EE_c": [0,0,0,0,0,0], "theta": [-1.56046,1.25747,-0.166904,-1.3153,-2.83829,2.14249,0.771257], "dtheta": [0,0,0,0,0,0,0], "current_errors": [], "last_motion_errors": [], "control_command_success_rate": 0, "robot_mode": "User stopped", "time": 3929184}