{"O_T_EE": [0.0302339,0.00797399,-0.999501,0,0.751534,-0.659449,0.017472,0,-0.658993,-0.751702,-0.0259309,0,-0.453968,-0.685662,-0.00841889,1], "O_T_EE_d": [0.0301154,0.00770956,-0.999507,0,0.75166,-0.659302,0.0175623,0,-0.658855,-0.751833,-0.0256506,0,-0.453896,-0.685795,-0.00825745,1], "F_T_NE": [0.7071,-0.7071,0,0,0.7071,0.7071,0,0,0,0,1,0,0,0,0.1034,1], "NE_T_EE": [1,0,0,0,0,1,0,0,0,0,1,0,0,0,0,1], "F_T_EE": [0.7071,-0.7071,0,0,0.7071,0.7071,0,0,0,0,1,0,0,0,0.1034,1], "EE_T_K": [1,0,0,0,0,1,0,0,0,0,1,0,0,0,0,1], "m_ee": 0.73, "F_x_Cee": [-0.01,0,0.03], "I_ee": [0.001,0,0,0,0.0025,0,0,0,0.0017], "m_load": 0, "F_x_Cload": [0,0,0], "I_load": [0,0,0,0,0,0,0,0,0], "m_total": 0.73, "F_x_Ctotal": [-0.01,0,0.03], "I_total": [0.001,0,0,0,0.0025,0,0,0,0.0017], "elbow": [-0.999448,-1], "elbow_d": [-0.999526,-1], "elbow_c": [-0.999526,-1], "delbow_c": [0,0], "ddelbow_c": [0,0], "tau_J": [0.973153,-45.2056,-21.665,5.33935,-0.436275,-2.61873,0.112813], "tau_J_d": [0,0,0,0,0,0,0], "dtau_J": [-111.571,-82.9506,114.885,-0.271701,-21.227,2.15271,-102.935], "q": [-1.47299,1.64676,-0.999448,-1.16376,-2.32444,2.53407,1.29134], "dq": [0.00124844,0.00163611,-0.000260441,0.000681297,0.00145862,0.000176382,0.00150985], "q_d": [-1.47287,1.64661,-0.999526,-1.16376,-2.32442,2.53394,1.29136], "dq_d": [0,0,0,0,0,0,0], "ddq_d": [0,0,0,0,0,0,0], "joint_contact": [0,0,0,0,0,0,0], "cartesian_contact": [0,0,0,0,0,0], "joint_collision": [0,0,0,0,0,0,0], "cartesian_collision": [0,0,0,0,0,0], "tau_ext_hat_filtered": [0.998869,-1.10679,-0.0303152,-0.0437797,0.585091,-1.2234,0.165804], "O_F_ext_hat_K": [5.34238,5.59806,2.19068,-2.85095,1.8129,1.07438], "K_F_ext_hat_K": [-1.98347,0.361634,-7.78547,0.0119901,-1.61936,0.272186], "O_dP_EE_d": [0,0,0,0,0,0], "O_ddP_O": [0,0,-9.81], "O_T_EE_c": [0.0301154,0.00770956,-0.999507,0,0.75166,-0.659302,0.0175623,0,-0.658855,-0.751833,-0.0256506,0,-0.453896,-0.685795,-0.00825745,1], "O_dP_EE_c": [0,0,0,0,0,0], "O_ddP_EE_c": [0,0,0,0,0,0], "theta": [-1.47292,1.64359,-1.00097,-1.16339,-2.32448,2.53378,1.29135], "dtheta": [0,0,0,0,0,0,0], "current_errors": [], "last_motion_errors": [], "control_command_success_rate": 0, "robot_mode": "User stopped", "time": 1237119}