{"O_T_EE": [0.0399713,0.00943389,-0.999147,0,0.60566,-0.795536,0.0167183,0,-0.794714,-0.605823,-0.0375131,0,-0.573485,-0.594411,-0.00894382,1], "O_T_EE_d": [0.040081,0.00933777,-0.999143,0,0.605606,-0.795574,0.0168589,0,-0.79475,-0.605775,-0.0375431,0,-0.573487,-0.594377,-0.00899855,1], "F_T_NE": [0.7071,-0.7071,0,0,0.7071,0.7071,0,0,0,0,1,0,0,0,0.1034,1], "NE_T_EE": [1,0,0,0,0,1,0,0,0,0,1,0,0,0,0,1], "F_T_EE": [0.7071,-0.7071,0,0,0.7071,0.7071,0,0,0,0,1,0,0,0,0.1034,1], "EE_T_K": [1,0,0,0,0,1,0,0,0,0,1,0,0,0,0,1], "m_ee": 0.73, "F_x_Cee": [-0.01,0,0.03], "I_ee": [0.001,0,0,0,0.0025,0,0,0,0.0017], "m_load": 0, "F_x_Cload": [0,0,0], "I_load": [0,0,0,0,0,0,0,0,0], "m_total": 0.73, "F_x_Ctotal": [-0.01,0,0.03], "I_total": [0.001,0,0,0,0.0025,0,0,0,0.0017], "elbow": [-1.11556,-1], "elbow_d": [-1.11539,-1], "elbow_c": [-1.11539,-1], "delbow_c": [0,0], "ddelbow_c": [0,0], "tau_J": [0.151925,-44.186,-22.0022,2.42736,-0.784176,-2.3578,0.0414016], "tau_J_d": [0,0,0,0,0,0,0], "dtau_J": [-31.2916,-63.1323,-22.0535,-51.5504,-29.1773,30.5662,5.88274], "q": [-1.63181,1.72887,-1.11556,-1.11302,-2.21881,2.62817,1.32032], "dq": [0.000566384,-8.43772e-05,0.000893611,0.000679989,0.000252338,-0.000238533,0.0011311], "q_d": [-1.63186,1.72883,-1.11539,-1.11305,-2.21881,2.62808,1.32033], "dq_d": [0,0,0,0,0,0,0], "ddq_d": [0,0,0,0,0,0,0], "joint_contact": [0,0,0,0,0,0,0], "cartesian_contact": [0,0,0,0,0,0], "joint_collision": [0,0,0,0,0,0,0], "cartesian_collision": [0,0,0,0,0,0], "tau_ext_hat_filtered": [0.157785,-0.509674,0.246261,-0.523574,0.410283,-1.02412,0.0773295], "O_F_ext_hat_K": [4.27609,3.85419,0.783399,-1.55741,1.47866,0.259023], "K_F_ext_hat_K": [-0.575461,-0.463205,-5.76261,0.0373884,-1.53269,0.25094], "O_dP_EE_d": [0,0,0,0,0,0], "O_ddP_O": [0,0,-9.81], "O_T_EE_c": [0.040081,0.00933777,-0.999143,0,0.605606,-0.795574,0.0168589,0,-0.79475,-0.605775,-0.0375431,0,-0.573487,-0.594377,-0.00899855,1], "O_dP_EE_c": [0,0,0,0,0,0], "O_ddP_EE_c": [0,0,0,0,0,0], "theta": [-1.63179,1.72576,-1.11711,-1.11285,-2.2189,2.62791,1.32033], "dtheta": [0,0,0,0,0,0,0], "current_errors": [], "last_motion_errors": [], "control_command_success_rate": 0, "robot_mode": "User stopped", "time": 4414696}