{"O_T_EE": [0.00719416,0.0323765,-0.99944,0,-0.898112,-0.439258,-0.0206944,0,-0.43969,0.897775,0.0259181,0,-0.510469,0.686477,0.107793,1], "O_T_EE_d": [0.00707333,0.0325586,-0.999435,0,-0.898152,-0.439178,-0.0206636,0,-0.439611,0.897808,0.0261366,0,-0.510434,0.686546,0.107939,1], "F_T_NE": [0.7071,-0.7071,0,0,0.7071,0.7071,0,0,0,0,1,0,0,0,0.1034,1], "NE_T_EE": [1,0,0,0,0,1,0,0,0,0,1,0,0,0,0,1], "F_T_EE": [0.7071,-0.7071,0,0,0.7071,0.7071,0,0,0,0,1,0,0,0,0.1034,1], "EE_T_K": [1,0,0,0,0,1,0,0,0,0,1,0,0,0,0,1], "m_ee": 0.73, "F_x_Cee": [-0.01,0,0.03], "I_ee": [0.001,0,0,0,0.0025,0,0,0,0.0017], "m_load": 0, "F_x_Cload": [0,0,0], "I_load": [0,0,0,0,0,0,0,0,0], "m_total": 0.73, "F_x_Ctotal": [-0.01,0,0.03], "I_total": [0.001,0,0,0,0.0025,0,0,0,0.0017], "elbow": [2.8478,-1], "elbow_d": [2.84775,-1], "elbow_c": [2.84775,-1], "delbow_c": [0,0], "ddelbow_c": [0,0], "tau_J": [-0.185295,50.2155,-7.34312,16.9516,-0.152462,-2.69838,0.0816849], "tau_J_d": [0,0,0,0,0,0,0], "dtau_J": [-182.383,-29.1031,-62.6358,-39.5297,-30.2064,-8.54486,-61.7103], "q": [-0.684721,-1.11646,2.8478,-1.27184,-2.72069,2.34983,0.727318], "dq": [0.0010788,0.000771516,0.000538843,0.00291961,-0.0041667,0.00025041,0.00132144], "q_d": [-0.684772,-1.11629,2.84775,-1.27187,-2.72069,2.34975,0.727326], "dq_d": [0,0,0,0,0,0,0], "ddq_d": [0,0,0,0,0,0,0], "joint_contact": [0,0,0,0,0,0,0], "cartesian_contact": [0,0,0,0,0,0], "joint_collision": [0,0,0,0,0,0,0], "cartesian_collision": [0,0,0,0,0,0], "tau_ext_hat_filtered": [-0.122557,-0.637039,0.0876402,-1.38925,0.392256,-0.974199,0.142942], "O_F_ext_hat_K": [5.76057,-8.14297,-0.236855,2.25021,1.45795,-0.0788525], "K_F_ext_hat_K": [0.0145248,-1.5919,-9.84957,0.322965,-1.79365,0.177757], "O_dP_EE_d": [0,0,0,0,0,0], "O_ddP_O": [0,0,-9.81], "O_T_EE_c": [0.00707333,0.0325586,-0.999435,0,-0.898152,-0.439178,-0.0206636,0,-0.439611,0.897808,0.0261366,0,-0.510434,0.686546,0.107939,1], "O_dP_EE_c": [0,0,0,0,0,0], "O_ddP_EE_c": [0,0,0,0,0,0], "theta": [-0.684734,-1.11294,2.84728,-1.27065,-2.72071,2.34953,0.727327], "dtheta": [0,0,0,0,0,0,0], "current_errors": [], "last_motion_errors": ["joint_position_limits_violation"], "control_command_success_rate": 0, "robot_mode": "User stopped", "time": 1028436}