{"O_T_EE": [-7.28431e-05,0.0244306,-0.999692,0,-0.880692,-0.47353,-0.011508,0,-0.473674,0.880437,0.0215508,0,-0.551188,0.657007,0.108301,1], "O_T_EE_d": [-0.000220186,0.0247158,-0.999685,0,-0.880751,-0.473419,-0.0115106,0,-0.473564,0.880488,0.0218732,0,-0.551141,0.657111,0.108468,1], "F_T_NE": [0.7071,-0.7071,0,0,0.7071,0.7071,0,0,0,0,1,0,0,0,0.1034,1], "NE_T_EE": [1,0,0,0,0,1,0,0,0,0,1,0,0,0,0,1], "F_T_EE": [0.7071,-0.7071,0,0,0.7071,0.7071,0,0,0,0,1,0,0,0,0.1034,1], "EE_T_K": [1,0,0,0,0,1,0,0,0,0,1,0,0,0,0,1], "m_ee": 0.73, "F_x_Cee": [-0.01,0,0.03], "I_ee": [0.001,0,0,0,0.0025,0,0,0,0.0017], "m_load": 0, "F_x_Cload": [0,0,0], "I_load": [0,0,0,0,0,0,0,0,0], "m_total": 0.73, "F_x_Ctotal": [-0.01,0,0.03], "I_total": [0.001,0,0,0,0.0025,0,0,0,0.0017], "elbow": [2.87066,-1], "elbow_d": [2.87057,-1], "elbow_c": [2.87057,-1], "delbow_c": [0,0], "ddelbow_c": [0,0], "tau_J": [-0.260673,51.497,-6.93052,17.872,-0.0984458,-2.94923,0.0816849], "tau_J_d": [0,0,0,0,0,0,0], "dtau_J": [33.4445,172.249,-43.5494,-26.3202,5.22234,-12.2711,22.2753], "q": [-0.641985,-1.11877,2.87066,-1.25571,-2.69453,2.35731,0.69521], "dq": [0.000482173,-0.00216049,-0.000183359,0.000748879,-0.000125368,0.000464959,-0.00199198], "q_d": [-0.642045,-1.11864,2.87057,-1.25569,-2.69451,2.35715,0.69521], "dq_d": [0,0,0,0,0,0,0], "ddq_d": [0,0,0,0,0,0,0], "joint_contact": [0,0,0,0,0,0,0], "cartesian_contact": [0,0,0,0,0,0], "joint_collision": [0,0,0,0,0,0,0], "cartesian_collision": [0,0,0,0,0,0], "tau_ext_hat_filtered": [-0.31157,0.408462,-0.24531,-0.588734,0.399743,-1.25255,0.0589169], "O_F_ext_hat_K": [5.35922,-6.81198,0.79795,2.71374,1.94032,-0.243647], "K_F_ext_hat_K": [-0.964534,-1.50336,-8.51884,0.499482,-1.70877,0.112142], "O_dP_EE_d": [0,0,0,0,0,0], "O_ddP_O": [0,0,-9.81], "O_T_EE_c": [-0.000220186,0.0247158,-0.999685,0,-0.880751,-0.473419,-0.0115106,0,-0.473564,0.880488,0.0218732,0,-0.551141,0.657111,0.108468,1], "O_dP_EE_c": [0,0,0,0,0,0], "O_ddP_EE_c": [0,0,0,0,0,0], "theta": [-0.642003,-1.11515,2.87018,-1.25445,-2.69454,2.35698,0.695219], "dtheta": [0,0,0,0,0,0,0], "current_errors": [], "last_motion_errors": ["joint_reflex"], "control_command_success_rate": 0, "robot_mode": "User stopped", "time": 6208655}