{"O_T_EE": [-0.0194559,0.0442867,-0.99882,0,-0.94585,-0.32455,0.0040339,0,-0.323994,0.94483,0.0482039,0,-0.425195,0.740622,0.107634,1], "O_T_EE_d": [-0.0194417,0.0443325,-0.998818,0,-0.945885,-0.324446,0.00401083,0,-0.323891,0.944864,0.0482421,0,-0.42511,0.740645,0.107632,1], "F_T_NE": [0.7071,-0.7071,0,0,0.7071,0.7071,0,0,0,0,1,0,0,0,0.1034,1], "NE_T_EE": [1,0,0,0,0,1,0,0,0,0,1,0,0,0,0,1], "F_T_EE": [0.7071,-0.7071,0,0,0.7071,0.7071,0,0,0,0,1,0,0,0,0.1034,1], "EE_T_K": [1,0,0,0,0,1,0,0,0,0,1,0,0,0,0,1], "m_ee": 0.73, "F_x_Cee": [-0.01,0,0.03], "I_ee": [0.001,0,0,0,0.0025,0,0,0,0.0017], "m_load": 0, "F_x_Cload": [0,0,0], "I_load": [0,0,0,0,0,0,0,0,0], "m_total": 0.73, "F_x_Ctotal": [-0.01,0,0.03], "I_total": [0.001,0,0,0,0.0025,0,0,0,0.0017], "elbow": [2.77874,-1], "elbow_d": [2.7787,-1], "elbow_c": [2.7787,-1], "delbow_c": [0,0], "ddelbow_c": [0,0], "tau_J": [-0.0345378,49.4617,-8.76738,16.3406,-0.381344,-2.66908,0.143025], "tau_J_d": [0,0,0,0,0,0,0], "dtau_J": [-58.8645,122.476,-140.027,-109.349,22.9739,41.9599,74.5405], "q": [-0.749779,-1.13426,2.77874,-1.27887,-2.67852,2.33231,0.787419], "dq": [0.000478899,-0.000789822,-0.00032604,0.000398835,-8.64925e-05,-0.000816088,-0.00112466], "q_d": [-0.749816,-1.13422,2.7787,-1.27901,-2.6785,2.3322,0.787441], "dq_d": [0,0,0,0,0,0,0], "ddq_d": [0,0,0,0,0,0,0], "joint_contact": [0,0,0,0,0,0,0], "cartesian_contact": [0,0,0,0,0,0], "joint_collision": [0,0,0,0,0,0,0], "cartesian_collision": [0,0,0,0,0,0], "tau_ext_hat_filtered": [-0.0173607,-0.80324,0.273715,-1.31411,0.169787,-0.924424,0.134036], "O_F_ext_hat_K": [4.45344,-7.69739,-0.632273,1.90456,0.953946,0.0743878], "K_F_ext_hat_K": [0.203993,-1.71669,-8.74609,-0.0968498,-1.70163,0.206882], "O_dP_EE_d": [0,0,0,0,0,0], "O_ddP_O": [0,0,-9.81], "O_T_EE_c": [-0.0194417,0.0443325,-0.998818,0,-0.945885,-0.324446,0.00401083,0,-0.323891,0.944864,0.0482421,0,-0.42511,0.740645,0.107632,1], "O_dP_EE_c": [0,0,0,0,0,0], "O_ddP_EE_c": [0,0,0,0,0,0], "theta": [-0.749781,-1.13079,2.77813,-1.27772,-2.67856,2.33201,0.787435], "dtheta": [0,0,0,0,0,0,0], "current_errors": [], "last_motion_errors": ["joint_position_limits_violation"], "control_command_success_rate": 0, "robot_mode": "User stopped", "time": 1060347}