{"O_T_EE": [-0.00458115,0.030729,-0.999508,0,-0.996547,-0.0828843,0.00201937,0,-0.0827831,0.996085,0.0310032,0,-0.234009,0.813149,0.0952845,1], "O_T_EE_d": [-0.0045413,0.0307642,-0.999507,0,-0.996559,-0.082752,0.00198085,0,-0.0826518,0.996095,0.0310347,0,-0.233916,0.813149,0.0952677,1], "F_T_NE": [0.7071,-0.7071,0,0,0.7071,0.7071,0,0,0,0,1,0,0,0,0.1034,1], "NE_T_EE": [1,0,0,0,0,1,0,0,0,0,1,0,0,0,0,1], "F_T_EE": [0.7071,-0.7071,0,0,0.7071,0.7071,0,0,0,0,1,0,0,0,0.1034,1], "EE_T_K": [1,0,0,0,0,1,0,0,0,0,1,0,0,0,0,1], "m_ee": 0.73, "F_x_Cee": [-0.01,0,0.03], "I_ee": [0.001,0,0,0,0.0025,0,0,0,0.0017], "m_load": 0, "F_x_Cload": [0,0,0], "I_load": [0,0,0,0,0,0,0,0,0], "m_total": 0.73, "F_x_Ctotal": [-0.01,0,0.03], "I_total": [0.001,0,0,0,0.0025,0,0,0,0.0017], "elbow": [0.0319528,-1], "elbow_d": [0.0319082,-1], "elbow_c": [0.0319082,-1], "delbow_c": [0,0], "ddelbow_c": [0,0], "tau_J": [-0.296379,-50.256,0.119342,17.1817,0.0846596,-2.68831,0.0313308], "tau_J_d": [0,0,0,0,0,0,0], "dtau_J": [-31.6215,31.3843,102.972,121.228,12.9528,-23.4261,-1.3457], "q": [1.86556,1.08477,0.0319528,-1.33336,-2.85331,2.23559,0.570361], "dq": [0.000695268,0.00025469,-0.00112488,0.00202521,-0.000216111,-0.00278041,-0.000462296], "q_d": [1.86549,1.08474,0.0319082,-1.3335,-2.85328,2.23545,0.570362], "dq_d": [0,0,0,0,0,0,0], "ddq_d": [0,0,0,0,0,0,0], "joint_contact": [0,0,0,0,0,0,0], "cartesian_contact": [0,0,0,0,0,0], "joint_collision": [0,0,0,0,0,0,0], "cartesian_collision": [0,0,0,0,0,0], "tau_ext_hat_filtered": [-0.271698,0.641537,-0.29765,-1.45779,0.513759,-1.0008,0.028527], "O_F_ext_hat_K": [2.22571,-9.87248,0.254117,2.71237,0.431865,-0.304237], "K_F_ext_hat_K": [-0.567571,-1.39927,-10.0102,0.801996,-1.5746,0.00518968], "O_dP_EE_d": [0,0,0,0,0,0], "O_ddP_O": [0,0,-9.81], "O_T_EE_c": [-0.0045413,0.0307642,-0.999507,0,-0.996559,-0.082752,0.00198085,0,-0.0826518,0.996095,0.0310347,0,-0.233916,0.813149,0.0952677,1], "O_dP_EE_c": [0,0,0,0,0,0], "O_ddP_EE_c": [0,0,0,0,0,0], "theta": [1.86553,1.08125,0.0319611,-1.33216,-2.85331,2.23529,0.570363], "dtheta": [0,0,0,0,0,0,0], "current_errors": [], "last_motion_errors": ["joint_position_limits_violation"], "control_command_success_rate": 0, "robot_mode": "User stopped", "time": 1456069}