{"O_T_EE": [0.0256514,0.0454116,-0.998629,0,-0.978847,0.203931,-0.0158698,0,0.202934,0.977931,0.0496831,0,0.0139433,0.840155,0.0961693,1], "O_T_EE_d": [0.0256869,0.0453032,-0.998633,0,-0.978847,0.203924,-0.0159269,0,0.202928,0.977937,0.049584,0,0.0139437,0.840111,0.096058,1], "F_T_NE": [0.7071,-0.7071,0,0,0.7071,0.7071,0,0,0,0,1,0,0,0,0.1034,1], "NE_T_EE": [1,0,0,0,0,1,0,0,0,0,1,0,0,0,0,1], "F_T_EE": [0.7071,-0.7071,0,0,0.7071,0.7071,0,0,0,0,1,0,0,0,0.1034,1], "EE_T_K": [1,0,0,0,0,1,0,0,0,0,1,0,0,0,0,1], "m_ee": 0.73, "F_x_Cee": [-0.01,0,0.03], "I_ee": [0.001,0,0,0,0.0025,0,0,0,0.0017], "m_load": 0, "F_x_Cload": [0,0,0], "I_load": [0,0,0,0,0,0,0,0,0], "m_total": 0.73, "F_x_Ctotal": [-0.01,0,0.03], "I_total": [0.001,0,0,0,0.0025,0,0,0,0.0017], "elbow": [0.0405822,-1], "elbow_d": [0.0405568,-1], "elbow_c": [0.0405568,-1], "delbow_c": [0,0], "ddelbow_c": [0,0], "tau_J": [0.151925,-49.0142,0.607318,16.7255,-0.42712,-2.43837,0.0514724], "tau_J_d": [0,0,0,0,0,0,0], "dtau_J": [79.8336,188.007,-162.754,-173.022,-3.58082,6.70572,3.81105], "q": [1.56166,1.06877,0.0405822,-1.3751,-2.87856,2.19361,0.566513], "dq": [-5.18745e-05,-0.000624213,0.00360999,0.00707173,6.03035e-05,-0.00045896,-0.000742902], "q_d": [1.56168,1.06887,0.0405568,-1.37518,-2.87857,2.19354,0.56652], "dq_d": [0,0,0,0,0,0,0], "ddq_d": [0,0,0,0,0,0,0], "joint_contact": [0,0,0,0,0,0,0], "cartesian_contact": [0,0,0,0,0,0], "joint_collision": [0,0,0,0,0,0,0], "cartesian_collision": [0,0,0,0,0,0], "tau_ext_hat_filtered": [0.0644779,1.57548,0.0717484,-1.67944,0.0293548,-0.708858,0.0489803], "O_F_ext_hat_K": [-0.451822,-7.58574,-1.58904,0.952453,-0.234923,0.13674], "K_F_ext_hat_K": [1.23081,-1.0795,-7.58897,0.167146,-1.56645,0.100442], "O_dP_EE_d": [0,0,0,0,0,0], "O_ddP_O": [0,0,-9.81], "O_T_EE_c": [0.0256869,0.0453032,-0.998633,0,-0.978847,0.203924,-0.0159269,0,0.202928,0.977937,0.049584,0,0.0139437,0.840111,0.096058,1], "O_dP_EE_c": [0,0,0,0,0,0], "O_ddP_EE_c": [0,0,0,0,0,0], "theta": [1.56167,1.06533,0.0406249,-1.37393,-2.87861,2.19334,0.566518], "dtheta": [0,0,0,0,0,0,0], "current_errors": [], "last_motion_errors": ["joint_position_limits_violation"], "control_command_success_rate": 0, "robot_mode": "User stopped", "time": 1733815}