{"O_T_EE": [-0.00341047,0.0537218,-0.99854,0,-0.999775,-0.0206183,0.00230542,0,-0.0204648,0.998343,0.053781,0,-0.185122,0.824011,0.0951837,1], "O_T_EE_d": [-0.00336418,0.0536368,-0.998545,0,-0.999777,-0.0205146,0.00226639,0,-0.0203636,0.99835,0.0536949,0,-0.185043,0.823982,0.0951342,1], "F_T_NE": [0.7071,-0.7071,0,0,0.7071,0.7071,0,0,0,0,1,0,0,0,0.1034,1], "NE_T_EE": [1,0,0,0,0,1,0,0,0,0,1,0,0,0,0,1], "F_T_EE": [0.7071,-0.7071,0,0,0.7071,0.7071,0,0,0,0,1,0,0,0,0.1034,1], "EE_T_K": [1,0,0,0,0,1,0,0,0,0,1,0,0,0,0,1], "m_ee": 0.73, "F_x_Cee": [-0.01,0,0.03], "I_ee": [0.001,0,0,0,0.0025,0,0,0,0.0017], "m_load": 0, "F_x_Cload": [0,0,0], "I_load": [0,0,0,0,0,0,0,0,0], "m_total": 0.73, "F_x_Ctotal": [-0.01,0,0.03], "I_total": [0.001,0,0,0,0.0025,0,0,0,0.0017], "elbow": [0.021,-1], "elbow_d": [0.0209856,-1], "elbow_c": [0.0209856,-1], "delbow_c": [0,0], "ddelbow_c": [0,0], "tau_J": [-0.149589,-49.3911,0.0082584,16.8008,0.0114174,-2.53816,0.102742], "tau_J_d": [0,0,0,0,0,0,0], "dtau_J": [21.5281,-63.0399,66.5954,94.2264,-13.9033,-39.2619,13.0173], "q": [1.81694,1.08644,0.021,-1.34487,-2.85053,2.20082,0.581032], "dq": [3.00168e-05,0.000110269,9.05839e-05,-0.00084083,0.000259311,0.000418197,-0.00124707], "q_d": [1.81687,1.08639,0.0209856,-1.34506,-2.8505,2.20076,0.58102], "dq_d": [0,0,0,0,0,0,0], "ddq_d": [0,0,0,0,0,0,0], "joint_contact": [0,0,0,0,0,0,0], "cartesian_contact": [0,0,0,0,0,0], "joint_collision": [0,0,0,0,0,0,0], "cartesian_collision": [0,0,0,0,0,0], "tau_ext_hat_filtered": [-0.184776,1.39799,-0.125173,-1.68879,0.47912,-0.795683,0.085504], "O_F_ext_hat_K": [1.32583,-8.43065,-1.0334,1.45824,0.0793676,-0.196135], "K_F_ext_hat_K": [0.574475,-1.15411,-8.49939,0.665968,-1.51153,0.0776607], "O_dP_EE_d": [0,0,0,0,0,0], "O_ddP_O": [0,0,-9.81], "O_T_EE_c": [-0.00336418,0.0536368,-0.998545,0,-0.999777,-0.0205146,0.00226639,0,-0.0203636,0.99835,0.0536949,0,-0.185043,0.823982,0.0951342,1], "O_dP_EE_c": [0,0,0,0,0,0], "O_ddP_EE_c": [0,0,0,0,0,0], "theta": [1.81693,1.08297,0.0209996,-1.34369,-2.85052,2.20054,0.581043], "dtheta": [0,0,0,0,0,0,0], "current_errors": [], "last_motion_errors": ["joint_position_limits_violation"], "control_command_success_rate": 0, "robot_mode": "User stopped", "time": 1468447}