{"O_T_EE": [0.0208847,0.00867606,-0.999735,0,-0.871674,0.489868,-0.0139582,0,0.489626,0.871751,0.0177938,0,0.259899,0.793488,0.0972919,1], "O_T_EE_d": [0.0209361,0.00869722,-0.999733,0,-0.871695,0.48983,-0.0139934,0,0.489587,0.871772,0.0178368,0,0.259849,0.793485,0.0972862,1], "F_T_NE": [0.7071,-0.7071,0,0,0.7071,0.7071,0,0,0,0,1,0,0,0,0.1034,1], "NE_T_EE": [1,0,0,0,0,1,0,0,0,0,1,0,0,0,0,1], "F_T_EE": [0.7071,-0.7071,0,0,0.7071,0.7071,0,0,0,0,1,0,0,0,0.1034,1], "EE_T_K": [1,0,0,0,0,1,0,0,0,0,1,0,0,0,0,1], "m_ee": 0.73, "F_x_Cee": [-0.01,0,0.03], "I_ee": [0.001,0,0,0,0.0025,0,0,0,0.0017], "m_load": 0, "F_x_Cload": [0,0,0], "I_load": [0,0,0,0,0,0,0,0,0], "m_total": 0.73, "F_x_Ctotal": [-0.01,0,0.03], "I_total": [0.001,0,0,0,0.0025,0,0,0,0.0017], "elbow": [0.0709281,-1], "elbow_d": [0.0709134,-1], "elbow_c": [0.0709134,-1], "delbow_c": [0,0], "ddelbow_c": [0,0], "tau_J": [0.151925,-49.9941,1.20638,17.1817,-0.344723,-2.72859,0.000202917], "tau_J_d": [0,0,0,0,0,0,0], "dtau_J": [1.51856,72.7889,-108.398,-10.9293,2.89755,-4.9973,-40.3993], "q": [1.23773,1.04279,0.0709281,-1.40572,-2.87395,2.21597,0.541471], "dq": [-0.000152367,0.000140357,0.00106855,-0.00223363,3.39137e-05,-6.77016e-05,-0.000345829], "q_d": [1.2378,1.04276,0.0709134,-1.40582,-2.87395,2.21585,0.541464], "dq_d": [0,0,0,0,0,0,0], "ddq_d": [0,0,0,0,0,0,0], "joint_contact": [0,0,0,0,0,0,0], "cartesian_contact": [0,0,0,0,0,0], "joint_collision": [0,0,0,0,0,0,0], "cartesian_collision": [0,0,0,0,0,0], "tau_ext_hat_filtered": [0.131585,-0.0508918,-0.101303,-0.955238,0.0856048,-1.07467,0.0424708], "O_F_ext_hat_K": [-3.24845,-8.34138,0.698637,2.77473,-1.24839,0.113848], "K_F_ext_hat_K": [-0.838681,-1.26436,-8.8497,0.318653,-1.59172,0.030052], "O_dP_EE_d": [0,0,0,0,0,0], "O_ddP_O": [0,0,-9.81], "O_T_EE_c": [0.0209361,0.00869722,-0.999733,0,-0.871695,0.48983,-0.0139934,0,0.489587,0.871772,0.0178368,0,0.259849,0.793485,0.0972862,1], "O_dP_EE_c": [0,0,0,0,0,0], "O_ddP_EE_c": [0,0,0,0,0,0], "theta": [1.23774,1.03928,0.0710137,-1.40451,-2.87399,2.21567,0.541471], "dtheta": [0,0,0,0,0,0,0], "current_errors": [], "last_motion_errors": ["joint_position_limits_violation"], "control_command_success_rate": 0, "robot_mode": "User stopped", "time": 2007980}