{"O_T_EE": [-0.0202499,-0.0260831,-0.999445,0,-0.73846,0.674277,-0.00263497,0,0.673985,0.738011,-0.032916,0,0.437881,0.705565,0.0976296,1], "O_T_EE_d": [-0.0201932,-0.0260066,-0.999448,0,-0.738429,0.674311,-0.00262674,0,0.674021,0.737983,-0.0328212,0,0.437918,0.705551,0.0976883,1], "F_T_NE": [0.7071,-0.7071,0,0,0.7071,0.7071,0,0,0,0,1,0,0,0,0.1034,1], "NE_T_EE": [1,0,0,0,0,1,0,0,0,0,1,0,0,0,0,1], "F_T_EE": [0.7071,-0.7071,0,0,0.7071,0.7071,0,0,0,0,1,0,0,0,0.1034,1], "EE_T_K": [1,0,0,0,0,1,0,0,0,0,1,0,0,0,0,1], "m_ee": 0.73, "F_x_Cee": [-0.01,0,0.03], "I_ee": [0.001,0,0,0,0.0025,0,0,0,0.0017], "m_load": 0, "F_x_Cload": [0,0,0], "I_load": [0,0,0,0,0,0,0,0,0], "m_total": 0.73, "F_x_Ctotal": [-0.01,0,0.03], "I_total": [0.001,0,0,0,0.0025,0,0,0,0.0017], "elbow": [-0.789668,-1], "elbow_d": [-0.789725,-1], "elbow_c": [-0.789725,-1], "delbow_c": [0,0], "ddelbow_c": [0,0], "tau_J": [-1.00652,-44.8644,-18.8919,11.2427,-0.317257,-2.33766,0.143025], "tau_J_d": [0,0,0,0,0,0,0], "dtau_J": [-72.6368,-149.838,-190.865,194.812,-8.15381,-26.2283,-25.2585], "q": [1.63107,1.25513,-0.789668,-1.35023,-2.54621,2.51403,1.09483], "dq": [2.97332e-05,0.000899833,0.00100862,-0.00160418,0.000231134,0.000819779,-0.00105219], "q_d": [1.63108,1.25506,-0.789725,-1.35029,-2.5462,2.51397,1.09485], "dq_d": [0,0,0,0,0,0,0], "ddq_d": [0,0,0,0,0,0,0], "joint_contact": [0,0,0,0,0,0,0], "cartesian_contact": [0,0,0,0,0,0], "joint_collision": [0,0,0,0,0,0,0], "cartesian_collision": [0,0,0,0,0,0], "tau_ext_hat_filtered": [-0.976384,0.93741,0.074118,-1.25634,0.561494,-0.833403,0.158], "O_F_ext_hat_K": [-1.51901,-4.41232,-2.10447,0.455488,-0.293672,-0.915892], "K_F_ext_hat_K": [2.24919,-1.84789,-4.21086,0.0527933,-1.83402,0.231877], "O_dP_EE_d": [0,0,0,0,0,0], "O_ddP_O": [0,0,-9.81], "O_T_EE_c": [-0.0201932,-0.0260066,-0.999448,0,-0.738429,0.674311,-0.00262674,0,0.674021,0.737983,-0.0328212,0,0.437918,0.705551,0.0976883,1], "O_dP_EE_c": [0,0,0,0,0,0], "O_ddP_EE_c": [0,0,0,0,0,0], "theta": [1.631,1.25198,-0.790994,-1.34944,-2.54624,2.51377,1.09485], "dtheta": [0,0,0,0,0,0,0], "current_errors": [], "last_motion_errors": [], "control_command_success_rate": 0, "robot_mode": "User stopped", "time": 4586133}