{"O_T_EE": [-0.0124938,0.0101618,-0.999861,0,0.210132,0.977636,0.00731018,0,0.977593,-0.210016,-0.0143499,0,0.818659,-0.0253806,0.100062,1], "O_T_EE_d": [-0.0122987,0.0101371,-0.999863,0,0.210141,0.977634,0.00732694,0,0.977593,-0.210027,-0.0141541,0,0.818669,-0.0254259,0.100154,1], "F_T_NE": [0.7071,-0.7071,0,0,0.7071,0.7071,0,0,0,0,1,0,0,0,0.1034,1], "NE_T_EE": [1,0,0,0,0,1,0,0,0,0,1,0,0,0,0,1], "F_T_EE": [0.7071,-0.7071,0,0,0.7071,0.7071,0,0,0,0,1,0,0,0,0.1034,1], "EE_T_K": [1,0,0,0,0,1,0,0,0,0,1,0,0,0,0,1], "m_ee": 0.73, "F_x_Cee": [-0.01,0,0.03], "I_ee": [0.001,0,0,0,0.0025,0,0,0,0.0017], "m_load": 0, "F_x_Cload": [0,0,0], "I_load": [0,0,0,0,0,0,0,0,0], "m_total": 0.73, "F_x_Ctotal": [-0.01,0,0.03], "I_total": [0.001,0,0,0,0.0025,0,0,0,0.0017], "elbow": [1.91807,-1], "elbow_d": [1.918,-1], "elbow_c": [1.918,-1], "delbow_c": [0,0], "ddelbow_c": [0,0], "tau_J": [0.0011678,40.5274,-25.6045,1.622,-0.829037,-2.20766,0.153096], "tau_J_d": [0,0,0,0,0,0,0], "dtau_J": [1.63126,125.268,-78.8209,100.657,9.16073,9.54146,-11.1962], "q": [-2.30908,-1.59955,1.91807,-1.34893,-2.38484,2.69862,1.50202], "dq": [-0.000977164,-0.000280975,0.000644262,0.00011426,0.000385202,-0.00102912,-0.00116788], "q_d": [-2.30907,-1.59949,1.918,-1.34906,-2.38482,2.69846,1.50203], "dq_d": [0,0,0,0,0,0,0], "ddq_d": [0,0,0,0,0,0,0], "joint_contact": [0,0,0,0,0,0,0], "cartesian_contact": [0,0,0,0,0,0], "joint_collision": [0,0,0,0,0,0,0], "cartesian_collision": [0,0,0,0,0,0], "tau_ext_hat_filtered": [-0.11555,-0.414554,0.498933,-0.760421,0.63623,-1.01229,0.131418], "O_F_ext_hat_K": [-4.90341,-0.450565,-1.90728,-0.0478945,-0.99638,-0.0655938], "K_F_ext_hat_K": [1.96373,-1.48482,-4.67154,-0.446918,-2.04755,0.289776], "O_dP_EE_d": [0,0,0,0,0,0], "O_ddP_O": [0,0,-9.81], "O_T_EE_c": [-0.0122987,0.0101371,-0.999863,0,0.210141,0.977634,0.00732694,0,0.977593,-0.210027,-0.0141541,0,0.818669,-0.0254259,0.100154,1], "O_dP_EE_c": [0,0,0,0,0,0], "O_ddP_EE_c": [0,0,0,0,0,0], "theta": [-2.30908,-1.5967,1.91627,-1.34882,-2.38493,2.69837,1.50203], "dtheta": [0,0,0,0,0,0,0], "current_errors": [], "last_motion_errors": [], "control_command_success_rate": 0, "robot_mode": "User stopped", "time": 5273019}