{"O_T_EE": [-0.0548152,0.0079916,-0.998455,0,0.428358,0.903452,-0.0162857,0,0.901943,-0.428597,-0.0529472,0,0.785798,-0.227568,0.0940452,1], "O_T_EE_d": [-0.054716,0.00795361,-0.998461,0,0.42846,0.903403,-0.0162834,0,0.9019,-0.4287,-0.0528394,0,0.785765,-0.22765,0.0941125,1], "F_T_NE": [0.7071,-0.7071,0,0,0.7071,0.7071,0,0,0,0,1,0,0,0,0.1034,1], "NE_T_EE": [1,0,0,0,0,1,0,0,0,0,1,0,0,0,0,1], "F_T_EE": [0.7071,-0.7071,0,0,0.7071,0.7071,0,0,0,0,1,0,0,0,0.1034,1], "EE_T_K": [1,0,0,0,0,1,0,0,0,0,1,0,0,0,0,1], "m_ee": 0.73, "F_x_Cee": [-0.01,0,0.03], "I_ee": [0.001,0,0,0,0.0025,0,0,0,0.0017], "m_load": 0, "F_x_Cload": [0,0,0], "I_load": [0,0,0,0,0,0,0,0,0], "m_total": 0.73, "F_x_Ctotal": [-0.01,0,0.03], "I_total": [0.001,0,0,0,0.0025,0,0,0,0.0017], "elbow": [-1.14221,-1], "elbow_d": [-1.14227,-1], "elbow_c": [-1.14227,-1], "delbow_c": [0,0], "ddelbow_c": [0,0], "tau_J": [0.18763,-42.1905,-25.6799,3.88336,-0.75671,-2.12801,0.214436], "tau_J_d": [0,0,0,0,0,0,0], "dtau_J": [-5.83752,41.4868,-7.9338,24.9808,-28.9619,-6.83446,102.864], "q": [0.549456,1.524,-1.14221,-1.35778,-2.48998,2.66849,1.46665], "dq": [-0.000133203,-0.00137404,-0.000399183,8.52252e-05,-0.00238322,0.000536171,-0.00119578], "q_d": [0.549451,1.52393,-1.14227,-1.35795,-2.48997,2.6684,1.46667], "dq_d": [0,0,0,0,0,0,0], "ddq_d": [0,0,0,0,0,0,0], "joint_contact": [0,0,0,0,0,0,0], "cartesian_contact": [0,0,0,0,0,0], "joint_collision": [0,0,0,0,0,0,0], "cartesian_collision": [0,0,0,0,0,0], "tau_ext_hat_filtered": [0.255467,-0.607759,-0.308591,-0.550169,0.6353,-0.98409,0.157109], "O_F_ext_hat_K": [-5.7657,1.66323,0.403555,-0.702205,-2.56406,0.311136], "K_F_ext_hat_K": [-0.073593,-0.973729,-5.93456,-0.304539,-1.73978,0.304452], "O_dP_EE_d": [0,0,0,0,0,0], "O_ddP_O": [0,0,-9.81], "O_T_EE_c": [-0.054716,0.00795361,-0.998461,0,0.42846,0.903403,-0.0162834,0,0.9019,-0.4287,-0.0528394,0,0.785765,-0.22765,0.0941125,1], "O_dP_EE_c": [0,0,0,0,0,0], "O_ddP_EE_c": [0,0,0,0,0,0], "theta": [0.549469,1.52104,-1.14401,-1.35751,-2.49006,2.66825,1.46667], "dtheta": [0,0,0,0,0,0,0], "current_errors": [], "last_motion_errors": [], "control_command_success_rate": 0, "robot_mode": "User stopped", "time": 5498926}