{"O_T_EE": [-0.00383709,0.00417896,-0.999974,0,0.629782,0.776759,0.000829534,0,0.776757,-0.629775,-0.00561244,0,0.708103,-0.413125,0.0944131,1], "O_T_EE_d": [-0.0036715,0.00394674,-0.999976,0,0.629898,0.776665,0.00075264,0,0.776664,-0.629892,-0.00533767,0,0.708056,-0.413276,0.0945916,1], "F_T_NE": [0.7071,-0.7071,0,0,0.7071,0.7071,0,0,0,0,1,0,0,0,0.1034,1], "NE_T_EE": [1,0,0,0,0,1,0,0,0,0,1,0,0,0,0,1], "F_T_EE": [0.7071,-0.7071,0,0,0.7071,0.7071,0,0,0,0,1,0,0,0,0.1034,1], "EE_T_K": [1,0,0,0,0,1,0,0,0,0,1,0,0,0,0,1], "m_ee": 0.73, "F_x_Cee": [-0.01,0,0.03], "I_ee": [0.001,0,0,0,0.0025,0,0,0,0.0017], "m_load": 0, "F_x_Cload": [0,0,0], "I_load": [0,0,0,0,0,0,0,0,0], "m_total": 0.73, "F_x_Ctotal": [-0.01,0,0.03], "I_total": [0.001,0,0,0,0.0025,0,0,0,0.0017], "elbow": [-1.03987,-1], "elbow_d": [-1.04009,-1], "elbow_c": [-1.04009,-1], "delbow_c": [0,0], "ddelbow_c": [0,0], "tau_J": [0.0011678,-43.0553,-24.5532,6.14471,-0.509518,-2.43837,0.0816849], "tau_J_d": [0,0,0,0,0,0,0], "dtau_J": [5.77522,47.1369,15.5439,-106.879,-26.3337,-1.6938,-47.0379], "q": [0.259799,1.44255,-1.03987,-1.38478,-2.48097,2.55537,1.35811], "dq": [0.000574811,0.000244199,-0.000520447,0.00276932,0.000601733,0.00012528,0.000990839], "q_d": [0.259728,1.44246,-1.04009,-1.38489,-2.48096,2.55528,1.35811], "dq_d": [0,0,0,0,0,0,0], "ddq_d": [0,0,0,0,0,0,0], "joint_contact": [0,0,0,0,0,0,0], "cartesian_contact": [0,0,0,0,0,0], "joint_collision": [0,0,0,0,0,0,0], "cartesian_collision": [0,0,0,0,0,0], "tau_ext_hat_filtered": [-0.0325265,-0.705864,-0.420718,-0.630905,0.623708,-1.06529,0.124455], "O_F_ext_hat_K": [-5.33517,2.92165,0.699015,-1.40658,-2.46921,0.0482866], "K_F_ext_hat_K": [-0.666329,-1.09002,-5.98804,-0.186481,-1.67239,0.27107], "O_dP_EE_d": [0,0,0,0,0,0], "O_ddP_O": [0,0,-9.81], "O_T_EE_c": [-0.0036715,0.00394674,-0.999976,0,0.629898,0.776665,0.00075264,0,0.776664,-0.629892,-0.00533767,0,0.708056,-0.413276,0.0945916,1], "O_dP_EE_c": [0,0,0,0,0,0], "O_ddP_EE_c": [0,0,0,0,0,0], "theta": [0.259799,1.43953,-1.04159,-1.38435,-2.48103,2.5551,1.35811], "dtheta": [0,0,0,0,0,0,0], "current_errors": [], "last_motion_errors": [], "control_command_success_rate": 0, "robot_mode": "User stopped", "time": 5720298}