{"O_T_EE": [-0.0135768,0.0138116,-0.999803,0,0.928914,0.370192,-0.00750017,0,0.370023,-0.928851,-0.0178562,0,0.424475,-0.707215,0.0936422,1], "O_T_EE_d": [-0.0135446,0.0135279,-0.999807,0,0.929012,0.369947,-0.00757999,0,0.36978,-0.928953,-0.0175787,0,0.424287,-0.707385,0.0938319,1], "F_T_NE": [0.7071,-0.7071,0,0,0.7071,0.7071,0,0,0,0,1,0,0,0,0.1034,1], "NE_T_EE": [1,0,0,0,0,1,0,0,0,0,1,0,0,0,0,1], "F_T_EE": [0.7071,-0.7071,0,0,0.7071,0.7071,0,0,0,0,1,0,0,0,0.1034,1], "EE_T_K": [1,0,0,0,0,1,0,0,0,0,1,0,0,0,0,1], "m_ee": 0.73, "F_x_Cee": [-0.01,0,0.03], "I_ee": [0.001,0,0,0,0.0025,0,0,0,0.0017], "m_load": 0, "F_x_Cload": [0,0,0], "I_load": [0,0,0,0,0,0,0,0,0], "m_total": 0.73, "F_x_Ctotal": [-0.01,0,0.03], "I_total": [0.001,0,0,0,0.0025,0,0,0,0.0017], "elbow": [-1.08209,-1], "elbow_d": [-1.08234,-1], "elbow_c": [-1.08234,-1], "delbow_c": [0,0], "ddelbow_c": [0,0], "tau_J": [-0.522514,-42.2659,-23.9898,5.10925,-0.637691,-2.2278,0.071614], "tau_J_d": [0,0,0,0,0,0,0], "dtau_J": [-39.6176,152.442,244.117,-84.5447,-28.8368,-4.18537,-113.924], "q": [-0.241706,1.48379,-1.08209,-1.34104,-2.45447,2.61009,1.3709], "dq": [-0.00407277,-0.000590108,-0.00181347,0.00110421,0.000646178,-0.0037575,0.00136158], "q_d": [-0.241926,1.48371,-1.08234,-1.34109,-2.45445,2.61004,1.3709], "dq_d": [0,0,0,0,0,0,0], "ddq_d": [0,0,0,0,0,0,0], "joint_contact": [0,0,0,0,0,0,0], "cartesian_contact": [0,0,0,0,0,0], "joint_collision": [0,0,0,0,0,0,0], "cartesian_collision": [0,0,0,0,0,0], "tau_ext_hat_filtered": [-0.530256,0.354116,0.391812,-0.82853,0.596252,-0.901954,0.129556], "O_F_ext_hat_K": [-2.76199,3.0193,-1.69511,-0.638572,-0.47753,-0.451577], "K_F_ext_hat_K": [1.77401,-1.43524,-3.79622,-0.21195,-1.79322,0.29247], "O_dP_EE_d": [0,0,0,0,0,0], "O_ddP_O": [0,0,-9.81], "O_T_EE_c": [-0.0135446,0.0135279,-0.999807,0,0.929012,0.369947,-0.00757999,0,0.36978,-0.928953,-0.0175787,0,0.424287,-0.707385,0.0938319,1], "O_dP_EE_c": [0,0,0,0,0,0], "O_ddP_EE_c": [0,0,0,0,0,0], "theta": [-0.241743,1.48082,-1.08378,-1.34068,-2.45454,2.60984,1.3709], "dtheta": [0,0,0,0,0,0,0], "current_errors": [], "last_motion_errors": [], "control_command_success_rate": 0, "robot_mode": "User stopped", "time": 6260160}