{"O_T_EE": [-0.00504006,0.0155143,-0.999857,0,0.899435,0.437027,0.00224727,0,0.437008,-0.899312,-0.016157,0,0.46582,-0.67952,0.0938406,1], "O_T_EE_d": [-0.00498712,0.015187,-0.999863,0,0.899517,0.436859,0.00214887,0,0.43684,-0.8994,-0.0158399,0,0.465674,-0.67968,0.0940291,1], "F_T_NE": [0.7071,-0.7071,0,0,0.7071,0.7071,0,0,0,0,1,0,0,0,0.1034,1], "NE_T_EE": [1,0,0,0,0,1,0,0,0,0,1,0,0,0,0,1], "F_T_EE": [0.7071,-0.7071,0,0,0.7071,0.7071,0,0,0,0,1,0,0,0,0.1034,1], "EE_T_K": [1,0,0,0,0,1,0,0,0,0,1,0,0,0,0,1], "m_ee": 0.73, "F_x_Cee": [-0.01,0,0.03], "I_ee": [0.001,0,0,0,0.0025,0,0,0,0.0017], "m_load": 0, "F_x_Cload": [0,0,0], "I_load": [0,0,0,0,0,0,0,0,0], "m_total": 0.73, "F_x_Ctotal": [-0.01,0,0.03], "I_total": [0.001,0,0,0,0.0025,0,0,0,0.0017], "elbow": [-0.977499,-1], "elbow_d": [-0.977744,-1], "elbow_c": [-0.977744,-1], "delbow_c": [0,0], "ddelbow_c": [0,0], "tau_J": [-0.109916,-43.2458,-22.5656,7.79113,-0.491207,-2.34773,0.0926712], "tau_J_d": [0,0,0,0,0,0,0], "dtau_J": [-23.8776,-109.77,142.827,-10.795,-5.35086,42.5385,-75.1957], "q": [-0.22737,1.39264,-0.977499,-1.37016,-2.52101,2.53968,1.31025], "dq": [0.000536985,0.00103745,-0.000300888,-0.00100591,0.000811139,-0.000166604,0.0013692], "q_d": [-0.227522,1.39257,-0.977744,-1.37022,-2.521,2.53956,1.31026], "dq_d": [0,0,0,0,0,0,0], "ddq_d": [0,0,0,0,0,0,0], "joint_contact": [0,0,0,0,0,0,0], "cartesian_contact": [0,0,0,0,0,0], "joint_collision": [0,0,0,0,0,0,0], "cartesian_collision": [0,0,0,0,0,0], "tau_ext_hat_filtered": [-0.0909389,0.0881192,0.375732,-0.580125,0.571654,-0.965487,0.143794], "O_F_ext_hat_K": [-2.84171,3.74281,-1.14411,-0.99887,-0.761157,0.00307397], "K_F_ext_hat_K": [1.21635,-0.92281,-4.58932,-0.199341,-1.7304,0.298133], "O_dP_EE_d": [0,0,0,0,0,0], "O_ddP_O": [0,0,-9.81], "O_T_EE_c": [-0.00498712,0.015187,-0.999863,0,0.899517,0.436859,0.00214887,0,0.43684,-0.8994,-0.0158399,0,0.465674,-0.67968,0.0940291,1], "O_dP_EE_c": [0,0,0,0,0,0], "O_ddP_EE_c": [0,0,0,0,0,0], "theta": [-0.227378,1.3896,-0.979082,-1.36961,-2.52106,2.53942,1.31026], "dtheta": [0,0,0,0,0,0,0], "current_errors": [], "last_motion_errors": [], "control_command_success_rate": 0, "robot_mode": "User stopped", "time": 6242349}