{"O_T_EE": [-0.0310723,0.00166374,-0.999506,0,0.992758,-0.115962,-0.0310556,0,-0.115959,-0.993252,0.00195156,0,0.0453722,-0.832114,0.0934644,1], "O_T_EE_d": [-0.031083,0.00165069,-0.999506,0,0.992758,-0.115961,-0.0310647,0,-0.115957,-0.993252,0.00196572,0,0.045386,-0.832096,0.0934609,1], "F_T_NE": [0.7071,-0.7071,0,0,0.7071,0.7071,0,0,0,0,1,0,0,0,0.1034,1], "NE_T_EE": [1,0,0,0,0,1,0,0,0,0,1,0,0,0,0,1], "F_T_EE": [0.7071,-0.7071,0,0,0.7071,0.7071,0,0,0,0,1,0,0,0,0.1034,1], "EE_T_K": [1,0,0,0,0,1,0,0,0,0,1,0,0,0,0,1], "m_ee": 0.73, "F_x_Cee": [-0.01,0,0.03], "I_ee": [0.001,0,0,0,0.0025,0,0,0,0.0017], "m_load": 0, "F_x_Cload": [0,0,0], "I_load": [0,0,0,0,0,0,0,0,0], "m_total": 0.73, "F_x_Ctotal": [-0.01,0,0.03], "I_total": [0.001,0,0,0,0.0025,0,0,0,0.0017], "elbow": [-0.182458,-1], "elbow_d": [-0.182452,-1], "elbow_c": [-0.182452,-1], "delbow_c": [0,0], "ddelbow_c": [0,0], "tau_J": [0.78669,-49.2403,-4.26848,16.5311,-0.390499,-2.58852,0.0313308], "tau_J_d": [0,0,0,0,0,0,0], "dtau_J": [-17.3354,11.5284,68.2128,71.8629,9.03289,-27.2389,-66.4381], "q": [-1.33803,1.05385,-0.182458,-1.3957,-2.8025,2.28058,0.69163], "dq": [0.000309083,9.66599e-05,-0.000563392,-0.000256338,0.000589662,0.000392381,0.0019566], "q_d": [-1.338,1.05381,-0.182452,-1.3958,-2.80248,2.28051,0.691619], "dq_d": [0,0,0,0,0,0,0], "ddq_d": [0,0,0,0,0,0,0], "joint_contact": [0,0,0,0,0,0,0], "cartesian_contact": [0,0,0,0,0,0], "joint_collision": [0,0,0,0,0,0,0], "cartesian_collision": [0,0,0,0,0,0], "tau_ext_hat_filtered": [0.857951,0.480481,0.620655,-1.364,0.085934,-0.93925,0.0670645], "O_F_ext_hat_K": [0.637507,10.0747,0.164062,-2.84632,0.167163,0.889546], "K_F_ext_hat_K": [-0.167031,-0.540499,-10.0803,0.153105,-1.76571,0.0905974], "O_dP_EE_d": [0,0,0,0,0,0], "O_ddP_O": [0,0,-9.81], "O_T_EE_c": [-0.031083,0.00165069,-0.999506,0,0.992758,-0.115961,-0.0310647,0,-0.115957,-0.993252,0.00196572,0,0.045386,-0.832096,0.0934609,1], "O_dP_EE_c": [0,0,0,0,0,0], "O_ddP_EE_c": [0,0,0,0,0,0], "theta": [-1.33798,1.05039,-0.182758,-1.39455,-2.80254,2.2803,0.691634], "dtheta": [0,0,0,0,0,0,0], "current_errors": [], "last_motion_errors": ["joint_position_limits_violation"], "control_command_success_rate": 0, "robot_mode": "User stopped", "time": 2458359}