{"O_T_EE": [0.00768943,0.0228876,-0.999699,0,0.931704,-0.36319,-0.00114861,0,-0.363114,-0.931432,-0.0241176,0,-0.2032,-0.814669,0.0928879,1], "O_T_EE_d": [0.00768309,0.022919,-0.999698,0,0.931654,-0.363319,-0.0011693,0,-0.363243,-0.931381,-0.0241445,0,-0.203303,-0.814615,0.0928487,1], "F_T_NE": [0.7071,-0.7071,0,0,0.7071,0.7071,0,0,0,0,1,0,0,0,0.1034,1], "NE_T_EE": [1,0,0,0,0,1,0,0,0,0,1,0,0,0,0,1], "F_T_EE": [0.7071,-0.7071,0,0,0.7071,0.7071,0,0,0,0,1,0,0,0,0.1034,1], "EE_T_K": [1,0,0,0,0,1,0,0,0,0,1,0,0,0,0,1], "m_ee": 0.73, "F_x_Cee": [-0.01,0,0.03], "I_ee": [0.001,0,0,0,0.0025,0,0,0,0.0017], "m_load": 0, "F_x_Cload": [0,0,0], "I_load": [0,0,0,0,0,0,0,0,0], "m_total": 0.73, "F_x_Ctotal": [-0.01,0,0.03], "I_total": [0.001,0,0,0,0.0025,0,0,0,0.0017], "elbow": [-0.86194,-1], "elbow_d": [-0.861928,-1], "elbow_c": [-0.861928,-1], "delbow_c": [0,0], "ddelbow_c": [0,0], "tau_J": [0.524849,-45.0152,-19.3045,10.0525,-0.546139,-2.09779,0.0615432], "tau_J_d": [0,0,0,0,0,0,0], "dtau_J": [31.8144,35.387,19.195,-60.2272,-18.304,21.6602,-96.604], "q": [-1.18266,1.33599,-0.86194,-1.29355,-2.59329,2.52251,1.22124], "dq": [-0.00193389,-0.000279518,-0.000293441,-0.000263667,-4.27921e-05,-0.000208133,0.00210296], "q_d": [-1.18274,1.33601,-0.861928,-1.29366,-2.59328,2.52245,1.22125], "dq_d": [0,0,0,0,0,0,0], "ddq_d": [0,0,0,0,0,0,0], "joint_contact": [0,0,0,0,0,0,0], "cartesian_contact": [0,0,0,0,0,0], "joint_collision": [0,0,0,0,0,0,0], "cartesian_collision": [0,0,0,0,0,0], "tau_ext_hat_filtered": [0.633907,0.733964,1.03614,-0.998791,0.43492,-0.678634,0.126637], "O_F_ext_hat_K": [2.54352,7.68653,-1.05507,-1.51397,0.431361,0.697549], "K_F_ext_hat_K": [1.25026,-0.420666,-8.05763,-0.190679,-1.69517,0.216666], "O_dP_EE_d": [0,0,0,0,0,0], "O_ddP_O": [0,0,-9.81], "O_T_EE_c": [0.00768309,0.022919,-0.999698,0,0.931654,-0.363319,-0.0011693,0,-0.363243,-0.931381,-0.0241445,0,-0.203303,-0.814615,0.0928487,1], "O_dP_EE_c": [0,0,0,0,0,0], "O_ddP_EE_c": [0,0,0,0,0,0], "theta": [-1.18262,1.33283,-0.863296,-1.29285,-2.59335,2.52228,1.22125], "dtheta": [0,0,0,0,0,0,0], "current_errors": [], "last_motion_errors": [], "control_command_success_rate": 0, "robot_mode": "User stopped", "time": 6805238}