{"O_T_EE": [0.0188139,0.0773223,-0.996819,0,0.903053,-0.429199,-0.0162484,0,-0.429099,-0.899892,-0.0779025,0,-0.251284,-0.80252,0.0917994,1], "O_T_EE_d": [0.0188125,0.0773184,-0.996819,0,0.902946,-0.429423,-0.0162673,0,-0.429323,-0.899786,-0.0778944,0,-0.25148,-0.802435,0.0917784,1], "F_T_NE": [0.7071,-0.7071,0,0,0.7071,0.7071,0,0,0,0,1,0,0,0,0.1034,1], "NE_T_EE": [1,0,0,0,0,1,0,0,0,0,1,0,0,0,0,1], "F_T_EE": [0.7071,-0.7071,0,0,0.7071,0.7071,0,0,0,0,1,0,0,0,0.1034,1], "EE_T_K": [1,0,0,0,0,1,0,0,0,0,1,0,0,0,0,1], "m_ee": 0.73, "F_x_Cee": [-0.01,0,0.03], "I_ee": [0.001,0,0,0,0.0025,0,0,0,0.0017], "m_load": 0, "F_x_Cload": [0,0,0], "I_load": [0,0,0,0,0,0,0,0,0], "m_total": 0.73, "F_x_Ctotal": [-0.01,0,0.03], "I_total": [0.001,0,0,0,0.0025,0,0,0,0.0017], "elbow": [-1.28986,-1], "elbow_d": [-1.28985,-1], "elbow_c": [-1.28985,-1], "delbow_c": [0,0], "ddelbow_c": [0,0], "tau_J": [-0.0345378,-42.492,-23.6526,0.507196,-1.03961,-1.67665,0.122884], "tau_J_d": [0,0,0,0,0,0,0], "dtau_J": [37.0246,-42.4946,-73.4369,28.9123,-2.15585,2.6635,60.7328], "q": [-1.0912,1.67284,-1.28986,-1.17737,-2.48151,2.80076,1.6174], "dq": [0.000329821,-0.000782904,0.00105925,0.0027328,-0.00011693,6.99098e-05,-0.00178491], "q_d": [-1.09137,1.67287,-1.28985,-1.1775,-2.4815,2.80069,1.61742], "dq_d": [0,0,0,0,0,0,0], "ddq_d": [0,0,0,0,0,0,0], "joint_contact": [0,0,0,0,0,0,0], "cartesian_contact": [0,0,0,0,0,0], "joint_collision": [0,0,0,0,0,0,0], "cartesian_collision": [0,0,0,0,0,0], "tau_ext_hat_filtered": [-0.038101,0.858131,1.21346,-0.83459,0.670912,-0.76385,0.0900527], "O_F_ext_hat_K": [1.26727,6.34474,-2.36541,-0.71086,0.0490761,0.00975415], "K_F_ext_hat_K": [2.87237,-1.54034,-6.0691,-0.582601,-2.06606,0.349561], "O_dP_EE_d": [0,0,0,0,0,0], "O_ddP_O": [0,0,-9.81], "O_T_EE_c": [0.0188125,0.0773184,-0.996819,0,0.902946,-0.429423,-0.0162673,0,-0.429323,-0.899786,-0.0778944,0,-0.25148,-0.802435,0.0917784,1], "O_dP_EE_c": [0,0,0,0,0,0], "O_ddP_EE_c": [0,0,0,0,0,0], "theta": [-1.0912,1.66985,-1.29152,-1.17733,-2.48163,2.80057,1.61742], "dtheta": [0,0,0,0,0,0,0], "current_errors": [], "last_motion_errors": [], "control_command_success_rate": 0, "robot_mode": "User stopped", "time": 6862871}