{"O_T_EE": [0.0286077,0.0216658,-0.999346,0,0.780668,-0.624868,0.00880056,0,-0.624281,-0.780425,-0.0347905,0,-0.433413,-0.728198,0.0999948,1], "O_T_EE_d": [0.0285292,0.0217278,-0.999347,0,0.780567,-0.624996,0.00869484,0,-0.624411,-0.78032,-0.0347913,0,-0.433536,-0.728086,0.0999483,1], "F_T_NE": [0.7071,-0.7071,0,0,0.7071,0.7071,0,0,0,0,1,0,0,0,0.1034,1], "NE_T_EE": [1,0,0,0,0,1,0,0,0,0,1,0,0,0,0,1], "F_T_EE": [0.7071,-0.7071,0,0,0.7071,0.7071,0,0,0,0,1,0,0,0,0.1034,1], "EE_T_K": [1,0,0,0,0,1,0,0,0,0,1,0,0,0,0,1], "m_ee": 0.73, "F_x_Cee": [-0.01,0,0.03], "I_ee": [0.001,0,0,0,0.0025,0,0,0,0.0017], "m_load": 0, "F_x_Cload": [0,0,0], "I_load": [0,0,0,0,0,0,0,0,0], "m_total": 0.73, "F_x_Ctotal": [-0.01,0,0.03], "I_total": [0.001,0,0,0,0.0025,0,0,0,0.0017], "elbow": [1.99882,-1], "elbow_d": [1.99879,-1], "elbow_c": [1.99879,-1], "delbow_c": [0,0], "ddelbow_c": [0,0], "tau_J": [0.485177,44.6732,-23.9145,4.53399,-0.765865,-2.29829,0.102742], "tau_J_d": [0,0,0,0,0,0,0], "dtau_J": [28.3859,-115.981,-148.826,-11.129,-6.07465,-31.3225,-69.7262], "q": [1.76579,-1.54318,1.99882,-1.19889,-2.47068,2.69388,1.44141], "dq": [-0.000433657,0.00202035,0.00123967,0.00121881,0.000152332,0.000207594,0.00211852], "q_d": [1.76571,-1.54327,1.99879,-1.19905,-2.47068,2.69378,1.44143], "dq_d": [0,0,0,0,0,0,0], "ddq_d": [0,0,0,0,0,0,0], "joint_contact": [0,0,0,0,0,0,0], "cartesian_contact": [0,0,0,0,0,0], "joint_collision": [0,0,0,0,0,0,0], "cartesian_collision": [0,0,0,0,0,0], "tau_ext_hat_filtered": [0.468137,0.19416,0.0307741,-0.726492,0.636485,-1.05953,0.161437], "O_F_ext_hat_K": [4.61627,7.42291,-0.0135142,-2.59569,1.60409,0.502839], "K_F_ext_hat_K": [0.306395,-1.03471,-8.6744,-0.386687,-2.16907,0.254545], "O_dP_EE_d": [0,0,0,0,0,0], "O_ddP_O": [0,0,-9.81], "O_T_EE_c": [0.0285292,0.0217278,-0.999347,0,0.780567,-0.624996,0.00869484,0,-0.624411,-0.78032,-0.0347913,0,-0.433536,-0.728086,0.0999483,1], "O_dP_EE_c": [0,0,0,0,0,0], "O_ddP_EE_c": [0,0,0,0,0,0], "theta": [1.76582,-1.54004,1.99714,-1.19858,-2.47076,2.69362,1.44142], "dtheta": [0,0,0,0,0,0,0], "current_errors": [], "last_motion_errors": [], "control_command_success_rate": 0, "robot_mode": "User stopped", "time": 7364695}