{"O_T_EE": [0.0140001,-0.00183379,-0.999891,0,-0.908776,-0.41709,-0.0119594,0,-0.417031,0.908861,-0.00750596,0,-0.519506,0.697304,0.195396,1], "O_T_EE_d": [0.0138663,-0.001516,-0.999893,0,-0.908837,-0.416957,-0.0119714,0,-0.416902,0.908923,-0.0071596,0,-0.519465,0.697383,0.19559,1], "F_T_NE": [0.7071,-0.7071,0,0,0.7071,0.7071,0,0,0,0,1,0,0,0,0.1034,1], "NE_T_EE": [1,0,0,0,0,1,0,0,0,0,1,0,0,0,0,1], "F_T_EE": [0.7071,-0.7071,0,0,0.7071,0.7071,0,0,0,0,1,0,0,0,0.1034,1], "EE_T_K": [1,0,0,0,0,1,0,0,0,0,1,0,0,0,0,1], "m_ee": 0.73, "F_x_Cee": [-0.01,0,0.03], "I_ee": [0.001,0,0,0,0.0025,0,0,0,0.0017], "m_load": 0, "F_x_Cload": [0,0,0], "I_load": [0,0,0,0,0,0,0,0,0], "m_total": 0.73, "F_x_Ctotal": [-0.01,0,0.03], "I_total": [0.001,0,0,0,0.0025,0,0,0,0.0017], "elbow": [0.24643,-1], "elbow_d": [0.246407,-1], "elbow_c": [0.246407,-1], "delbow_c": [0,0], "ddelbow_c": [0,0], "tau_J": [-0.149589,-51.7635,5.07051,19.2526,-0.134151,-2.7588,0.0313308], "tau_J_d": [0,0,0,0,0,0,0], "dtau_J": [31.6576,140.332,-9.42215,-134.599,-4.42877,6.7293,55.2202], "q": [2.06231,0.962508,0.24643,-1.29523,-2.8368,2.41183,0.338915], "dq": [-0.000375881,-0.000473867,-0.00183613,0.000768406,-5.92231e-05,-0.000356249,-0.00129809], "q_d": [2.06226,0.962326,0.246407,-1.29522,-2.83679,2.41166,0.338901], "dq_d": [0,0,0,0,0,0,0], "ddq_d": [0,0,0,0,0,0,0], "joint_contact": [0,0,0,0,0,0,0], "cartesian_contact": [0,0,0,0,0,0], "joint_collision": [0,0,0,0,0,0,0], "cartesian_collision": [0,0,0,0,0,0], "tau_ext_hat_filtered": [-0.0871821,-1.10692,-0.130606,-0.5981,0.0941952,-1.28479,0.0415347], "O_F_ext_hat_K": [6.47979,-10.0753,1.08633,4.36697,2.61409,-0.0976681], "K_F_ext_hat_K": [-0.977038,-1.6994,-11.8675,0.834881,-1.8083,0.0340399], "O_dP_EE_d": [0,0,0,0,0,0], "O_ddP_O": [0,0,-9.81], "O_T_EE_c": [0.0138663,-0.001516,-0.999893,0,-0.908837,-0.416957,-0.0119714,0,-0.416902,0.908923,-0.0071596,0,-0.519465,0.697383,0.19559,1], "O_dP_EE_c": [0,0,0,0,0,0], "O_ddP_EE_c": [0,0,0,0,0,0], "theta": [2.0623,0.958876,0.246786,-1.29388,-2.83681,2.41152,0.338919], "dtheta": [0,0,0,0,0,0,0], "current_errors": [], "last_motion_errors": ["joint_position_limits_violation"], "control_command_success_rate": 0, "robot_mode": "User stopped", "time": 3187186}