{"O_T_EE": [0.0310063,-0.0366144,-0.998839,0,-0.816738,-0.576977,-0.00420319,0,-0.576164,0.815935,-0.0477952,0,-0.633743,0.600728,0.19535,1], "O_T_EE_d": [0.0309589,-0.0365166,-0.998844,0,-0.816795,-0.576895,-0.00422573,0,-0.576085,0.815997,-0.0476875,0,-0.633696,0.600781,0.195422,1], "F_T_NE": [0.7071,-0.7071,0,0,0.7071,0.7071,0,0,0,0,1,0,0,0,0.1034,1], "NE_T_EE": [1,0,0,0,0,1,0,0,0,0,1,0,0,0,0,1], "F_T_EE": [0.7071,-0.7071,0,0,0.7071,0.7071,0,0,0,0,1,0,0,0,0.1034,1], "EE_T_K": [1,0,0,0,0,1,0,0,0,0,1,0,0,0,0,1], "m_ee": 0.73, "F_x_Cee": [-0.01,0,0.03], "I_ee": [0.001,0,0,0,0.0025,0,0,0,0.0017], "m_load": 0, "F_x_Cload": [0,0,0], "I_load": [0,0,0,0,0,0,0,0,0], "m_total": 0.73, "F_x_Ctotal": [-0.01,0,0.03], "I_total": [0.001,0,0,0,0.0025,0,0,0,0.0017], "elbow": [0.358034,-1], "elbow_d": [0.35801,-1], "elbow_c": [0.35801,-1], "delbow_c": [0,0], "ddelbow_c": [0,0], "tau_J": [-0.447135,-51.462,7.58181,18.1815,0.0388833,-2.16737,0.000202917], "tau_J_d": [0,0,0,0,0,0,0], "dtau_J": [14.1785,148.162,-86.5826,91.9435,-16.467,28.3188,90.9611], "q": [2.15378,0.992073,0.358034,-1.25924,-2.85645,2.4675,0.262031], "dq": [1.83728e-05,-0.00128349,0.000362924,-0.000363327,2.24399e-05,-0.000408587,-0.00242883], "q_d": [2.15372,0.991949,0.35801,-1.25932,-2.85643,2.46743,0.262034], "dq_d": [0,0,0,0,0,0,0], "ddq_d": [0,0,0,0,0,0,0], "joint_contact": [0,0,0,0,0,0,0], "cartesian_contact": [0,0,0,0,0,0], "joint_collision": [0,0,0,0,0,0,0], "cartesian_collision": [0,0,0,0,0,0], "tau_ext_hat_filtered": [-0.438328,-0.964297,-0.171001,-1.34726,0.128503,-0.854388,-0.0407255], "O_F_ext_hat_K": [11.214,-11.4966,1.948,4.66247,4.2499,-0.392898], "K_F_ext_hat_K": [-1.17712,-2.5338,-15.9347,0.949575,-1.48996,-0.00016163], "O_dP_EE_d": [0,0,0,0,0,0], "O_ddP_O": [0,0,-9.81], "O_T_EE_c": [0.0309589,-0.0365166,-0.998844,0,-0.816795,-0.576895,-0.00422573,0,-0.576085,0.815997,-0.0476875,0,-0.633696,0.600781,0.195422,1], "O_dP_EE_c": [0,0,0,0,0,0], "O_ddP_EE_c": [0,0,0,0,0,0], "theta": [2.15375,0.988462,0.358565,-1.25797,-2.85644,2.46725,0.262033], "dtheta": [0,0,0,0,0,0,0], "current_errors": [], "last_motion_errors": ["joint_position_limits_violation"], "control_command_success_rate": 0, "robot_mode": "User stopped", "time": 3238678}