{"O_T_EE": [0.0100305,0.0119415,-0.999869,0,-0.996604,0.081726,-0.00902174,0,0.0816092,0.996583,0.012721,0,-0.101216,0.85107,0.195938,1], "O_T_EE_d": [0.0101122,0.0120787,-0.999866,0,-0.996558,0.0822804,-0.0090848,0,0.0821613,0.996536,0.0128694,0,-0.100782,0.851118,0.195968,1], "F_T_NE": [0.7071,-0.7071,0,0,0.7071,0.7071,0,0,0,0,1,0,0,0,0.1034,1], "NE_T_EE": [1,0,0,0,0,1,0,0,0,0,1,0,0,0,0,1], "F_T_EE": [0.7071,-0.7071,0,0,0.7071,0.7071,0,0,0,0,1,0,0,0,0.1034,1], "EE_T_K": [1,0,0,0,0,1,0,0,0,0,1,0,0,0,0,1], "m_ee": 0.73, "F_x_Cee": [-0.01,0,0.03], "I_ee": [0.001,0,0,0,0.0025,0,0,0,0.0017], "m_load": 0, "F_x_Cload": [0,0,0], "I_load": [0,0,0,0,0,0,0,0,0], "m_total": 0.73, "F_x_Ctotal": [-0.01,0,0.03], "I_total": [0.001,0,0,0,0.0025,0,0,0,0.0017], "elbow": [0.235092,-1], "elbow_d": [0.234953,-1], "elbow_c": [0.234953,-1], "delbow_c": [0,0], "ddelbow_c": [0,0], "tau_J": [-1.5302,-50.1449,3.86843,18.9075,0.10297,-2.80916,0.112813], "tau_J_d": [0,0,0,0,0,0,0], "dtau_J": [-48.8711,-18.573,24.172,-47.2626,-19.7031,3.01664,83.1871], "q": [1.54222,0.91782,0.235092,-1.38252,-2.86847,2.35691,0.388559], "dq": [-0.00190464,0.000125694,-0.00131445,0.00482509,0.00027073,0.0001285,-0.00154393], "q_d": [1.54183,0.917754,0.234953,-1.38261,-2.86843,2.35673,0.38859], "dq_d": [0,0,0,0,0,0,0], "ddq_d": [0,0,0,0,0,0,0], "joint_contact": [0,0,0,0,0,0,0], "cartesian_contact": [0,0,0,0,0,0], "joint_collision": [0,0,0,0,0,0,0], "cartesian_collision": [0,0,0,0,0,0], "tau_ext_hat_filtered": [-1.39228,-0.289094,-1.10378,-0.758264,0.407933,-1.23874,0.0655149], "O_F_ext_hat_K": [1.68885,-9.39065,-0.0614651,3.40732,0.260188,-1.40551], "K_F_ext_hat_K": [-0.0337423,-2.45006,-9.22152,0.93401,-1.61119,0.0562129], "O_dP_EE_d": [0,0,0,0,0,0], "O_ddP_O": [0,0,-9.81], "O_T_EE_c": [0.0101122,0.0120787,-0.999866,0,-0.996558,0.0822804,-0.0090848,0,0.0821613,0.996536,0.0128694,0,-0.100782,0.851118,0.195968,1], "O_dP_EE_c": [0,0,0,0,0,0], "O_ddP_EE_c": [0,0,0,0,0,0], "theta": [1.54211,0.914301,0.235364,-1.3812,-2.86846,2.3566,0.388572], "dtheta": [0,0,0,0,0,0,0], "current_errors": [], "last_motion_errors": [], "control_command_success_rate": 0, "robot_mode": "User stopped", "time": 4318594}