{"O_T_EE": [0.00708107,0.0267926,-0.999606,0,-0.989447,0.144798,-0.00312806,0,0.14466,0.989098,0.0275357,0,-0.051035,0.853524,0.19619,1], "O_T_EE_d": [0.00720024,0.0268749,-0.999603,0,-0.989374,0.145291,-0.00322032,0,0.14515,0.989024,0.027636,0,-0.0506361,0.853532,0.196213,1], "F_T_NE": [0.7071,-0.7071,0,0,0.7071,0.7071,0,0,0,0,1,0,0,0,0.1034,1], "NE_T_EE": [1,0,0,0,0,1,0,0,0,0,1,0,0,0,0,1], "F_T_EE": [0.7071,-0.7071,0,0,0.7071,0.7071,0,0,0,0,1,0,0,0,0.1034,1], "EE_T_K": [1,0,0,0,0,1,0,0,0,0,1,0,0,0,0,1], "m_ee": 0.73, "F_x_Cee": [-0.01,0,0.03], "I_ee": [0.001,0,0,0,0.0025,0,0,0,0.0017], "m_load": 0, "F_x_Cload": [0,0,0], "I_load": [0,0,0,0,0,0,0,0,0], "m_total": 0.73, "F_x_Ctotal": [-0.01,0,0.03], "I_total": [0.001,0,0,0,0.0025,0,0,0,0.0017], "elbow": [0.23027,-1], "elbow_d": [0.230136,-1], "elbow_c": [0.230136,-1], "delbow_c": [0,0], "ddelbow_c": [0,0], "tau_J": [-1.79205,-50.1806,3.64626,18.4869,0.0480385,-2.74873,-0.0300095], "tau_J_d": [0,0,0,0,0,0,0], "dtau_J": [-112.595,124.911,53.122,86.4584,21.5676,-9.07427,-65.5493], "q": [1.48815,0.912376,0.23027,-1.39947,-2.8692,2.32964,0.401599], "dq": [0.000352956,-0.000893178,-0.00147139,-0.00098662,-0.000343614,0.000178313,0.00217722], "q_d": [1.48779,0.912283,0.230136,-1.3996,-2.86916,2.32949,0.401605], "dq_d": [0,0,0,0,0,0,0], "ddq_d": [0,0,0,0,0,0,0], "joint_contact": [0,0,0,0,0,0,0], "cartesian_contact": [0,0,0,0,0,0], "joint_collision": [0,0,0,0,0,0,0], "cartesian_collision": [0,0,0,0,0,0], "tau_ext_hat_filtered": [-1.76117,-0.623512,-1.28766,-1.05528,0.373854,-1.15702,0.0164008], "O_F_ext_hat_K": [1.90048,-12.0692,0.904728,4.61988,0.257123,-1.73763], "K_F_ext_hat_K": [-1.2143,-3.63091,-11.6377,0.737301,-1.48542,0.0337877], "O_dP_EE_d": [0,0,0,0,0,0], "O_ddP_O": [0,0,-9.81], "O_T_EE_c": [0.00720024,0.0268749,-0.999603,0,-0.989374,0.145291,-0.00322032,0,0.14515,0.989024,0.027636,0,-0.0506361,0.853532,0.196213,1], "O_dP_EE_c": [0,0,0,0,0,0], "O_ddP_EE_c": [0,0,0,0,0,0], "theta": [1.48803,0.908855,0.230525,-1.39817,-2.86919,2.32933,0.401596], "dtheta": [0,0,0,0,0,0,0], "current_errors": [], "last_motion_errors": [], "control_command_success_rate": 0, "robot_mode": "User stopped", "time": 4362985}