{"O_T_EE": [0.0158047,0.0103773,-0.999812,0,-0.999141,0.0382352,-0.0153973,0,0.038069,0.999215,0.0109729,0,-0.151019,0.845358,0.195871,1], "O_T_EE_d": [0.0159162,0.0105656,-0.999808,0,-0.99912,0.038731,-0.015496,0,0.0385605,0.999194,0.0111729,0,-0.150646,0.845425,0.19592,1], "F_T_NE": [0.7071,-0.7071,0,0,0.7071,0.7071,0,0,0,0,1,0,0,0,0.1034,1], "NE_T_EE": [1,0,0,0,0,1,0,0,0,0,1,0,0,0,0,1], "F_T_EE": [0.7071,-0.7071,0,0,0.7071,0.7071,0,0,0,0,1,0,0,0,0.1034,1], "EE_T_K": [1,0,0,0,0,1,0,0,0,0,1,0,0,0,0,1], "m_ee": 0.73, "F_x_Cee": [-0.01,0,0.03], "I_ee": [0.001,0,0,0,0.0025,0,0,0,0.0017], "m_load": 0, "F_x_Cload": [0,0,0], "I_load": [0,0,0,0,0,0,0,0,0], "m_total": 0.73, "F_x_Ctotal": [-0.01,0,0.03], "I_total": [0.001,0,0,0,0.0025,0,0,0,0.0017], "elbow": [0.299432,-1], "elbow_d": [0.299284,-1], "elbow_c": [0.299284,-1], "delbow_c": [0,0], "ddelbow_c": [0,0], "tau_J": [-1.19299,-49.7283,5.25698,18.602,-0.198238,-2.72859,0.0111892], "tau_J_d": [0,0,0,0,0,0,0], "dtau_J": [29.0056,-33.4298,34.774,12.2503,-25.3764,20.5851,-25.4071], "q": [1.55607,0.933926,0.299432,-1.37499,-2.86501,2.34589,0.32743], "dq": [0.000881762,-0.000398857,-0.000181496,0.000248791,0.000161244,-0.00232234,-0.000302258], "q_d": [1.55575,0.93384,0.299284,-1.37507,-2.86498,2.34568,0.327446], "dq_d": [0,0,0,0,0,0,0], "ddq_d": [0,0,0,0,0,0,0], "joint_contact": [0,0,0,0,0,0,0], "cartesian_contact": [0,0,0,0,0,0], "joint_collision": [0,0,0,0,0,0,0], "cartesian_collision": [0,0,0,0,0,0], "tau_ext_hat_filtered": [-1.1374,-0.113651,-1.17331,-0.812153,0.0803433,-1.21875,0.0419125], "O_F_ext_hat_K": [2.37691,-9.15239,-0.521206,3.14185,0.320677,-1.19952], "K_F_ext_hat_K": [0.463706,-2.71683,-9.06044,0.599844,-1.78201,-0.00427137], "O_dP_EE_d": [0,0,0,0,0,0], "O_ddP_O": [0,0,-9.81], "O_T_EE_c": [0.0159162,0.0105656,-0.999808,0,-0.99912,0.038731,-0.015496,0,0.0385605,0.999194,0.0111729,0,-0.150646,0.845425,0.19592,1], "O_dP_EE_c": [0,0,0,0,0,0], "O_ddP_EE_c": [0,0,0,0,0,0], "theta": [1.55599,0.930436,0.299801,-1.37369,-2.86503,2.34559,0.327433], "dtheta": [0,0,0,0,0,0,0], "current_errors": [], "last_motion_errors": [], "control_command_success_rate": 0, "robot_mode": "User stopped", "time": 4124863}