{"O_T_EE": [-0.017896,-0.013257,-0.999742,0,-0.881684,0.471723,0.00952744,0,0.471484,0.881645,-0.0201309,0,0.246335,0.810917,0.197088,1], "O_T_EE_d": [-0.0177999,-0.0130657,-0.999747,0,-0.881679,0.471733,0.00953264,0,0.471498,0.881642,-0.0199169,0,0.24632,0.810939,0.197204,1], "F_T_NE": [0.7071,-0.7071,0,0,0.7071,0.7071,0,0,0,0,1,0,0,0,0.1034,1], "NE_T_EE": [1,0,0,0,0,1,0,0,0,0,1,0,0,0,0,1], "F_T_EE": [0.7071,-0.7071,0,0,0.7071,0.7071,0,0,0,0,1,0,0,0,0.1034,1], "EE_T_K": [1,0,0,0,0,1,0,0,0,0,1,0,0,0,0,1], "m_ee": 0.73, "F_x_Cee": [-0.01,0,0.03], "I_ee": [0.001,0,0,0,0.0025,0,0,0,0.0017], "m_load": 0, "F_x_Cload": [0,0,0], "I_load": [0,0,0,0,0,0,0,0,0], "m_total": 0.73, "F_x_Ctotal": [-0.01,0,0.03], "I_total": [0.001,0,0,0,0.0025,0,0,0,0.0017], "elbow": [0.307968,-1], "elbow_d": [0.308008,-1], "elbow_c": [0.308008,-1], "delbow_c": [0,0], "ddelbow_c": [0,0], "tau_J": [0.263009,-49.0142,6.57015,18.4869,-0.198238,-2.64894,0.0111892], "tau_J_d": [0,0,0,0,0,0,0], "dtau_J": [26.1606,-52.1571,20.9952,-16.4809,-11.0404,0.660834,-32.2946], "q": [1.06621,0.891157,0.307968,-1.43347,-2.87706,2.36982,0.364823], "dq": [-3.20752e-05,0.00121296,-0.000273591,-0.00109408,3.90466e-05,7.46151e-05,0.00119909], "q_d": [1.06622,0.891028,0.308008,-1.43351,-2.87706,2.36969,0.364806], "dq_d": [0,0,0,0,0,0,0], "ddq_d": [0,0,0,0,0,0,0], "joint_contact": [0,0,0,0,0,0,0], "cartesian_contact": [0,0,0,0,0,0], "joint_collision": [0,0,0,0,0,0,0], "cartesian_collision": [0,0,0,0,0,0], "tau_ext_hat_filtered": [0.25643,-0.246266,0.00267961,-0.76493,0.0557214,-1.1924,0.0512146], "O_F_ext_hat_K": [-3.56452,-7.52904,-0.607724,2.65215,-1.42403,0.229202], "K_F_ext_hat_K": [0.771185,-0.414639,-8.30631,0.788261,-1.88327,0.0313169], "O_dP_EE_d": [0,0,0,0,0,0], "O_ddP_O": [0,0,-9.81], "O_T_EE_c": [-0.0177999,-0.0130657,-0.999747,0,-0.881679,0.471733,0.00953264,0,0.471498,0.881642,-0.0199169,0,0.24632,0.810939,0.197204,1], "O_dP_EE_c": [0,0,0,0,0,0], "O_ddP_EE_c": [0,0,0,0,0,0], "theta": [1.06623,0.887718,0.308429,-1.43217,-2.87708,2.36953,0.364824], "dtheta": [0,0,0,0,0,0,0], "current_errors": [], "last_motion_errors": ["joint_position_limits_violation"], "control_command_success_rate": 0, "robot_mode": "User stopped", "time": 4178023}