{"O_T_EE": [0.0130937,-0.013873,-0.999808,0,-0.971779,0.235308,-0.0159916,0,0.235489,0.971821,-0.0104007,0,0.0463839,0.853791,0.209884,1], "O_T_EE_d": [0.0130991,-0.0137524,-0.99981,0,-0.971748,0.235439,-0.0159699,0,0.235618,0.971791,-0.0102801,0,0.0464792,0.853784,0.209949,1], "F_T_NE": [0.7071,-0.7071,0,0,0.7071,0.7071,0,0,0,0,1,0,0,0,0.1034,1], "NE_T_EE": [1,0,0,0,0,1,0,0,0,0,1,0,0,0,0,1], "F_T_EE": [0.7071,-0.7071,0,0,0.7071,0.7071,0,0,0,0,1,0,0,0,0.1034,1], "EE_T_K": [1,0,0,0,0,1,0,0,0,0,1,0,0,0,0,1], "m_ee": 0.73, "F_x_Cee": [-0.01,0,0.03], "I_ee": [0.001,0,0,0,0.0025,0,0,0,0.0017], "m_load": 0, "F_x_Cload": [0,0,0], "I_load": [0,0,0,0,0,0,0,0,0], "m_total": 0.73, "F_x_Ctotal": [-0.01,0,0.03], "I_total": [0.001,0,0,0,0.0025,0,0,0,0.0017], "elbow": [2.82541,-1], "elbow_d": [2.82536,-1], "elbow_c": [2.82536,-1], "delbow_c": [0,0], "ddelbow_c": [0,0], "tau_J": [-0.149589,49.6125,-7.22807,18.2965,-0.289791,-2.58852,0.0313308], "tau_J_d": [0,0,0,0,0,0,0], "dtau_J": [1.76268,35.8644,63.6326,156.264,15.9802,13.412,-59.8484], "q": [-1.36328,-0.90266,2.82541,-1.35967,-2.73791,2.50682,0.69443], "dq": [-0.000401214,1.90084e-05,-0.000872539,-0.00493347,-0.000374614,4.3393e-05,0.000322631], "q_d": [-1.36334,-0.902557,2.82536,-1.35976,-2.73789,2.50672,0.694446], "dq_d": [0,0,0,0,0,0,0], "ddq_d": [0,0,0,0,0,0,0], "joint_contact": [0,0,0,0,0,0,0], "cartesian_contact": [0,0,0,0,0,0], "joint_collision": [0,0,0,0,0,0,0], "cartesian_collision": [0,0,0,0,0,0], "tau_ext_hat_filtered": [-0.140994,0.462265,-0.298933,-1.22234,0.245634,-0.976051,0.0775876], "O_F_ext_hat_K": [-0.814133,-11.6878,0.0402375,4.41095,-0.531508,-0.104911], "K_F_ext_hat_K": [0.111258,-1.95976,-11.5506,0.287968,-1.9496,0.106988], "O_dP_EE_d": [0,0,0,0,0,0], "O_ddP_O": [0,0,-9.81], "O_T_EE_c": [0.0130991,-0.0137524,-0.99981,0,-0.971748,0.235439,-0.0159699,0,0.235618,0.971791,-0.0102801,0,0.0464792,0.853784,0.209949,1], "O_dP_EE_c": [0,0,0,0,0,0], "O_ddP_EE_c": [0,0,0,0,0,0], "theta": [-1.36329,-0.899178,2.8249,-1.35838,-2.73794,2.50653,0.694433], "dtheta": [0,0,0,0,0,0,0], "current_errors": [], "last_motion_errors": ["joint_position_limits_violation"], "control_command_success_rate": 0, "robot_mode": "User stopped", "time": 4028003}