{"O_T_EE": [0.0161691,-0.026247,-0.999515,0,-0.713255,0.700252,-0.0299267,0,0.700711,0.713407,-0.0073985,0,0.465397,0.699882,0.197654,1], "O_T_EE_d": [0.0162412,-0.0261487,-0.999516,0,-0.713194,0.700315,-0.0299099,0,0.700772,0.713348,-0.00727525,0,0.465465,0.699843,0.197727,1], "F_T_NE": [0.7071,-0.7071,0,0,0.7071,0.7071,0,0,0,0,1,0,0,0,0.1034,1], "NE_T_EE": [1,0,0,0,0,1,0,0,0,0,1,0,0,0,0,1], "F_T_EE": [0.7071,-0.7071,0,0,0.7071,0.7071,0,0,0,0,1,0,0,0,0.1034,1], "EE_T_K": [1,0,0,0,0,1,0,0,0,0,1,0,0,0,0,1], "m_ee": 0.73, "F_x_Cee": [-0.01,0,0.03], "I_ee": [0.001,0,0,0,0.0025,0,0,0,0.0017], "m_load": 0, "F_x_Cload": [0,0,0], "I_load": [0,0,0,0,0,0,0,0,0], "m_total": 0.73, "F_x_Ctotal": [-0.01,0,0.03], "I_total": [0.001,0,0,0,0.0025,0,0,0,0.0017], "elbow": [-0.966807,-1], "elbow_d": [-0.96688,-1], "elbow_c": [-0.96688,-1], "delbow_c": [0,0], "ddelbow_c": [0,0], "tau_J": [-0.221,-43.5076,-21.3278,10.9729,-0.555294,-2.39809,0.153096], "tau_J_d": [0,0,0,0,0,0,0], "dtau_J": [79.3681,-61.7755,-61.2249,-108.851,19.7185,-0.415651,-11.5329], "q": [1.69901,1.18123,-0.966807,-1.37246,-2.59067,2.64871,1.16661], "dq": [-0.00069779,0.000586101,0.00112985,0.00158108,-0.000275869,-0.000264407,0.00070107], "q_d": [1.69897,1.18116,-0.96688,-1.37251,-2.59067,2.64864,1.16663], "dq_d": [0,0,0,0,0,0,0], "ddq_d": [0,0,0,0,0,0,0], "joint_contact": [0,0,0,0,0,0,0], "cartesian_contact": [0,0,0,0,0,0], "joint_collision": [0,0,0,0,0,0,0], "cartesian_collision": [0,0,0,0,0,0], "tau_ext_hat_filtered": [-0.264758,0.445803,0.0817604,-1.21859,0.576301,-0.921154,0.155864], "O_F_ext_hat_K": [-3.67725,-6.19763,-1.98357,1.55656,-1.18171,-0.22843], "K_F_ext_hat_K": [2.08586,-1.65775,-6.98344,-0.0182852,-2.19419,0.221401], "O_dP_EE_d": [0,0,0,0,0,0], "O_ddP_O": [0,0,-9.81], "O_T_EE_c": [0.0162412,-0.0261487,-0.999516,0,-0.713194,0.700315,-0.0299099,0,0.700772,0.713348,-0.00727525,0,0.465465,0.699843,0.197727,1], "O_dP_EE_c": [0,0,0,0,0,0], "O_ddP_EE_c": [0,0,0,0,0,0], "theta": [1.699,1.17818,-0.968303,-1.37169,-2.59073,2.64844,1.16663], "dtheta": [0,0,0,0,0,0,0], "current_errors": [], "last_motion_errors": [], "control_command_success_rate": 0, "robot_mode": "User stopped", "time": 9061602}