{"O_T_EE": [-0.0198283,-0.00621512,-0.999774,0,-0.623859,0.781488,0.00751473,0,0.78128,0.62388,-0.0193733,0,0.547007,0.634709,0.196994,1], "O_T_EE_d": [-0.0196191,-0.00608828,-0.999779,0,-0.62382,0.78152,0.00748234,0,0.781317,0.623841,-0.0191311,0,0.547016,0.634723,0.197078,1], "F_T_NE": [0.7071,-0.7071,0,0,0.7071,0.7071,0,0,0,0,1,0,0,0,0.1034,1], "NE_T_EE": [1,0,0,0,0,1,0,0,0,0,1,0,0,0,0,1], "F_T_EE": [0.7071,-0.7071,0,0,0.7071,0.7071,0,0,0,0,1,0,0,0,0.1034,1], "EE_T_K": [1,0,0,0,0,1,0,0,0,0,1,0,0,0,0,1], "m_ee": 0.73, "F_x_Cee": [-0.01,0,0.03], "I_ee": [0.001,0,0,0,0.0025,0,0,0,0.0017], "m_load": 0, "F_x_Cload": [0,0,0], "I_load": [0,0,0,0,0,0,0,0,0], "m_total": 0.73, "F_x_Ctotal": [-0.01,0,0.03], "I_total": [0.001,0,0,0,0.0025,0,0,0,0.0017], "elbow": [0.227302,-1], "elbow_d": [0.22724,-1], "elbow_c": [0.22724,-1], "delbow_c": [0,0], "ddelbow_c": [0,0], "tau_J": [-0.221,-48.4469,4.3207,18.7567,-0.198238,-2.79909,0.0111892], "tau_J_d": [0,0,0,0,0,0,0], "dtau_J": [156.651,32.6084,54.1131,94.4379,3.27774,-45.254,47.6295], "q": [0.706951,0.848205,0.227302,-1.48493,-2.87607,2.36219,0.432648], "dq": [-0.00198419,-2.53687e-05,-0.000509148,0.000141035,-8.47626e-05,0.000902487,-0.00239282], "q_d": [0.707025,0.848123,0.22724,-1.48496,-2.87605,2.36198,0.43265], "dq_d": [0,0,0,0,0,0,0], "ddq_d": [0,0,0,0,0,0,0], "joint_contact": [0,0,0,0,0,0,0], "cartesian_contact": [0,0,0,0,0,0], "joint_collision": [0,0,0,0,0,0,0], "cartesian_collision": [0,0,0,0,0,0], "tau_ext_hat_filtered": [-0.217167,-0.105192,-0.332704,-0.587567,0.106978,-1.27011,-0.0122562], "O_F_ext_hat_K": [-4.91268,-4.68819,-1.05297,1.4258,-1.89318,-0.210409], "K_F_ext_hat_K": [1.1793,-0.606868,-6.74265,0.750002,-1.9094,-0.0073315], "O_dP_EE_d": [0,0,0,0,0,0], "O_ddP_O": [0,0,-9.81], "O_T_EE_c": [-0.0196191,-0.00608828,-0.999779,0,-0.62382,0.78152,0.00748234,0,0.781317,0.623841,-0.0191311,0,0.547016,0.634723,0.197078,1], "O_dP_EE_c": [0,0,0,0,0,0], "O_ddP_EE_c": [0,0,0,0,0,0], "theta": [0.706935,0.844805,0.227604,-1.48361,-2.87609,2.36188,0.43265], "dtheta": [0,0,0,0,0,0,0], "current_errors": [], "last_motion_errors": ["joint_position_limits_violation"], "control_command_success_rate": 0, "robot_mode": "User stopped", "time": 4518570}