{"O_T_EE": [-0.0154477,-0.0369654,-0.999188,0,-0.588134,0.808483,-0.0208176,0,0.808612,0.587346,-0.0342305,0,0.57109,0.61286,0.198015,1], "O_T_EE_d": [-0.0154326,-0.0369433,-0.999189,0,-0.588028,0.808561,-0.0208129,0,0.808689,0.587241,-0.0342025,0,0.571178,0.61277,0.198006,1], "F_T_NE": [0.7071,-0.7071,0,0,0.7071,0.7071,0,0,0,0,1,0,0,0,0.1034,1], "NE_T_EE": [1,0,0,0,0,1,0,0,0,0,1,0,0,0,0,1], "F_T_EE": [0.7071,-0.7071,0,0,0.7071,0.7071,0,0,0,0,1,0,0,0,0.1034,1], "EE_T_K": [1,0,0,0,0,1,0,0,0,0,1,0,0,0,0,1], "m_ee": 0.73, "F_x_Cee": [-0.01,0,0.03], "I_ee": [0.001,0,0,0,0.0025,0,0,0,0.0017], "m_load": 0, "F_x_Cload": [0,0,0], "I_load": [0,0,0,0,0,0,0,0,0], "m_total": 0.73, "F_x_Ctotal": [-0.01,0,0.03], "I_total": [0.001,0,0,0,0.0025,0,0,0,0.0017], "elbow": [-1.16645,-1], "elbow_d": [-1.16645,-1], "elbow_c": [-1.16645,-1], "delbow_c": [0,0], "ddelbow_c": [0,0], "tau_J": [-0.41143,-42.2659,-24.2914,6.95007,-1.00299,-2.14815,0.143025], "tau_J_d": [0,0,0,0,0,0,0], "dtau_J": [36.0474,-38.153,-64.2437,94.1292,-7.48079,-40.421,87.2459], "q": [1.62843,1.343,-1.16645,-1.33678,-2.59677,2.77001,1.41607], "dq": [-0.000544029,0.00019054,-0.00551544,0.000271354,0.000560069,0.00133175,-0.00126224], "q_d": [1.62831,1.34301,-1.16645,-1.33683,-2.59677,2.76994,1.4161], "dq_d": [0,0,0,0,0,0,0], "ddq_d": [0,0,0,0,0,0,0], "joint_contact": [0,0,0,0,0,0,0], "cartesian_contact": [0,0,0,0,0,0], "joint_collision": [0,0,0,0,0,0,0], "cartesian_collision": [0,0,0,0,0,0], "tau_ext_hat_filtered": [-0.501058,0.447428,0.443976,-0.970269,0.54211,-0.912242,0.113233], "O_F_ext_hat_K": [-2.42294,-4.52367,-2.36055,0.868936,-0.46735,-0.43593], "K_F_ext_hat_K": [2.56333,-2.1832,-4.53537,-0.634619,-1.92879,0.340949], "O_dP_EE_d": [0,0,0,0,0,0], "O_ddP_O": [0,0,-9.81], "O_T_EE_c": [-0.0154326,-0.0369433,-0.999189,0,-0.588028,0.808561,-0.0208129,0,0.808689,0.587241,-0.0342025,0,0.571178,0.61277,0.198006,1], "O_dP_EE_c": [0,0,0,0,0,0], "O_ddP_EE_c": [0,0,0,0,0,0], "theta": [1.6284,1.34003,-1.16815,-1.33629,-2.59688,2.76978,1.41609], "dtheta": [0,0,-0.0248353,0,0,0,0], "current_errors": [], "last_motion_errors": [], "control_command_success_rate": 0, "robot_mode": "User stopped", "time": 9219668}