{"O_T_EE": [-0.0279467,0.00282943,-0.999596,0,0.0317722,0.999484,0.00194083,0,0.999104,-0.0317057,-0.0280227,0,0.821596,0.130515,0.195617,1], "O_T_EE_d": [-0.0278849,0.00282753,-0.999598,0,0.0318215,0.999482,0.00193951,0,0.999104,-0.0317552,-0.027961,0,0.821579,0.130488,0.195663,1], "F_T_NE": [0.7071,-0.7071,0,0,0.7071,0.7071,0,0,0,0,1,0,0,0,0.1034,1], "NE_T_EE": [1,0,0,0,0,1,0,0,0,0,1,0,0,0,0,1], "F_T_EE": [0.7071,-0.7071,0,0,0.7071,0.7071,0,0,0,0,1,0,0,0,0.1034,1], "EE_T_K": [1,0,0,0,0,1,0,0,0,0,1,0,0,0,0,1], "m_ee": 0.73, "F_x_Cee": [-0.01,0,0.03], "I_ee": [0.001,0,0,0,0.0025,0,0,0,0.0017], "m_load": 0, "F_x_Cload": [0,0,0], "I_load": [0,0,0,0,0,0,0,0,0], "m_total": 0.73, "F_x_Ctotal": [-0.01,0,0.03], "I_total": [0.001,0,0,0,0.0025,0,0,0,0.0017], "elbow": [-1.05315,-1], "elbow_d": [-1.05322,-1], "elbow_c": [-1.05322,-1], "delbow_c": [0,0], "ddelbow_c": [0,0], "tau_J": [0.0368734,-42.98,-22.8671,9.86205,-0.637691,-2.33766,0.132954], "tau_J_d": [0,0,0,0,0,0,0], "dtau_J": [-65.2895,-130.462,98.9645,47.191,-27.702,-14.5251,-65.9393], "q": [0.936863,1.23355,-1.05315,-1.39847,-2.60905,2.68943,1.31152], "dq": [-0.000510456,0.000762686,6.34918e-06,0.00271996,0.000333358,-1.623e-06,0.000831548], "q_d": [0.936944,1.23347,-1.05322,-1.39863,-2.60904,2.68938,1.31153], "dq_d": [0,0,0,0,0,0,0], "ddq_d": [0,0,0,0,0,0,0], "joint_contact": [0,0,0,0,0,0,0], "cartesian_contact": [0,0,0,0,0,0], "joint_collision": [0,0,0,0,0,0,0], "cartesian_collision": [0,0,0,0,0,0], "tau_ext_hat_filtered": [-0.0115386,-0.282215,0.29144,-0.65838,0.665272,-0.970191,0.163078], "O_F_ext_hat_K": [-5.62786,-1.10133,-1.29195,0.43118,-1.9029,0.105863], "K_F_ext_hat_K": [1.44562,-1.28211,-5.55169,-0.292116,-1.8498,0.435358], "O_dP_EE_d": [0,0,0,0,0,0], "O_ddP_O": [0,0,-9.81], "O_T_EE_c": [-0.0278849,0.00282753,-0.999598,0,0.0318215,0.999482,0.00193951,0,0.999104,-0.0317552,-0.027961,0,0.821579,0.130488,0.195663,1], "O_dP_EE_c": [0,0,0,0,0,0], "O_ddP_EE_c": [0,0,0,0,0,0], "theta": [0.936866,1.23054,-1.05476,-1.39778,-2.60912,2.68917,1.31154], "dtheta": [0,0,0,0,0,0,0], "current_errors": [], "last_motion_errors": [], "control_command_success_rate": 0, "robot_mode": "User stopped", "time": 1354824}