{"O_T_EE": [-0.0233358,0.00200202,-0.999716,0,0.465111,0.885195,-0.00908411,0,0.884943,-0.4652,-0.0215883,0,0.788745,-0.265769,0.193675,1], "O_T_EE_d": [-0.0232266,0.00188044,-0.999719,0,0.465231,0.885131,-0.00914387,0,0.884882,-0.465321,-0.0214339,0,0.788691,-0.265838,0.19379,1], "F_T_NE": [0.7071,-0.7071,0,0,0.7071,0.7071,0,0,0,0,1,0,0,0,0.1034,1], "NE_T_EE": [1,0,0,0,0,1,0,0,0,0,1,0,0,0,0,1], "F_T_EE": [0.7071,-0.7071,0,0,0.7071,0.7071,0,0,0,0,1,0,0,0,0.1034,1], "EE_T_K": [1,0,0,0,0,1,0,0,0,0,1,0,0,0,0,1], "m_ee": 0.73, "F_x_Cee": [-0.01,0,0.03], "I_ee": [0.001,0,0,0,0.0025,0,0,0,0.0017], "m_load": 0, "F_x_Cload": [0,0,0], "I_load": [0,0,0,0,0,0,0,0,0], "m_total": 0.73, "F_x_Ctotal": [-0.01,0,0.03], "I_total": [0.001,0,0,0,0.0025,0,0,0,0.0017], "elbow": [-1.39255,-1], "elbow_d": [-1.3927,-1], "elbow_c": [-1.3927,-1], "delbow_c": [0,0], "ddelbow_c": [0,0], "tau_J": [-0.447135,-41.2106,-27.0645,-0.333868,-1.43328,-1.50636,0.071614], "tau_J_d": [0,0,0,0,0,0,0], "dtau_J": [-36.0755,-113.535,-74.7839,60.3185,-4.68209,33.1292,-45.3851], "q": [0.570352,1.59841,-1.39255,-1.33592,-2.66164,2.81914,1.82383], "dq": [-6.13588e-05,0.000427316,-0.00115244,-0.000468791,-0.000562174,-5.32059e-05,0.00170741], "q_d": [0.570437,1.59838,-1.3927,-1.33618,-2.66164,2.8191,1.82386], "dq_d": [0,0,0,0,0,0,0], "ddq_d": [0,0,0,0,0,0,0], "joint_contact": [0,0,0,0,0,0,0], "cartesian_contact": [0,0,0,0,0,0], "joint_collision": [0,0,0,0,0,0,0], "cartesian_collision": [0,0,0,0,0,0], "tau_ext_hat_filtered": [-0.484413,-0.168969,0.180988,-1.33655,0.405901,-0.736903,0.0972426], "O_F_ext_hat_K": [-8.36925,0.0336747,0.0661453,-0.066911,-2.75206,-0.454342], "K_F_ext_hat_K": [0.129246,-3.86349,-7.4234,-1.7441,-0.990896,0.426415], "O_dP_EE_d": [0,0,0,0,0,0], "O_ddP_O": [0,0,-9.81], "O_T_EE_c": [-0.0232266,0.00188044,-0.999719,0,0.465231,0.885131,-0.00914387,0,0.884882,-0.465321,-0.0214339,0,0.788691,-0.265838,0.19379,1], "O_dP_EE_c": [0,0,0,0,0,0], "O_ddP_EE_c": [0,0,0,0,0,0], "theta": [0.570321,1.59552,-1.39445,-1.33594,-2.6618,2.81898,1.82384], "dtheta": [0,0,0,0,0,0,0], "current_errors": [], "last_motion_errors": [], "control_command_success_rate": 0, "robot_mode": "User stopped", "time": 9939320}