{"O_T_EE": [-0.0344181,0.00410213,-0.999389,0,0.377686,0.925878,-0.00920677,0,0.925293,-0.377779,-0.0334169,0,0.815406,-0.168823,0.194581,1], "O_T_EE_d": [-0.0342372,0.00407148,-0.999396,0,0.377776,0.925841,-0.00917002,0,0.925262,-0.377869,-0.033237,0,0.815382,-0.168937,0.194673,1], "F_T_NE": [0.7071,-0.7071,0,0,0.7071,0.7071,0,0,0,0,1,0,0,0,0.1034,1], "NE_T_EE": [1,0,0,0,0,1,0,0,0,0,1,0,0,0,0,1], "F_T_EE": [0.7071,-0.7071,0,0,0.7071,0.7071,0,0,0,0,1,0,0,0,0.1034,1], "EE_T_K": [1,0,0,0,0,1,0,0,0,0,1,0,0,0,0,1], "m_ee": 0.73, "F_x_Cee": [-0.01,0,0.03], "I_ee": [0.001,0,0,0,0.0025,0,0,0,0.0017], "m_load": 0, "F_x_Cload": [0,0,0], "I_load": [0,0,0,0,0,0,0,0,0], "m_total": 0.73, "F_x_Ctotal": [-0.01,0,0.03], "I_total": [0.001,0,0,0,0.0025,0,0,0,0.0017], "elbow": [-1.26109,-1], "elbow_d": [-1.26117,-1], "elbow_c": [-1.26117,-1], "delbow_c": [0,0], "ddelbow_c": [0,0], "tau_J": [0.112252,-42.2659,-26.1282,4.57366,-1.16778,-2.2278,0.0615432], "tau_J_d": [0,0,0,0,0,0,0], "dtau_J": [-109.803,-39.0564,88.9659,13.5026,-16.9619,-18.6101,-74.2363], "q": [0.653597,1.44193,-1.26109,-1.34795,-2.62142,2.79352,1.58651], "dq": [0.00143048,0.00154986,-0.00118809,-0.000481978,0.000375299,-5.77885e-05,0.000375344], "q_d": [0.653547,1.44186,-1.26117,-1.34811,-2.62141,2.79336,1.58655], "dq_d": [0,0,0,0,0,0,0], "ddq_d": [0,0,0,0,0,0,0], "joint_contact": [0,0,0,0,0,0,0], "cartesian_contact": [0,0,0,0,0,0], "joint_collision": [0,0,0,0,0,0,0], "cartesian_collision": [0,0,0,0,0,0], "tau_ext_hat_filtered": [0.236017,-0.428932,0.0878056,-0.564899,0.539026,-1.16992,0.0956054], "O_F_ext_hat_K": [-6.89068,0.214361,-0.657364,-0.114639,-2.54903,0.304963], "K_F_ext_hat_K": [0.895023,-2.39803,-6.43491,-1.29356,-1.69639,0.445551], "O_dP_EE_d": [0,0,0,0,0,0], "O_ddP_O": [0,0,-9.81], "O_T_EE_c": [-0.0342372,0.00407148,-0.999396,0,0.377776,0.925841,-0.00917002,0,0.925262,-0.377869,-0.033237,0,0.815382,-0.168937,0.194673,1], "O_dP_EE_c": [0,0,0,0,0,0], "O_ddP_EE_c": [0,0,0,0,0,0], "theta": [0.653604,1.43897,-1.26292,-1.34763,-2.62155,2.79327,1.58651], "dtheta": [0,0,0,0,0,0,0], "current_errors": [], "last_motion_errors": [], "control_command_success_rate": 0, "robot_mode": "User stopped", "time": 1576585}