{"O_T_EE": [-0.040306,0.00197668,-0.999176,0,0.331587,0.943344,-0.0115097,0,0.942562,-0.331784,-0.0386786,0,0.823334,-0.119253,0.194088,1], "O_T_EE_d": [-0.0401705,0.00198025,-0.999181,0,0.331643,0.943325,-0.0114636,0,0.942548,-0.331839,-0.0385513,0,0.823308,-0.119349,0.19413,1], "F_T_NE": [0.7071,-0.7071,0,0,0.7071,0.7071,0,0,0,0,1,0,0,0,0.1034,1], "NE_T_EE": [1,0,0,0,0,1,0,0,0,0,1,0,0,0,0,1], "F_T_EE": [0.7071,-0.7071,0,0,0.7071,0.7071,0,0,0,0,1,0,0,0,0.1034,1], "EE_T_K": [1,0,0,0,0,1,0,0,0,0,1,0,0,0,0,1], "m_ee": 0.73, "F_x_Cee": [-0.01,0,0.03], "I_ee": [0.001,0,0,0,0.0025,0,0,0,0.0017], "m_load": 0, "F_x_Cload": [0,0,0], "I_load": [0,0,0,0,0,0,0,0,0], "m_total": 0.73, "F_x_Ctotal": [-0.01,0,0.03], "I_total": [0.001,0,0,0,0.0025,0,0,0,0.0017], "elbow": [-1.36033,-1], "elbow_d": [-1.36035,-1], "elbow_c": [-1.36035,-1], "delbow_c": [0,0], "ddelbow_c": [0,0], "tau_J": [-0.185295,-42,-26.8423,1.42761,-1.63379,-1.94765,0.0615432], "tau_J_d": [0,0,0,0,0,0,0], "dtau_J": [-39.3474,-61.8602,-55.5292,30.4516,-7.32057,34.9714,55.7797], "q": [0.736477,1.5494,-1.36033,-1.31735,-2.62875,2.86104,1.72952], "dq": [0.00073259,-6.71444e-05,0.000168326,-0.000472861,0.000482011,-0.000268938,-0.000907792], "q_d": [0.736463,1.54938,-1.36035,-1.31755,-2.62873,2.86084,1.72957], "dq_d": [0,0,0,0,0,0,0], "ddq_d": [0,0,0,0,0,0,0], "joint_contact": [0,0,0,0,0,0,0], "cartesian_contact": [0,0,0,0,0,0], "joint_collision": [0,0,0,0,0,0,0], "cartesian_collision": [0,0,0,0,0,0], "tau_ext_hat_filtered": [-0.0946355,-0.419826,0.0430023,-0.827226,0.272726,-1.10054,0.0654633], "O_F_ext_hat_K": [-7.89201,-1.59074,0.490696,0.50104,-2.87105,-0.0536294], "K_F_ext_hat_K": [-0.175344,-4.12323,-6.9299,-2.20744,-0.824483,0.461741], "O_dP_EE_d": [0,0,0,0,0,0], "O_ddP_O": [0,0,-9.81], "O_T_EE_c": [-0.0401705,0.00198025,-0.999181,0,0.331643,0.943325,-0.0114636,0,0.942548,-0.331839,-0.0385513,0,0.823308,-0.119349,0.19413,1], "O_dP_EE_c": [0,0,0,0,0,0], "O_ddP_EE_c": [0,0,0,0,0,0], "theta": [0.736464,1.54646,-1.36221,-1.31725,-2.62893,2.86082,1.72952], "dtheta": [0,0,0,0,0,0,0], "current_errors": [], "last_motion_errors": [], "control_command_success_rate": 0, "robot_mode": "User stopped", "time": 1610640}