{"O_T_EE": [-0.0201129,-0.00338343,-0.999782,0,0.568681,0.822424,-0.0142235,0,0.822309,-0.568854,-0.0146175,0,0.751763,-0.358758,0.192935,1], "O_T_EE_d": [-0.0200211,-0.00341151,-0.999784,0,0.568888,0.822281,-0.0141981,0,0.822167,-0.56906,-0.0145225,0,0.751652,-0.358886,0.193006,1], "F_T_NE": [0.7071,-0.7071,0,0,0.7071,0.7071,0,0,0,0,1,0,0,0,0.1034,1], "NE_T_EE": [1,0,0,0,0,1,0,0,0,0,1,0,0,0,0,1], "F_T_EE": [0.7071,-0.7071,0,0,0.7071,0.7071,0,0,0,0,1,0,0,0,0.1034,1], "EE_T_K": [1,0,0,0,0,1,0,0,0,0,1,0,0,0,0,1], "m_ee": 0.73, "F_x_Cee": [-0.01,0,0.03], "I_ee": [0.001,0,0,0,0.0025,0,0,0,0.0017], "m_load": 0, "F_x_Cload": [0,0,0], "I_load": [0,0,0,0,0,0,0,0,0], "m_total": 0.73, "F_x_Ctotal": [-0.01,0,0.03], "I_total": [0.001,0,0,0,0.0025,0,0,0,0.0017], "elbow": [-1.4812,-1], "elbow_d": [-1.48121,-1], "elbow_c": [-1.48121,-1], "delbow_c": [0,0], "ddelbow_c": [0,0], "tau_J": [0.112252,-41.3613,-27.0645,-3.3252,-1.59716,-1.40657,0.102742], "tau_J_d": [0,0,0,0,0,0,0], "dtau_J": [-141.975,-63.6805,40.911,-11.7377,27.1557,8.54917,-8.23285], "q": [0.456514,1.7027,-1.4812,-1.30995,-2.6625,2.86129,1.95038], "dq": [0.000457276,0.000309552,-0.00461766,0.000402038,-0.00262539,-0.000121754,0.00140717], "q_d": [0.456523,1.70262,-1.48121,-1.31028,-2.6625,2.86122,1.9504], "dq_d": [0,0,0,0,0,0,0], "ddq_d": [0,0,0,0,0,0,0], "joint_contact": [0,0,0,0,0,0,0], "cartesian_contact": [0,0,0,0,0,0], "joint_collision": [0,0,0,0,0,0,0], "cartesian_collision": [0,0,0,0,0,0], "tau_ext_hat_filtered": [0.140196,-0.470152,0.0475242,-1.49407,0.333739,-0.799612,0.128203], "O_F_ext_hat_K": [-11.8346,2.55989,1.66066,-0.888142,-4.20516,0.149502], "K_F_ext_hat_K": [-1.43096,-4.6485,-11.2122,-2.47214,-0.474442,0.512682], "O_dP_EE_d": [0,0,0,0,0,0], "O_ddP_O": [0,0,-9.81], "O_T_EE_c": [-0.0200211,-0.00341151,-0.999784,0,0.568888,0.822281,-0.0141981,0,0.822167,-0.56906,-0.0145225,0,0.751652,-0.358886,0.193006,1], "O_dP_EE_c": [0,0,0,0,0,0], "O_ddP_EE_c": [0,0,0,0,0,0], "theta": [0.456522,1.69979,-1.4831,-1.31019,-2.66267,2.86113,1.95039], "dtheta": [0,0,0,0,0,0,0], "current_errors": [], "last_motion_errors": [], "control_command_success_rate": 0, "robot_mode": "User stopped", "time": 9965044}