{"O_T_EE": [-0.0258769,0.0184651,-0.999485,0,0.796106,0.605068,-0.00943293,0,0.604594,-0.795955,-0.0303581,0,0.613818,-0.570848,0.194868,1], "O_T_EE_d": [-0.025776,0.0183812,-0.999489,0,0.796143,0.605019,-0.0094052,0,0.604549,-0.795994,-0.0302296,0,0.613805,-0.570879,0.194936,1], "F_T_NE": [0.7071,-0.7071,0,0,0.7071,0.7071,0,0,0,0,1,0,0,0,0.1034,1], "NE_T_EE": [1,0,0,0,0,1,0,0,0,0,1,0,0,0,0,1], "F_T_EE": [0.7071,-0.7071,0,0,0.7071,0.7071,0,0,0,0,1,0,0,0,0.1034,1], "EE_T_K": [1,0,0,0,0,1,0,0,0,0,1,0,0,0,0,1], "m_ee": 0.73, "F_x_Cee": [-0.01,0,0.03], "I_ee": [0.001,0,0,0,0.0025,0,0,0,0.0017], "m_load": 0, "F_x_Cload": [0,0,0], "I_load": [0,0,0,0,0,0,0,0,0], "m_total": 0.73, "F_x_Ctotal": [-0.01,0,0.03], "I_total": [0.001,0,0,0,0.0025,0,0,0,0.0017], "elbow": [0.144808,-1], "elbow_d": [0.144797,-1], "elbow_c": [0.144797,-1], "delbow_c": [0,0], "ddelbow_c": [0,0], "tau_J": [-0.109916,-49.2403,3.00753,18.3719,-0.115841,-2.50795,0.143025], "tau_J_d": [0,0,0,0,0,0,0], "dtau_J": [38.0919,92.1591,-54.7094,-60.6574,-17.0686,-8.20547,56.1489], "q": [-0.838712,0.842958,0.144808,-1.47372,-2.87308,2.39395,0.472656], "dq": [-0.00050032,-0.000412446,0.000384727,0.000385163,0.000457842,0.000374506,-0.00143673], "q_d": [-0.838733,0.842881,0.144797,-1.47374,-2.87306,2.39387,0.472678], "dq_d": [0,0,0,0,0,0,0], "ddq_d": [0,0,0,0,0,0,0], "joint_contact": [0,0,0,0,0,0,0], "cartesian_contact": [0,0,0,0,0,0], "joint_collision": [0,0,0,0,0,0,0], "cartesian_collision": [0,0,0,0,0,0], "tau_ext_hat_filtered": [-0.126847,-0.716375,0.144407,-1.02601,0.222674,-0.997421,0.117465], "O_F_ext_hat_K": [-7.32902,7.72757,0.603624,-3.0885,-2.95665,-0.0234233], "K_F_ext_hat_K": [-0.270976,-1.16469,-10.6002,0.593325,-1.68085,0.190838], "O_dP_EE_d": [0,0,0,0,0,0], "O_ddP_O": [0,0,-9.81], "O_T_EE_c": [-0.025776,0.0183812,-0.999489,0,0.796143,0.605019,-0.0094052,0,0.604549,-0.795994,-0.0302296,0,0.613805,-0.570879,0.194936,1], "O_dP_EE_c": [0,0,0,0,0,0], "O_ddP_EE_c": [0,0,0,0,0,0], "theta": [-0.83872,0.839503,0.145019,-1.47243,-2.87309,2.39367,0.472672], "dtheta": [0,0,0,0,0,0,0], "current_errors": [], "last_motion_errors": ["cartesian_reflex"], "control_command_success_rate": 0, "robot_mode": "User stopped", "time": 802800}