{"O_T_EE": [-0.0348232,0.0460009,-0.998325,0,0.879868,0.475117,-0.00879877,0,0.473925,-0.878717,-0.0570209,0,0.515651,-0.664615,0.194777,1], "O_T_EE_d": [-0.0348231,0.0459792,-0.998326,0,0.879867,0.475118,-0.00880885,0,0.473927,-0.878717,-0.0570018,0,0.515649,-0.664606,0.194796,1], "F_T_NE": [0.7071,-0.7071,0,0,0.7071,0.7071,0,0,0,0,1,0,0,0,0.1034,1], "NE_T_EE": [1,0,0,0,0,1,0,0,0,0,1,0,0,0,0,1], "F_T_EE": [0.7071,-0.7071,0,0,0.7071,0.7071,0,0,0,0,1,0,0,0,0.1034,1], "EE_T_K": [1,0,0,0,0,1,0,0,0,0,1,0,0,0,0,1], "m_ee": 0.73, "F_x_Cee": [-0.01,0,0.03], "I_ee": [0.001,0,0,0,0.0025,0,0,0,0.0017], "m_load": 0, "F_x_Cload": [0,0,0], "I_load": [0,0,0,0,0,0,0,0,0], "m_total": 0.73, "F_x_Ctotal": [-0.01,0,0.03], "I_total": [0.001,0,0,0,0.0025,0,0,0,0.0017], "elbow": [0.199784,-1], "elbow_d": [0.199789,-1], "elbow_c": [0.199789,-1], "delbow_c": [0,0], "ddelbow_c": [0,0], "tau_J": [0.635933,-48.3358,4.61824,17.872,-0.271481,-2.14815,0.0615432], "tau_J_d": [0,0,0,0,0,0,0], "dtau_J": [73.5874,9.13758,47.1465,-28.8328,42.1818,-8.06376,54.3401], "q": [-1.04628,0.855065,0.199784,-1.44809,-2.88029,2.43493,0.433017], "dq": [-0.000949355,0.000454284,-0.000821732,0.00142713,-0.000382892,0.000188585,-0.000795086], "q_d": [-1.04628,0.855003,0.199789,-1.44816,-2.88029,2.4349,0.433011], "dq_d": [0,0,0,0,0,0,0], "ddq_d": [0,0,0,0,0,0,0], "joint_contact": [0,0,0,0,0,0,0], "cartesian_contact": [0,0,0,0,0,0], "joint_collision": [0,0,0,0,0,0,0], "cartesian_collision": [0,0,0,0,0,0], "tau_ext_hat_filtered": [0.60072,0.334107,0.484277,-1.56655,-0.0141209,-0.723063,0.0541265], "O_F_ext_hat_K": [-4.97518,8.56574,-0.912833,-2.6105,-1.43143,0.676146], "K_F_ext_hat_K": [1.47862,-0.299749,-9.83268,0.444474,-1.80231,0.110672], "O_dP_EE_d": [0,0,0,0,0,0], "O_ddP_O": [0,0,-9.81], "O_T_EE_c": [-0.0348231,0.0459792,-0.998326,0,0.879867,0.475118,-0.00880885,0,0.473927,-0.878717,-0.0570018,0,0.515649,-0.664606,0.194796,1], "O_dP_EE_c": [0,0,0,0,0,0], "O_ddP_EE_c": [0,0,0,0,0,0], "theta": [-1.04624,0.851673,0.200108,-1.44683,-2.88032,2.43469,0.433024], "dtheta": [0,0,0,0,0,0,0], "current_errors": [], "last_motion_errors": ["cartesian_reflex"], "control_command_success_rate": 0, "robot_mode": "User stopped", "time": 1472033}