{"O_T_EE": [-0.00853018,0.0360606,-0.999304,0,0.968729,0.24808,0.000682956,0,0.247937,-0.968068,-0.0370499,0,0.34552,-0.770436,0.193762,1], "O_T_EE_d": [-0.00849989,0.0357553,-0.999315,0,0.968798,0.247814,0.000626409,0,0.247671,-0.968147,-0.0367467,0,0.345348,-0.770537,0.193871,1], "F_T_NE": [0.7071,-0.7071,0,0,0.7071,0.7071,0,0,0,0,1,0,0,0,0.1034,1], "NE_T_EE": [1,0,0,0,0,1,0,0,0,0,1,0,0,0,0,1], "F_T_EE": [0.7071,-0.7071,0,0,0.7071,0.7071,0,0,0,0,1,0,0,0,0.1034,1], "EE_T_K": [1,0,0,0,0,1,0,0,0,0,1,0,0,0,0,1], "m_ee": 0.73, "F_x_Cee": [-0.01,0,0.03], "I_ee": [0.001,0,0,0,0.0025,0,0,0,0.0017], "m_load": 0, "F_x_Cload": [0,0,0], "I_load": [0,0,0,0,0,0,0,0,0], "m_total": 0.73, "F_x_Ctotal": [-0.01,0,0.03], "I_total": [0.001,0,0,0,0.0025,0,0,0,0.0017], "elbow": [0.0865869,-1], "elbow_d": [0.0864606,-1], "elbow_c": [0.0864606,-1], "delbow_c": [0,0], "ddelbow_c": [0,0], "tau_J": [0.18763,-50.0695,1.73403,19.1772,-0.289791,-2.74873,0.122884], "tau_J_d": [0,0,0,0,0,0,0], "dtau_J": [23.0049,-157.468,-71.1482,-83.6167,-37.2975,-8.43594,55.0623], "q": [-1.19269,0.860379,0.0865869,-1.43195,-2.85574,2.4269,0.50782], "dq": [0.000294622,0.00191048,0.00132128,0.000348294,0.000361898,0.000559297,-0.0015234], "q_d": [-1.19281,0.860276,0.0864606,-1.43199,-2.85572,2.42666,0.507841], "dq_d": [0,0,0,0,0,0,0], "ddq_d": [0,0,0,0,0,0,0], "joint_contact": [0,0,0,0,0,0,0], "cartesian_contact": [0,0,0,0,0,0], "joint_collision": [0,0,0,0,0,0,0], "cartesian_collision": [0,0,0,0,0,0], "tau_ext_hat_filtered": [0.20687,-0.802636,0.0944737,-0.495611,0.0568844,-1.244,0.0841104], "O_F_ext_hat_K": [-2.8622,8.38799,0.07976,-3.58095,-1.15191,0.227261], "K_F_ext_hat_K": [0.247191,-0.691768,-8.83274,0.461084,-1.97674,0.0991783], "O_dP_EE_d": [0,0,0,0,0,0], "O_ddP_O": [0,0,-9.81], "O_T_EE_c": [-0.00849989,0.0357553,-0.999315,0,0.968798,0.247814,0.000626409,0,0.247671,-0.968147,-0.0367467,0,0.345348,-0.770537,0.193871,1], "O_dP_EE_c": [0,0,0,0,0,0], "O_ddP_EE_c": [0,0,0,0,0,0], "theta": [-1.19268,0.856866,0.0867083,-1.4306,-2.85577,2.4266,0.507834], "dtheta": [0,0,0,0,0,0,0], "current_errors": [], "last_motion_errors": [], "control_command_success_rate": 0, "robot_mode": "User stopped", "time": 4461662}