{"O_T_EE": [-0.0130603,0.0767425,-0.996956,0,0.995887,0.0902936,-0.00609577,0,0.0895526,-0.992954,-0.0776076,0,0.204449,-0.823093,0.193526,1], "O_T_EE_d": [-0.0130639,0.0767487,-0.996955,0,0.995887,0.0902934,-0.00609886,0,0.0895521,-0.992953,-0.0776141,0,0.204449,-0.823085,0.193522,1], "F_T_NE": [0.7071,-0.7071,0,0,0.7071,0.7071,0,0,0,0,1,0,0,0,0.1034,1], "NE_T_EE": [1,0,0,0,0,1,0,0,0,0,1,0,0,0,0,1], "F_T_EE": [0.7071,-0.7071,0,0,0.7071,0.7071,0,0,0,0,1,0,0,0,0.1034,1], "EE_T_K": [1,0,0,0,0,1,0,0,0,0,1,0,0,0,0,1], "m_ee": 0.73, "F_x_Cee": [-0.01,0,0.03], "I_ee": [0.001,0,0,0,0.0025,0,0,0,0.0017], "m_load": 0, "F_x_Cload": [0,0,0], "I_load": [0,0,0,0,0,0,0,0,0], "m_total": 0.73, "F_x_Ctotal": [-0.01,0,0.03], "I_total": [0.001,0,0,0,0.0025,0,0,0,0.0017], "elbow": [0.147091,-1], "elbow_d": [0.1471,-1], "elbow_c": [0.1471,-1], "delbow_c": [0,0], "ddelbow_c": [0,0], "tau_J": [0.449471,-49.2403,3.57088,18.3719,0.00226218,-2.07765,0.0111892], "tau_J_d": [0,0,0,0,0,0,0], "dtau_J": [-74.2307,18.2071,25.5733,172.818,-46.9316,5.54418,-62.0977], "q": [-1.42295,0.873961,0.147091,-1.39319,-2.87411,2.49414,0.462283], "dq": [0.000284185,0.000435287,-0.000259783,-0.000906405,0.000425659,-4.77076e-05,0.000993599], "q_d": [-1.42296,0.87394,0.1471,-1.39324,-2.87411,2.49412,0.462279], "dq_d": [0,0,0,0,0,0,0], "ddq_d": [0,0,0,0,0,0,0], "joint_contact": [0,0,0,0,0,0,0], "cartesian_contact": [0,0,0,0,0,0], "joint_collision": [0,0,0,0,0,0,0], "cartesian_collision": [0,0,0,0,0,0], "tau_ext_hat_filtered": [0.471433,0.244047,0.558795,-1.51475,0.273126,-0.688764,0.0649296], "O_F_ext_hat_K": [-0.825403,10.2692,-0.558295,-3.18406,-0.285881,0.584953], "K_F_ext_hat_K": [1.35549,0.108639,-10.2274,0.835824,-1.66612,0.15509], "O_dP_EE_d": [0,0,0,0,0,0], "O_ddP_O": [0,0,-9.81], "O_T_EE_c": [-0.0130639,0.0767487,-0.996955,0,0.995887,0.0902934,-0.00609886,0,0.0895521,-0.992953,-0.0776141,0,0.204449,-0.823085,0.193522,1], "O_dP_EE_c": [0,0,0,0,0,0], "O_ddP_EE_c": [0,0,0,0,0,0], "theta": [-1.42292,0.870505,0.147342,-1.3919,-2.87411,2.49391,0.462284], "dtheta": [0,0,0,0,0,0,0], "current_errors": [], "last_motion_errors": ["cartesian_reflex"], "control_command_success_rate": 0, "robot_mode": "User stopped", "time": 1695640}