{"O_T_EE": [-0.00592584,0.0519125,-0.998624,0,0.999338,-0.0352577,-0.00776291,0,-0.0356129,-0.998029,-0.0516702,0,0.106132,-0.843659,0.192983,1], "O_T_EE_d": [-0.00592566,0.0517571,-0.998632,0,0.999331,-0.0354632,-0.0077678,0,-0.0358174,-0.99803,-0.0515134,0,0.105986,-0.843678,0.193042,1], "F_T_NE": [0.7071,-0.7071,0,0,0.7071,0.7071,0,0,0,0,1,0,0,0,0.1034,1], "NE_T_EE": [1,0,0,0,0,1,0,0,0,0,1,0,0,0,0,1], "F_T_EE": [0.7071,-0.7071,0,0,0.7071,0.7071,0,0,0,0,1,0,0,0,0.1034,1], "EE_T_K": [1,0,0,0,0,1,0,0,0,0,1,0,0,0,0,1], "m_ee": 0.73, "F_x_Cee": [-0.01,0,0.03], "I_ee": [0.001,0,0,0,0.0025,0,0,0,0.0017], "m_load": 0, "F_x_Cload": [0,0,0], "I_load": [0,0,0,0,0,0,0,0,0], "m_total": 0.73, "F_x_Ctotal": [-0.01,0,0.03], "I_total": [0.001,0,0,0,0.0025,0,0,0,0.0017], "elbow": [0.113156,-1], "elbow_d": [0.113146,-1], "elbow_c": [0.113146,-1], "delbow_c": [0,0], "ddelbow_c": [0,0], "tau_J": [0.0765462,-49.3157,2.33309,18.5623,-0.225704,-2.45851,0.102742], "tau_J_d": [0,0,0,0,0,0,0], "dtau_J": [33.1548,86.2812,198.281,-15.5082,-9.79554,-7.95927,-17.9505], "q": [-1.51194,0.88139,0.113156,-1.39031,-2.86807,2.463,0.482892], "dq": [-0.000382752,-0.000773601,-0.0022317,-0.00262912,0.000320972,5.92252e-05,-0.00025925], "q_d": [-1.5121,0.881296,0.113146,-1.3904,-2.86806,2.46284,0.4829], "dq_d": [0,0,0,0,0,0,0], "ddq_d": [0,0,0,0,0,0,0], "joint_contact": [0,0,0,0,0,0,0], "cartesian_contact": [0,0,0,0,0,0], "joint_collision": [0,0,0,0,0,0,0], "cartesian_collision": [0,0,0,0,0,0], "tau_ext_hat_filtered": [0.0512331,0.254033,-0.00293667,-1.22221,0.0889088,-1.00228,0.0876091], "O_F_ext_hat_K": [-0.48227,9.45656,-1.13172,-2.90906,0.00569644,0.0930483], "K_F_ext_hat_K": [1.62397,-0.806598,-9.36227,0.513993,-2.03297,0.119943], "O_dP_EE_d": [0,0,0,0,0,0], "O_ddP_O": [0,0,-9.81], "O_T_EE_c": [-0.00592566,0.0517571,-0.998632,0,0.999331,-0.0354632,-0.0077678,0,-0.0358174,-0.99803,-0.0515134,0,0.105986,-0.843678,0.193042,1], "O_dP_EE_c": [0,0,0,0,0,0], "O_ddP_EE_c": [0,0,0,0,0,0], "theta": [-1.51194,0.877929,0.11332,-1.38901,-2.86809,2.46272,0.482902], "dtheta": [0,0,0,-0.0129994,0,0,0], "current_errors": [], "last_motion_errors": [], "control_command_success_rate": 0, "robot_mode": "User stopped", "time": 4571878}