{"O_T_EE": [0.0341275,0.0392044,-0.998639,0,0.700729,-0.713403,-0.00406001,0,-0.712605,-0.69965,-0.0518193,0,-0.51071,-0.694548,0.189703,1], "O_T_EE_d": [0.034231,0.0391322,-0.998638,0,0.700641,-0.713489,-0.00394211,0,-0.712685,-0.699566,-0.0518421,0,-0.510849,-0.694451,0.189665,1], "F_T_NE": [0.7071,-0.7071,0,0,0.7071,0.7071,0,0,0,0,1,0,0,0,0.1034,1], "NE_T_EE": [1,0,0,0,0,1,0,0,0,0,1,0,0,0,0,1], "F_T_EE": [0.7071,-0.7071,0,0,0.7071,0.7071,0,0,0,0,1,0,0,0,0.1034,1], "EE_T_K": [1,0,0,0,0,1,0,0,0,0,1,0,0,0,0,1], "m_ee": 0.73, "F_x_Cee": [-0.01,0,0.03], "I_ee": [0.001,0,0,0,0.0025,0,0,0,0.0017], "m_load": 0, "F_x_Cload": [0,0,0], "I_load": [0,0,0,0,0,0,0,0,0], "m_total": 0.73, "F_x_Ctotal": [-0.01,0,0.03], "I_total": [0.001,0,0,0,0.0025,0,0,0,0.0017], "elbow": [-1.55503,-1], "elbow_d": [-1.55492,-1], "elbow_c": [-1.55492,-1], "delbow_c": [0,0], "ddelbow_c": [0,0], "tau_J": [0.338387,-45.4318,-23.9898,-3.17048,-1.84436,-1.49629,0.214436], "tau_J_d": [0,0,0,0,0,0,0], "dtau_J": [-10.3696,74.8528,3.68004,31.3528,33.3933,34.0143,74.1061], "q": [-1.44219,1.74612,-1.55503,-1.06518,-2.70189,2.98444,2.04742], "dq": [9.64481e-05,-0.000161461,-0.000264314,-0.00174289,-0.000814166,0.00040983,-0.00122719], "q_d": [-1.44239,1.7461,-1.55492,-1.06521,-2.70189,2.98431,2.04746], "dq_d": [0,0,0,0,0,0,0], "ddq_d": [0,0,0,0,0,0,0], "joint_contact": [0,0,0,0,0,0,0], "cartesian_contact": [0,0,0,0,0,0], "joint_collision": [0,0,0,0,0,0,0], "cartesian_collision": [0,0,0,0,0,0], "tau_ext_hat_filtered": [0.486887,-0.302202,0.318589,-0.268316,0.347046,-1.12127,0.187386], "O_F_ext_hat_K": [0,0,0,0,0,0], "K_F_ext_hat_K": [0,0,0,0,0,0], "O_dP_EE_d": [0,0,0,0,0,0], "O_ddP_O": [0,0,-9.81], "O_T_EE_c": [0.034231,0.0391322,-0.998638,0,0.700641,-0.713489,-0.00394211,0,-0.712685,-0.699566,-0.0518421,0,-0.510849,-0.694451,0.189665,1], "O_dP_EE_c": [0,0,0,0,0,0], "O_ddP_EE_c": [0,0,0,0,0,0], "theta": [-1.44216,1.74293,-1.55671,-1.0654,-2.7021,2.98428,2.04745], "dtheta": [0,0,0,0,0,0,0], "current_errors": [], "last_motion_errors": [], "control_command_success_rate": 0, "robot_mode": "User stopped", "time": 10359788}