{"O_T_EE": [0.0221736,0.0360043,-0.999096,0,0.828786,-0.559546,-0.00177044,0,-0.559115,-0.828013,-0.0422478,0,-0.380804,-0.77015,0.190033,1], "O_T_EE_d": [0.0222044,0.0359894,-0.999096,0,0.828692,-0.559684,-0.0017437,0,-0.559252,-0.82792,-0.0422524,0,-0.381017,-0.770037,0.189986,1], "F_T_NE": [0.7071,-0.7071,0,0,0.7071,0.7071,0,0,0,0,1,0,0,0,0.1034,1], "NE_T_EE": [1,0,0,0,0,1,0,0,0,0,1,0,0,0,0,1], "F_T_EE": [0.7071,-0.7071,0,0,0.7071,0.7071,0,0,0,0,1,0,0,0,0.1034,1], "EE_T_K": [1,0,0,0,0,1,0,0,0,0,1,0,0,0,0,1], "m_ee": 0.73, "F_x_Cee": [-0.01,0,0.03], "I_ee": [0.001,0,0,0,0.0025,0,0,0,0.0017], "m_load": 0, "F_x_Cload": [0,0,0], "I_load": [0,0,0,0,0,0,0,0,0], "m_total": 0.73, "F_x_Ctotal": [-0.01,0,0.03], "I_total": [0.001,0,0,0,0.0025,0,0,0,0.0017], "elbow": [-1.5406,-1], "elbow_d": [-1.54053,-1], "elbow_c": [-1.54053,-1], "delbow_c": [0,0], "ddelbow_c": [0,0], "tau_J": [-0.558219,-44.1106,-24.3271,-3.51563,-1.81689,-1.62721,0.112813], "tau_J_d": [0,0,0,0,0,0,0], "dtau_J": [-83.5229,-98.2097,20.4059,12.4956,17.8805,-18.1021,25.654], "q": [-1.23958,1.74648,-1.5406,-1.12309,-2.72111,2.92545,2.06478], "dq": [0.00181677,0.000427752,-0.000464241,-1.76999e-05,-5.86634e-05,6.25373e-05,-0.000256761], "q_d": [-1.23981,1.74653,-1.54053,-1.12322,-2.7211,2.92523,2.06481], "dq_d": [0,0,0,0,0,0,0], "ddq_d": [0,0,0,0,0,0,0], "joint_contact": [0,0,0,0,0,0,0], "cartesian_contact": [0,0,0,0,0,0], "joint_collision": [0,0,0,0,0,0,0], "cartesian_collision": [0,0,0,0,0,0], "tau_ext_hat_filtered": [-0.474433,0.0927414,0.706514,-0.738131,0.256581,-1.25109,0.120239], "O_F_ext_hat_K": [0.122426,9.51922,0.989567,-2.74953,-0.241343,-0.481995], "K_F_ext_hat_K": [-0.643237,-5.22683,-7.9923,-3.07304,0.205588,0.502095], "O_dP_EE_d": [0,0,0,0,0,0], "O_ddP_O": [0,0,-9.81], "O_T_EE_c": [0.0222044,0.0359894,-0.999096,0,0.828692,-0.559684,-0.0017437,0,-0.559252,-0.82792,-0.0422524,0,-0.381017,-0.770037,0.189986,1], "O_dP_EE_c": [0,0,0,0,0,0], "O_ddP_EE_c": [0,0,0,0,0,0], "theta": [-1.23962,1.74339,-1.54231,-1.12333,-2.72131,2.92527,2.0648], "dtheta": [0,0,0,0,0,0,0], "current_errors": [], "last_motion_errors": [], "control_command_success_rate": 0, "robot_mode": "User stopped", "time": 10161728}