{"O_T_EE": [0.022927,-0.0213834,-0.999499,0,-0.92316,-0.384172,-0.0129568,0,-0.38371,0.923012,-0.0285488,0,-0.480207,0.722569,0.30624,1], "O_T_EE_d": [0.0228767,-0.0213326,-0.999501,0,-0.923275,-0.383898,-0.0129384,0,-0.383437,0.923128,-0.0284787,0,-0.480012,0.722665,0.306308,1], "F_T_NE": [0.7071,-0.7071,0,0,0.7071,0.7071,0,0,0,0,1,0,0,0,0.1034,1], "NE_T_EE": [1,0,0,0,0,1,0,0,0,0,1,0,0,0,0,1], "F_T_EE": [0.7071,-0.7071,0,0,0.7071,0.7071,0,0,0,0,1,0,0,0,0.1034,1], "EE_T_K": [1,0,0,0,0,1,0,0,0,0,1,0,0,0,0,1], "m_ee": 0.73, "F_x_Cee": [-0.01,0,0.03], "I_ee": [0.001,0,0,0,0.0025,0,0,0,0.0017], "m_load": 0, "F_x_Cload": [0,0,0], "I_load": [0,0,0,0,0,0,0,0,0], "m_total": 0.73, "F_x_Ctotal": [-0.01,0,0.03], "I_total": [0.001,0,0,0,0.0025,0,0,0,0.0017], "elbow": [2.17768,-1], "elbow_d": [2.17751,-1], "elbow_c": [2.17751,-1], "delbow_c": [0,0], "ddelbow_c": [0,0], "tau_J": [-0.522514,47.3511,-19.5267,13.504,-0.865658,-2.10786,0.163167], "tau_J_d": [0,0,0,0,0,0,0], "dtau_J": [-92.3139,131.803,35.1766,19.2405,4.34068,5.01871,111.585], "q": [-0.36507,-1.06323,2.17768,-1.17059,-2.66434,2.88083,1.12253], "dq": [0.00160769,-0.000398595,-0.00128215,-0.00108209,-0.0001947,4.49649e-05,-0.00274077], "q_d": [-0.365141,-1.06313,2.17751,-1.17079,-2.66431,2.88081,1.12257], "dq_d": [0,0,0,0,0,0,0], "ddq_d": [0,0,0,0,0,0,0], "joint_contact": [0,0,0,0,0,0,0], "cartesian_contact": [0,0,0,0,0,0], "joint_collision": [0,0,0,0,0,0,0], "cartesian_collision": [0,0,0,0,0,0], "tau_ext_hat_filtered": [-0.402649,1.21839,-0.996819,-1.39024,0.462249,-0.628158,0.108216], "O_F_ext_hat_K": [8.07512,-11.8885,-0.583737,5.38443,3.36393,-0.346201], "K_F_ext_hat_K": [1.02282,-2.87991,-14.055,0.244739,-2.44638,0.256508], "O_dP_EE_d": [0,0,0,0,0,0], "O_ddP_O": [0,0,-9.81], "O_T_EE_c": [0.0228767,-0.0213326,-0.999501,0,-0.923275,-0.383898,-0.0129384,0,-0.383437,0.923128,-0.0284787,0,-0.480012,0.722665,0.306308,1], "O_dP_EE_c": [0,0,0,0,0,0], "O_ddP_EE_c": [0,0,0,0,0,0], "theta": [-0.365107,-1.05991,2.17631,-1.16964,-2.66444,2.8806,1.12254], "dtheta": [0,0,0,0,0,0,0], "current_errors": [], "last_motion_errors": [], "control_command_success_rate": 0, "robot_mode": "User stopped", "time": 375901}