{"O_T_EE": [-0.00778147,-0.0346615,-0.999359,0,-0.811361,-0.583925,0.0265703,0,-0.584483,0.811063,-0.0235796,0,-0.634472,0.597323,0.306634,1], "O_T_EE_d": [-0.00796514,-0.0344531,-0.999365,0,-0.811484,-0.583753,0.0265926,0,-0.584309,0.811196,-0.0233089,0,-0.634353,0.597457,0.306793,1], "F_T_NE": [0.7071,-0.7071,0,0,0.7071,0.7071,0,0,0,0,1,0,0,0,0.1034,1], "NE_T_EE": [1,0,0,0,0,1,0,0,0,0,1,0,0,0,0,1], "F_T_EE": [0.7071,-0.7071,0,0,0.7071,0.7071,0,0,0,0,1,0,0,0,0.1034,1], "EE_T_K": [1,0,0,0,0,1,0,0,0,0,1,0,0,0,0,1], "m_ee": 0.73, "F_x_Cee": [-0.01,0,0.03], "I_ee": [0.001,0,0,0,0.0025,0,0,0,0.0017], "m_load": 0, "F_x_Cload": [0,0,0], "I_load": [0,0,0,0,0,0,0,0,0], "m_total": 0.73, "F_x_Ctotal": [-0.01,0,0.03], "I_total": [0.001,0,0,0,0.0025,0,0,0,0.0017], "elbow": [2.32641,-1], "elbow_d": [2.3262,-1], "elbow_c": [2.3262,-1], "delbow_c": [0,0], "ddelbow_c": [0,0], "tau_J": [-0.784355,48.1049,-16.7932,15.805,-0.454586,-2.58852,0.0816849], "tau_J_d": [0,0,0,0,0,0,0], "dtau_J": [15.5265,44.4885,-112.88,84.1689,-1.84837,-18.4847,48.4581], "q": [-0.219247,-0.98978,2.32641,-1.17265,-2.6418,2.83868,0.998128], "dq": [-0.0006691,-0.000325331,0.0011383,-0.000409585,8.39011e-05,0.000828589,-0.000783659], "q_d": [-0.219314,-0.98966,2.3262,-1.17272,-2.64174,2.83857,0.998148], "dq_d": [0,0,0,0,0,0,0], "ddq_d": [0,0,0,0,0,0,0], "joint_contact": [0,0,0,0,0,0,0], "cartesian_contact": [0,0,0,0,0,0], "joint_collision": [0,0,0,0,0,0,0], "cartesian_collision": [0,0,0,0,0,0], "tau_ext_hat_filtered": [-0.81837,0.971001,-1.08094,-1.23977,0.588141,-1.01638,0.0783842], "O_F_ext_hat_K": [8.83373,-8.70139,-1.23283,4.00884,3.62902,-0.757774], "K_F_ext_hat_K": [1.46494,-2.11918,-12.1915,0.926138,-2.70616,0.190427], "O_dP_EE_d": [0,0,0,0,0,0], "O_ddP_O": [0,0,-9.81], "O_T_EE_c": [-0.00796514,-0.0344531,-0.999365,0,-0.811484,-0.583753,0.0265926,0,-0.584309,0.811196,-0.0233089,0,-0.634353,0.597457,0.306793,1], "O_dP_EE_c": [0,0,0,0,0,0], "O_ddP_EE_c": [0,0,0,0,0,0], "theta": [-0.219302,-0.986404,2.32523,-1.17154,-2.64186,2.8384,0.998137], "dtheta": [0,0,0,0,0,0,0], "current_errors": [], "last_motion_errors": [], "control_command_success_rate": 0, "robot_mode": "User stopped", "time": 241240}