{"O_T_EE": [0.0105431,-0.018954,-0.999755,0,-0.87104,-0.491193,0.000126639,0,-0.491085,0.870842,-0.0216888,0,-0.561202,0.663977,0.305637,1], "O_T_EE_d": [0.0104697,-0.018867,-0.999758,0,-0.871197,-0.490913,0.000140867,0,-0.490806,0.871001,-0.021577,0,-0.561002,0.664117,0.305737,1], "F_T_NE": [0.7071,-0.7071,0,0,0.7071,0.7071,0,0,0,0,1,0,0,0,0.1034,1], "NE_T_EE": [1,0,0,0,0,1,0,0,0,0,1,0,0,0,0,1], "F_T_EE": [0.7071,-0.7071,0,0,0.7071,0.7071,0,0,0,0,1,0,0,0,0.1034,1], "EE_T_K": [1,0,0,0,0,1,0,0,0,0,1,0,0,0,0,1], "m_ee": 0.73, "F_x_Cee": [-0.01,0,0.03], "I_ee": [0.001,0,0,0,0.0025,0,0,0,0.0017], "m_load": 0, "F_x_Cload": [0,0,0], "I_load": [0,0,0,0,0,0,0,0,0], "m_total": 0.73, "F_x_Ctotal": [-0.01,0,0.03], "I_total": [0.001,0,0,0,0.0025,0,0,0,0.0017], "elbow": [2.20155,-1], "elbow_d": [2.20134,-1], "elbow_c": [2.20134,-1], "delbow_c": [0,0], "ddelbow_c": [0,0], "tau_J": [-0.185295,47.2004,-18.9276,13.9246,-0.683468,-2.23787,0.112813], "tau_J_d": [0,0,0,0,0,0,0], "dtau_J": [-42.2648,15.9032,-118.417,48.5453,1.26652,21.3352,-28.6613], "q": [-0.263989,-1.05469,2.20155,-1.16902,-2.6638,2.86518,1.11413], "dq": [-0.000106531,0.00115538,0.000881984,0.000801154,-0.000501033,0.000344536,0.000475141], "q_d": [-0.264083,-1.05458,2.20134,-1.16919,-2.66376,2.86516,1.11418], "dq_d": [0,0,0,0,0,0,0], "ddq_d": [0,0,0,0,0,0,0], "joint_contact": [0,0,0,0,0,0,0], "cartesian_contact": [0,0,0,0,0,0], "joint_collision": [0,0,0,0,0,0,0], "cartesian_collision": [0,0,0,0,0,0], "tau_ext_hat_filtered": [-0.239497,0.849584,-0.803762,-1.36488,0.592269,-0.727096,0.115223], "O_F_ext_hat_K": [8.32848,-10.7304,-1.31576,4.6606,3.30547,-0.199197], "K_F_ext_hat_K": [1.60666,-1.98393,-13.406,0.686381,-2.70009,0.212638], "O_dP_EE_d": [0,0,0,0,0,0], "O_ddP_O": [0,0,-9.81], "O_T_EE_c": [0.0104697,-0.018867,-0.999758,0,-0.871197,-0.490913,0.000140867,0,-0.490806,0.871001,-0.021577,0,-0.561002,0.664117,0.305737,1], "O_dP_EE_c": [0,0,0,0,0,0], "O_ddP_EE_c": [0,0,0,0,0,0], "theta": [-0.264001,-1.05137,2.20022,-1.16804,-2.66387,2.86493,1.11414], "dtheta": [0,0,0,0,0,0,0], "current_errors": [], "last_motion_errors": [], "control_command_success_rate": 0, "robot_mode": "User stopped", "time": 360420}