{"O_T_EE": [0.0093956,-0.0578538,-0.998271,0,-0.994191,-0.107491,-0.00312769,0,-0.107126,0.992521,-0.0585288,0,-0.245225,0.826764,0.296917,1], "O_T_EE_d": [0.00941128,-0.0576496,-0.998283,0,-0.994228,-0.10715,-0.00318529,0,-0.106784,0.99257,-0.0583264,0,-0.245017,0.826843,0.297012,1], "F_T_NE": [0.7071,-0.7071,0,0,0.7071,0.7071,0,0,0,0,1,0,0,0,0.1034,1], "NE_T_EE": [1,0,0,0,0,1,0,0,0,0,1,0,0,0,0,1], "F_T_EE": [0.7071,-0.7071,0,0,0.7071,0.7071,0,0,0,0,1,0,0,0,0.1034,1], "EE_T_K": [1,0,0,0,0,1,0,0,0,0,1,0,0,0,0,1], "m_ee": 0.73, "F_x_Cee": [-0.01,0,0.03], "I_ee": [0.001,0,0,0,0.0025,0,0,0,0.0017], "m_load": 0, "F_x_Cload": [0,0,0], "I_load": [0,0,0,0,0,0,0,0,0], "m_total": 0.73, "F_x_Ctotal": [-0.01,0,0.03], "I_total": [0.001,0,0,0,0.0025,0,0,0,0.0017], "elbow": [0.793862,-1], "elbow_d": [0.793846,-1], "elbow_c": [0.793846,-1], "delbow_c": [0,0], "ddelbow_c": [0,0], "tau_J": [-0.708976,-45.9237,15.8695,16.6858,0.304386,-2.06758,-0.0602219], "tau_J_d": [0,0,0,0,0,0,0], "dtau_J": [-44.5549,-277.315,-178.778,30.4316,-11.9964,13.4013,-104.693], "q": [1.30771,0.93363,0.793862,-1.36562,-2.83895,2.51488,-0.0752399], "dq": [0.00055635,0.00303177,0.00146188,-0.000426716,-0.000208852,-9.57773e-05,0.000779568], "q_d": [1.3075,0.933533,0.793846,-1.3656,-2.83895,2.51472,-0.0752428], "dq_d": [0,0,0,0,0,0,0], "ddq_d": [0,0,0,0,0,0,0], "joint_contact": [0,0,0,0,0,0,0], "cartesian_contact": [0,0,0,0,0,0], "joint_collision": [0,0,0,0,0,0,0], "cartesian_collision": [0,0,0,0,0,0], "tau_ext_hat_filtered": [-0.694283,-0.759508,-0.153848,-0.655132,-0.0379477,-1.13413,0.0174122], "O_F_ext_hat_K": [2.28632,-10.5944,-0.382192,4.34887,0.741845,-0.648117], "K_F_ext_hat_K": [1.01596,-1.13307,-10.7377,1.35873,-1.52309,0.0721595], "O_dP_EE_d": [0,0,0,0,0,0], "O_ddP_O": [0,0,-9.81], "O_T_EE_c": [0.00941128,-0.0576496,-0.998283,0,-0.994228,-0.10715,-0.00318529,0,-0.106784,0.99257,-0.0583264,0,-0.245017,0.826843,0.297012,1], "O_dP_EE_c": [0,0,0,0,0,0], "O_ddP_EE_c": [0,0,0,0,0,0], "theta": [1.30766,0.930407,0.794976,-1.36445,-2.83891,2.51465,-0.0752466], "dtheta": [0,0,0,0,0,0,0], "current_errors": [], "last_motion_errors": [], "control_command_success_rate": 0, "robot_mode": "User stopped", "time": 4697586}