{"O_T_EE": [0.0206831,-0.0255101,-0.999451,0,-0.984701,-0.173468,-0.0159502,0,-0.172969,0.984509,-0.0287082,0,-0.297392,0.809632,0.296207,1], "O_T_EE_d": [0.0206732,-0.0254684,-0.999452,0,-0.98475,-0.173186,-0.0159559,0,-0.172688,0.984559,-0.0286609,0,-0.297166,0.809697,0.296267,1], "F_T_NE": [0.7071,-0.7071,0,0,0.7071,0.7071,0,0,0,0,1,0,0,0,0.1034,1], "NE_T_EE": [1,0,0,0,0,1,0,0,0,0,1,0,0,0,0,1], "F_T_EE": [0.7071,-0.7071,0,0,0.7071,0.7071,0,0,0,0,1,0,0,0,0.1034,1], "EE_T_K": [1,0,0,0,0,1,0,0,0,0,1,0,0,0,0,1], "m_ee": 0.73, "F_x_Cee": [-0.01,0,0.03], "I_ee": [0.001,0,0,0,0.0025,0,0,0,0.0017], "m_load": 0, "F_x_Cload": [0,0,0], "I_load": [0,0,0,0,0,0,0,0,0], "m_total": 0.73, "F_x_Ctotal": [-0.01,0,0.03], "I_total": [0.001,0,0,0,0.0025,0,0,0,0.0017], "elbow": [-0.555248,-1], "elbow_d": [-0.555375,-1], "elbow_c": [-0.555375,-1], "delbow_c": [0,0], "ddelbow_c": [0,0], "tau_J": [-0.597892,-48.4866,-11.3183,17.9871,-0.335567,-2.13808,0.174153], "tau_J_d": [0,0,0,0,0,0,0], "dtau_J": [-4.3265,-101.702,-76.6882,-1.5558,16.6461,2.00101,114.73], "q": [2.32831,0.858544,-0.555248,-1.27558,-2.70372,2.73105,0.786338], "dq": [-4.90043e-05,0.000387269,0.00423259,0.000138167,-0.000157134,-0.000194424,-0.00258766], "q_d": [2.32816,0.858436,-0.555375,-1.27569,-2.70372,2.73104,0.78637], "dq_d": [0,0,0,0,0,0,0], "ddq_d": [0,0,0,0,0,0,0], "joint_contact": [0,0,0,0,0,0,0], "cartesian_contact": [0,0,0,0,0,0], "joint_collision": [0,0,0,0,0,0,0], "cartesian_collision": [0,0,0,0,0,0], "tau_ext_hat_filtered": [-0.730111,-1.08239,-0.633148,-1.45941,0.368223,-0.564736,0.114744], "O_F_ext_hat_K": [5.10694,-12.9151,-0.246797,5.42277,2.00239,-0.61022], "K_F_ext_hat_K": [0.681767,-2.78456,-13.5913,0.338913,-1.8623,0.252599], "O_dP_EE_d": [0,0,0,0,0,0], "O_ddP_O": [0,0,-9.81], "O_T_EE_c": [0.0206732,-0.0254684,-0.999452,0,-0.98475,-0.173186,-0.0159559,0,-0.172688,0.984559,-0.0286609,0,-0.297166,0.809697,0.296267,1], "O_dP_EE_c": [0,0,0,0,0,0], "O_ddP_EE_c": [0,0,0,0,0,0], "theta": [2.32827,0.85514,-0.556042,-1.27431,-2.70376,2.73081,0.786357], "dtheta": [0,0,0,0,0,0,0], "current_errors": [], "last_motion_errors": [], "control_command_success_rate": 0, "robot_mode": "User stopped", "time": 544902}