{"O_T_EE": [-0.0239327,-0.0070505,-0.999679,0,-0.967267,0.252821,0.0213736,0,0.252594,0.967487,-0.0128706,0,0.0541153,0.851661,0.297483,1], "O_T_EE_d": [-0.0238806,-0.00697073,-0.999681,0,-0.967255,0.252869,0.0213428,0,0.252644,0.967475,-0.0127814,0,0.0541142,0.851654,0.297517,1], "F_T_NE": [0.7071,-0.7071,0,0,0.7071,0.7071,0,0,0,0,1,0,0,0,0.1034,1], "NE_T_EE": [1,0,0,0,0,1,0,0,0,0,1,0,0,0,0,1], "F_T_EE": [0.7071,-0.7071,0,0,0.7071,0.7071,0,0,0,0,1,0,0,0,0.1034,1], "EE_T_K": [1,0,0,0,0,1,0,0,0,0,1,0,0,0,0,1], "m_ee": 0.73, "F_x_Cee": [-0.01,0,0.03], "I_ee": [0.001,0,0,0,0.0025,0,0,0,0.0017], "m_load": 0, "F_x_Cload": [0,0,0], "I_load": [0,0,0,0,0,0,0,0,0], "m_total": 0.73, "F_x_Ctotal": [-0.01,0,0.03], "I_total": [0.001,0,0,0,0.0025,0,0,0,0.0017], "elbow": [0.723455,-1], "elbow_d": [0.723468,-1], "elbow_c": [0.723468,-1], "delbow_c": [0,0], "ddelbow_c": [0,0], "tau_J": [0.524849,-45.1659,14.8181,17.3364,0.221989,-2.26808,0.000202917], "tau_J_d": [0,0,0,0,0,0,0], "dtau_J": [-23.1469,-141.698,-16.8244,142.999,26.5757,-19.2762,-38.1338], "q": [0.988809,0.868434,0.723455,-1.43574,-2.87103,2.44705,0.060843], "dq": [0.00205913,0.00160156,-0.000193402,-0.00377351,-0.00023902,0.000431221,0.000521509], "q_d": [0.988798,0.868362,0.723468,-1.43582,-2.87102,2.44692,0.0608336], "dq_d": [0,0,0,0,0,0,0], "ddq_d": [0,0,0,0,0,0,0], "joint_contact": [0,0,0,0,0,0,0], "cartesian_contact": [0,0,0,0,0,0], "joint_collision": [0,0,0,0,0,0,0], "cartesian_collision": [0,0,0,0,0,0], "tau_ext_hat_filtered": [0.520115,-0.492618,0.391748,-0.795734,0.1172,-1.11236,0.0485621], "O_F_ext_hat_K": [-2.88297,-7.82278,-0.79876,3.06189,-1.15825,0.514855], "K_F_ext_hat_K": [0.922673,0.79378,-8.28638,1.4852,-1.48814,0.0442892], "O_dP_EE_d": [0,0,0,0,0,0], "O_ddP_O": [0,0,-9.81], "O_T_EE_c": [-0.0238806,-0.00697073,-0.999681,0,-0.967255,0.252869,0.0213428,0,0.252644,0.967475,-0.0127814,0,0.0541142,0.851654,0.297517,1], "O_dP_EE_c": [0,0,0,0,0,0], "O_ddP_EE_c": [0,0,0,0,0,0], "theta": [0.988846,0.865264,0.724496,-1.43452,-2.871,2.4468,0.0608415], "dtheta": [0,0,0,0,0,0,0], "current_errors": [], "last_motion_errors": ["cartesian_reflex"], "control_command_success_rate": 0, "robot_mode": "User stopped", "time": 2932870}