{"O_T_EE": [-0.0211564,0.00384223,-0.999759,0,-0.905576,0.423651,0.0207915,0,0.423637,0.905815,-0.00548361,0,0.202405,0.825696,0.310736,1], "O_T_EE_d": [-0.0211506,0.00386044,-0.999759,0,-0.905598,0.423603,0.0207942,0,0.42359,0.905838,-0.00546356,0,0.202334,0.825705,0.310733,1], "F_T_NE": [0.7071,-0.7071,0,0,0.7071,0.7071,0,0,0,0,1,0,0,0,0.1034,1], "NE_T_EE": [1,0,0,0,0,1,0,0,0,0,1,0,0,0,0,1], "F_T_EE": [0.7071,-0.7071,0,0,0.7071,0.7071,0,0,0,0,1,0,0,0,0.1034,1], "EE_T_K": [1,0,0,0,0,1,0,0,0,0,1,0,0,0,0,1], "m_ee": 0.73, "F_x_Cee": [-0.01,0,0.03], "I_ee": [0.001,0,0,0,0.0025,0,0,0,0.0017], "m_load": 0, "F_x_Cload": [0,0,0], "I_load": [0,0,0,0,0,0,0,0,0], "m_total": 0.73, "F_x_Ctotal": [-0.01,0,0.03], "I_total": [0.001,0,0,0,0.0025,0,0,0,0.0017], "elbow": [-2.35975,-1], "elbow_d": [-2.35972,-1], "elbow_c": [-2.35972,-1], "delbow_c": [0,0], "ddelbow_c": [0,0], "tau_J": [0.524849,43.3164,15.568,16.4557,0.377628,-2.14815,0.0313308], "tau_J_d": [0,0,0,0,0,0,0], "dtau_J": [75.1107,142.122,53.2363,-55.4422,-6.93725,-18.7655,-2.73244], "q": [-2.37415,-0.864003,-2.35975,-1.45805,-2.86661,2.43487,0.0204033], "dq": [-0.000693328,-0.00114026,-0.000314512,0.000886086,1.42308e-05,8.18534e-05,-0.000305806], "q_d": [-2.3741,-0.863989,-2.35972,-1.45812,-2.8666,2.43479,0.0204021], "dq_d": [0,0,0,0,0,0,0], "ddq_d": [0,0,0,0,0,0,0], "joint_contact": [0,0,0,0,0,0,0], "cartesian_contact": [0,0,0,0,0,0], "joint_collision": [0,0,0,0,0,0,0], "cartesian_collision": [0,0,0,0,0,0], "tau_ext_hat_filtered": [0.50277,-0.431766,0.175585,-1.36079,0.260958,-0.99571,0.0448614], "O_F_ext_hat_K": [-4.38928,-6.76539,-1.99896,1.71729,-1.44207,0.563992], "K_F_ext_hat_K": [2.06539,1.06712,-7.9767,1.66184,-1.38583,0.10812], "O_dP_EE_d": [0,0,0,0,0,0], "O_ddP_O": [0,0,-9.81], "O_T_EE_c": [-0.0211506,0.00386044,-0.999759,0,-0.905598,0.423603,0.0207942,0,0.42359,0.905838,-0.00546356,0,0.202334,0.825705,0.310733,1], "O_dP_EE_c": [0,0,0,0,0,0], "O_ddP_EE_c": [0,0,0,0,0,0], "theta": [-2.37412,-0.860963,-2.35866,-1.4569,-2.86656,2.43463,0.0204067], "dtheta": [0,0,0,0,0,0,0], "current_errors": [], "last_motion_errors": ["cartesian_reflex"], "control_command_success_rate": 0, "robot_mode": "User stopped", "time": 3198049}