{"O_T_EE": [-0.00729619,-0.0075909,-0.999935,0,-0.93011,0.367233,0.00399889,0,0.367186,0.930097,-0.00973996,0,0.153222,0.837715,0.31052,1], "O_T_EE_d": [-0.00728298,-0.00756469,-0.999935,0,-0.930151,0.367129,0.00399732,0,0.367082,0.930138,-0.00971029,0,0.153083,0.837717,0.310529,1], "F_T_NE": [0.7071,-0.7071,0,0,0.7071,0.7071,0,0,0,0,1,0,0,0,0.1034,1], "NE_T_EE": [1,0,0,0,0,1,0,0,0,0,1,0,0,0,0,1], "F_T_EE": [0.7071,-0.7071,0,0,0.7071,0.7071,0,0,0,0,1,0,0,0,0.1034,1], "EE_T_K": [1,0,0,0,0,1,0,0,0,0,1,0,0,0,0,1], "m_ee": 0.73, "F_x_Cee": [-0.01,0,0.03], "I_ee": [0.001,0,0,0,0.0025,0,0,0,0.0017], "m_load": 0, "F_x_Cload": [0,0,0], "I_load": [0,0,0,0,0,0,0,0,0], "m_total": 0.73, "F_x_Ctotal": [-0.01,0,0.03], "I_total": [0.001,0,0,0,0.0025,0,0,0,0.0017], "elbow": [-2.34749,-1], "elbow_d": [-2.34742,-1], "elbow_c": [-2.34742,-1], "delbow_c": [0,0], "ddelbow_c": [0,0], "tau_J": [0.524849,44.0305,16.1313,16.6461,0.221989,-2.13808,0.0816849], "tau_J_d": [0,0,0,0,0,0,0], "dtau_J": [43.6781,-18.9721,57.1254,16.1826,-11.332,-4.22939,28.5926], "q": [-2.3208,-0.875376,-2.34749,-1.44843,-2.8669,2.44213,-0.010699], "dq": [-0.000349679,7.09182e-06,-0.000504138,0.00242419,1.04972e-05,-0.000121445,-0.000788138], "q_d": [-2.32071,-0.875314,-2.34742,-1.44859,-2.86688,2.442,-0.0107142], "dq_d": [0,0,0,0,0,0,0], "ddq_d": [0,0,0,0,0,0,0], "joint_contact": [0,0,0,0,0,0,0], "cartesian_contact": [0,0,0,0,0,0], "joint_collision": [0,0,0,0,0,0,0], "cartesian_collision": [0,0,0,0,0,0], "tau_ext_hat_filtered": [0.536298,0.246212,0.419285,-1.08619,0.0812917,-1.015,0.0697111], "O_F_ext_hat_K": [-3.87818,-7.8918,-1.20806,2.83142,-1.47206,0.568594], "K_F_ext_hat_K": [1.29621,0.704192,-8.75238,1.4642,-1.46782,0.104518], "O_dP_EE_d": [0,0,0,0,0,0], "O_ddP_O": [0,0,-9.81], "O_T_EE_c": [-0.00728298,-0.00756469,-0.999935,0,-0.930151,0.367129,0.00399732,0,0.367082,0.930138,-0.00971029,0,0.153083,0.837717,0.310529,1], "O_dP_EE_c": [0,0,0,0,0,0], "O_ddP_EE_c": [0,0,0,0,0,0], "theta": [-2.32076,-0.872285,-2.34636,-1.44726,-2.86688,2.44189,-0.0106899], "dtheta": [0,0,0,0,0,0,0], "current_errors": [], "last_motion_errors": ["cartesian_reflex"], "control_command_success_rate": 0, "robot_mode": "User stopped", "time": 3214188}