{"O_T_EE": [-0.0542763,-0.0208546,-0.998299,0,-0.274181,0.961654,-0.00518216,0,0.960144,0.273438,-0.0579141,0,0.751541,0.366335,0.298486,1], "O_T_EE_d": [-0.0543051,-0.0208427,-0.998297,0,-0.274188,0.961652,-0.00516242,0,0.960141,0.273446,-0.0579385,0,0.751494,0.366361,0.298456,1], "F_T_NE": [0.7071,-0.7071,0,0,0.7071,0.7071,0,0,0,0,1,0,0,0,0.1034,1], "NE_T_EE": [1,0,0,0,0,1,0,0,0,0,1,0,0,0,0,1], "F_T_EE": [0.7071,-0.7071,0,0,0.7071,0.7071,0,0,0,0,1,0,0,0,0.1034,1], "EE_T_K": [1,0,0,0,0,1,0,0,0,0,1,0,0,0,0,1], "m_ee": 0.73, "F_x_Cee": [-0.01,0,0.03], "I_ee": [0.001,0,0,0,0.0025,0,0,0,0.0017], "m_load": 0, "F_x_Cload": [0,0,0], "I_load": [0,0,0,0,0,0,0,0,0], "m_total": 0.73, "F_x_Ctotal": [-0.01,0,0.03], "I_total": [0.001,0,0,0,0.0025,0,0,0,0.0017], "elbow": [0.830336,-1], "elbow_d": [0.830362,-1], "elbow_c": [0.830362,-1], "delbow_c": [0,0], "ddelbow_c": [0,0], "tau_J": [0.485177,-42.3769,16.8057,15.6503,0.505802,-1.93758,0.102742], "tau_J_d": [0,0,0,0,0,0,0], "dtau_J": [108.541,6.11761,0.247154,-161.573,24.625,15.0306,55.9085], "q": [-0.169274,0.858653,0.830336,-1.51771,-2.85819,2.46219,-0.0348026], "dq": [-0.000451117,-0.000674177,-0.000451785,-0.00114731,-0.000557474,8.91705e-05,-0.00141682], "q_d": [-0.169281,0.858606,0.830362,-1.5179,-2.85817,2.46206,-0.0347675], "dq_d": [0,0,0,0,0,0,0], "ddq_d": [0,0,0,0,0,0,0], "joint_contact": [0,0,0,0,0,0,0], "cartesian_contact": [0,0,0,0,0,0], "joint_collision": [0,0,0,0,0,0,0], "cartesian_collision": [0,0,0,0,0,0], "tau_ext_hat_filtered": [0.449361,-0.43234,0.524858,-1.50669,0.280189,-0.941833,0.082142], "O_F_ext_hat_K": [-10.8799,-2.27448,-0.498909,0.872412,-4.11404,0.48774], "K_F_ext_hat_K": [1.13604,0.798408,-11.0393,1.79102,-1.28788,0.125396], "O_dP_EE_d": [0,0,0,0,0,0], "O_ddP_O": [0,0,-9.81], "O_T_EE_c": [-0.0543051,-0.0208427,-0.998297,0,-0.274188,0.961652,-0.00516242,0,0.960141,0.273446,-0.0579385,0,0.751494,0.366361,0.298456,1], "O_dP_EE_c": [0,0,0,0,0,0], "O_ddP_EE_c": [0,0,0,0,0,0], "theta": [-0.16924,0.85568,0.831517,-1.51662,-2.85813,2.46197,-0.0347926], "dtheta": [0,0,0,0,0,0,0], "current_errors": [], "last_motion_errors": ["cartesian_reflex"], "control_command_success_rate": 0, "robot_mode": "User stopped", "time": 3627848}