{"O_T_EE": [-0.0436157,-0.00123727,-0.999038,0,0.139532,0.990181,-0.00731792,0,0.989256,-0.139719,-0.0430156,0,0.833249,0.0276705,0.297025,1], "O_T_EE_d": [-0.0436276,-0.00123797,-0.999037,0,0.139549,0.990178,-0.00732103,0,0.989253,-0.139736,-0.0430272,0,0.833222,0.0276964,0.297008,1], "F_T_NE": [0.7071,-0.7071,0,0,0.7071,0.7071,0,0,0,0,1,0,0,0,0.1034,1], "NE_T_EE": [1,0,0,0,0,1,0,0,0,0,1,0,0,0,0,1], "F_T_EE": [0.7071,-0.7071,0,0,0.7071,0.7071,0,0,0,0,1,0,0,0,0.1034,1], "EE_T_K": [1,0,0,0,0,1,0,0,0,0,1,0,0,0,0,1], "m_ee": 0.73, "F_x_Cee": [-0.01,0,0.03], "I_ee": [0.001,0,0,0,0.0025,0,0,0,0.0017], "m_load": 0, "F_x_Cload": [0,0,0], "I_load": [0,0,0,0,0,0,0,0,0], "m_total": 0.73, "F_x_Ctotal": [-0.01,0,0.03], "I_total": [0.001,0,0,0,0.0025,0,0,0,0.0017], "elbow": [0.672164,-1], "elbow_d": [0.672181,-1], "elbow_c": [0.672181,-1], "delbow_c": [0,0], "ddelbow_c": [0,0], "tau_J": [0.560555,-43.2458,13.2074,17.146,0.295231,-2.10786,0.0615432], "tau_J_d": [0,0,0,0,0,0,0], "dtau_J": [-158.24,57.0656,-61.8372,147.739,4.37531,11.1514,-32.3431], "q": [-0.479671,0.778913,0.672164,-1.52634,-2.85481,2.46973,0.0988678], "dq": [0.00151796,-3.71331e-05,0.000822975,0.000140425,0.000235254,-0.000406017,0.000814128], "q_d": [-0.479675,0.778854,0.672181,-1.5265,-2.85476,2.46962,0.0988634], "dq_d": [0,0,0,0,0,0,0], "ddq_d": [0,0,0,0,0,0,0], "joint_contact": [0,0,0,0,0,0,0], "cartesian_contact": [0,0,0,0,0,0], "joint_collision": [0,0,0,0,0,0,0], "cartesian_collision": [0,0,0,0,0,0], "tau_ext_hat_filtered": [0.594176,-0.0874629,0.498511,-1.54058,0.211306,-0.932463,0.0960854], "O_F_ext_hat_K": [-9.85233,2.24791,-1.45644,-0.856883,-3.35894,0.650737], "K_F_ext_hat_K": [1.88201,0.861798,-9.9979,1.50204,-1.6399,0.147002], "O_dP_EE_d": [0,0,0,0,0,0], "O_ddP_O": [0,0,-9.81], "O_T_EE_c": [-0.0436276,-0.00123797,-0.999037,0,0.139549,0.990178,-0.00732103,0,0.989253,-0.139736,-0.0430272,0,0.833222,0.0276964,0.297008,1], "O_dP_EE_c": [0,0,0,0,0,0], "O_ddP_EE_c": [0,0,0,0,0,0], "theta": [-0.479631,0.775878,0.673092,-1.52514,-2.85478,2.4695,0.0988747], "dtheta": [0,0,0,0,0,0,0], "current_errors": [], "last_motion_errors": ["cartesian_reflex"], "control_command_success_rate": 0, "robot_mode": "User stopped", "time": 3925461}