{"O_T_EE": [-0.0388545,-0.00564058,-0.999219,0,0.420508,0.907024,-0.0214716,0,0.906454,-0.421023,-0.0328707,0,0.805245,-0.221179,0.309362,1], "O_T_EE_d": [-0.0387999,-0.0056428,-0.999221,0,0.420547,0.907007,-0.0214519,0,0.906439,-0.42106,-0.0328193,0,0.805245,-0.221184,0.309377,1], "F_T_NE": [0.7071,-0.7071,0,0,0.7071,0.7071,0,0,0,0,1,0,0,0,0.1034,1], "NE_T_EE": [1,0,0,0,0,1,0,0,0,0,1,0,0,0,0,1], "F_T_EE": [0.7071,-0.7071,0,0,0.7071,0.7071,0,0,0,0,1,0,0,0,0.1034,1], "EE_T_K": [1,0,0,0,0,1,0,0,0,0,1,0,0,0,0,1], "m_ee": 0.73, "F_x_Cee": [-0.01,0,0.03], "I_ee": [0.001,0,0,0,0.0025,0,0,0,0.0017], "m_load": 0, "F_x_Cload": [0,0,0], "I_load": [0,0,0,0,0,0,0,0,0], "m_total": 0.73, "F_x_Ctotal": [-0.01,0,0.03], "I_total": [0.001,0,0,0,0.0025,0,0,0,0.0017], "elbow": [-2.40492,-1], "elbow_d": [-2.40491,-1], "elbow_c": [-2.40491,-1], "delbow_c": [0,0], "ddelbow_c": [0,0], "tau_J": [0.524849,42.638,14.2191,17.2967,0.286076,-2.2278,0.163167], "tau_J_d": [0,0,0,0,0,0,0], "dtau_J": [-9.86893,-61.9244,-123.969,-58.3727,4.93603,10.6146,134.417], "q": [2.31358,-0.792344,-2.40492,-1.52111,-2.86745,2.47401,0.0460352], "dq": [9.20732e-05,0.00088747,0.000925953,0.0103082,0.000151542,-0.000447446,-0.00180165], "q_d": [2.31358,-0.792328,-2.40491,-1.52113,-2.86744,2.47394,0.046054], "dq_d": [0,0,0,0,0,0,0], "ddq_d": [0,0,0,0,0,0,0], "joint_contact": [0,0,0,0,0,0,0], "cartesian_contact": [0,0,0,0,0,0], "joint_collision": [0,0,0,0,0,0,0], "cartesian_collision": [0,0,0,0,0,0], "tau_ext_hat_filtered": [0.536828,0.0221334,0.373606,-1.03683,0.1623,-1.06871,0.09602], "O_F_ext_hat_K": [-6.19012,4.28347,-1.74099,-1.54112,-2.00604,0.575049], "K_F_ext_hat_K": [1.95602,1.31962,-7.35727,1.53568,-1.57467,0.133221], "O_dP_EE_d": [0,0,0,0,0,0], "O_ddP_O": [0,0,-9.81], "O_T_EE_c": [-0.0387999,-0.0056428,-0.999221,0,0.420547,0.907007,-0.0214519,0,0.906439,-0.42106,-0.0328193,0,0.805245,-0.221184,0.309377,1], "O_dP_EE_c": [0,0,0,0,0,0], "O_ddP_EE_c": [0,0,0,0,0,0], "theta": [2.31362,-0.789351,-2.40392,-1.5199,-2.86742,2.47376,0.046053], "dtheta": [0,0,0,0.0231558,0,0,0], "current_errors": [], "last_motion_errors": ["cartesian_reflex"], "control_command_success_rate": 0, "robot_mode": "User stopped", "time": 4241942}