{"O_T_EE": [-0.0630174,0.00389689,-0.997995,0,0.298931,0.954144,-0.01515,0,0.952191,-0.299292,-0.0612938,0,0.825337,-0.122495,0.296777,1], "O_T_EE_d": [-0.0630065,0.00387939,-0.997996,0,0.298944,0.95414,-0.0151644,0,0.952187,-0.299307,-0.0612779,0,0.825321,-0.122476,0.296777,1], "F_T_NE": [0.7071,-0.7071,0,0,0.7071,0.7071,0,0,0,0,1,0,0,0,0.1034,1], "NE_T_EE": [1,0,0,0,0,1,0,0,0,0,1,0,0,0,0,1], "F_T_EE": [0.7071,-0.7071,0,0,0.7071,0.7071,0,0,0,0,1,0,0,0,0.1034,1], "EE_T_K": [1,0,0,0,0,1,0,0,0,0,1,0,0,0,0,1], "m_ee": 0.73, "F_x_Cee": [-0.01,0,0.03], "I_ee": [0.001,0,0,0,0.0025,0,0,0,0.0017], "m_load": 0, "F_x_Cload": [0,0,0], "I_load": [0,0,0,0,0,0,0,0,0], "m_total": 0.73, "F_x_Ctotal": [-0.01,0,0.03], "I_total": [0.001,0,0,0,0.0025,0,0,0,0.0017], "elbow": [0.663831,-1], "elbow_d": [0.663849,-1], "elbow_c": [0.663849,-1], "delbow_c": [0,0], "ddelbow_c": [0,0], "tau_J": [0.413765,-43.4322,12.6798,17.3364,0.267765,-2.01723,0.0414016], "tau_J_d": [0,0,0,0,0,0,0], "dtau_J": [183.9,116.14,6.7303,-138.264,-19.8638,45.9775,10.0483], "q": [-0.656308,0.778609,0.663831,-1.51047,-2.85565,2.50956,0.0936067], "dq": [-0.00206056,-0.000517722,0.000140174,0.00200421,0.000338089,-0.000347121,0.000517794], "q_d": [-0.656318,0.778551,0.663849,-1.51058,-2.85563,2.50947,0.0936036], "dq_d": [0,0,0,0,0,0,0], "ddq_d": [0,0,0,0,0,0,0], "joint_contact": [0,0,0,0,0,0,0], "cartesian_contact": [0,0,0,0,0,0], "joint_collision": [0,0,0,0,0,0,0], "cartesian_collision": [0,0,0,0,0,0], "tau_ext_hat_filtered": [0.350107,-0.0384481,0.144065,-1.41974,0.135132,-0.872568,0.0320342], "O_F_ext_hat_K": [-8.65472,3.42189,-1.54732,-1.33516,-2.79441,0.369545], "K_F_ext_hat_K": [2.10299,0.701267,-9.17025,1.41794,-1.5652,0.0504707], "O_dP_EE_d": [0,0,0,0,0,0], "O_ddP_O": [0,0,-9.81], "O_T_EE_c": [-0.0630065,0.00387939,-0.997996,0,0.298944,0.95414,-0.0151644,0,0.952187,-0.299307,-0.0612779,0,0.825321,-0.122476,0.296777,1], "O_dP_EE_c": [0,0,0,0,0,0], "O_ddP_EE_c": [0,0,0,0,0,0], "theta": [-0.656279,0.775562,0.664722,-1.50925,-2.85562,2.50934,0.0936112], "dtheta": [0,0,0,0,0,0,0], "current_errors": [], "last_motion_errors": ["cartesian_reflex"], "control_command_success_rate": 0, "robot_mode": "User stopped", "time": 3982047}