{"O_T_EE": [-0.0301804,0.0313588,-0.999043,0,0.817648,0.575664,-0.00663114,0,0.574916,-0.817081,-0.0430151,0,0.589343,-0.596729,0.295888,1], "O_T_EE_d": [-0.0301665,0.031333,-0.999044,0,0.817651,0.57566,-0.0066349,0,0.574913,-0.817085,-0.0429859,0,0.589357,-0.596702,0.295893,1], "F_T_NE": [0.7071,-0.7071,0,0,0.7071,0.7071,0,0,0,0,1,0,0,0,0.1034,1], "NE_T_EE": [1,0,0,0,0,1,0,0,0,0,1,0,0,0,0,1], "F_T_EE": [0.7071,-0.7071,0,0,0.7071,0.7071,0,0,0,0,1,0,0,0,0.1034,1], "EE_T_K": [1,0,0,0,0,1,0,0,0,0,1,0,0,0,0,1], "m_ee": 0.73, "F_x_Cee": [-0.01,0,0.03], "I_ee": [0.001,0,0,0,0.0025,0,0,0,0.0017], "m_load": 0, "F_x_Cload": [0,0,0], "I_load": [0,0,0,0,0,0,0,0,0], "m_total": 0.73, "F_x_Ctotal": [-0.01,0,0.03], "I_total": [0.001,0,0,0,0.0025,0,0,0,0.0017], "elbow": [0.749543,-1], "elbow_d": [0.74956,-1], "elbow_c": [0.74956,-1], "delbow_c": [0,0], "ddelbow_c": [0,0], "tau_J": [0.635933,-43.583,15.0443,16.8405,0.112125,-2.08772,0.0514724], "tau_J_d": [0,0,0,0,0,0,0], "dtau_J": [12.7612,-100.182,-72.5342,-69.3454,24.4726,-12.2885,45.2263], "q": [-1.35532,0.831743,0.749543,-1.50236,-2.87905,2.4717,0.0432909], "dq": [0.00396897,0.000249927,0.000659167,0.00117128,-0.000906677,0.000218961,-0.00142656], "q_d": [-1.35531,0.831709,0.74956,-1.50244,-2.87903,2.47161,0.0432863], "dq_d": [0,0,0,0,0,0,0], "ddq_d": [0,0,0,0,0,0,0], "joint_contact": [0,0,0,0,0,0,0], "cartesian_contact": [0,0,0,0,0,0], "joint_collision": [0,0,0,0,0,0,0], "cartesian_collision": [0,0,0,0,0,0], "tau_ext_hat_filtered": [0.576957,-0.539139,0.465905,-1.09026,-0.0466038,-0.946818,0.0403809], "O_F_ext_hat_K": [-4.69006,7.8498,-0.903243,-3.11936,-1.77917,0.57644], "K_F_ext_hat_K": [1.29011,0.690033,-9.07146,1.26124,-1.61569,0.0406901], "O_dP_EE_d": [0,0,0,0,0,0], "O_ddP_O": [0,0,-9.81], "O_T_EE_c": [-0.0301665,0.031333,-0.999044,0,0.817651,0.57566,-0.0066349,0,0.574913,-0.817085,-0.0429859,0,0.589357,-0.596702,0.295893,1], "O_dP_EE_c": [0,0,0,0,0,0], "O_ddP_EE_c": [0,0,0,0,0,0], "theta": [-1.35528,0.828685,0.750599,-1.50118,-2.87904,2.47147,0.0432966], "dtheta": [0,0,0,0,0,0,0], "current_errors": [], "last_motion_errors": ["cartesian_reflex"], "control_command_success_rate": 0, "robot_mode": "User stopped", "time": 4666190}