{"O_T_EE": [0.0232266,-0.0266987,-0.999364,0,0.96307,0.268785,0.0152023,0,0.268213,-0.962829,0.0319563,0,0.347299,-0.768036,0.306348,1], "O_T_EE_d": [0.0233537,-0.0268625,-0.999357,0,0.963057,0.268828,0.0152794,0,0.26825,-0.962813,0.0321488,0,0.347354,-0.768025,0.306413,1], "F_T_NE": [0.7071,-0.7071,0,0,0.7071,0.7071,0,0,0,0,1,0,0,0,0.1034,1], "NE_T_EE": [1,0,0,0,0,1,0,0,0,0,1,0,0,0,0,1], "F_T_EE": [0.7071,-0.7071,0,0,0.7071,0.7071,0,0,0,0,1,0,0,0,0.1034,1], "EE_T_K": [1,0,0,0,0,1,0,0,0,0,1,0,0,0,0,1], "m_ee": 0.73, "F_x_Cee": [-0.01,0,0.03], "I_ee": [0.001,0,0,0,0.0025,0,0,0,0.0017], "m_load": 0, "F_x_Cload": [0,0,0], "I_load": [0,0,0,0,0,0,0,0,0], "m_total": 0.73, "F_x_Ctotal": [-0.01,0,0.03], "I_total": [0.001,0,0,0,0.0025,0,0,0,0.0017], "elbow": [2.84713,-1], "elbow_d": [2.84715,-1], "elbow_c": [2.84715,-1], "delbow_c": [0,0], "ddelbow_c": [0,0], "tau_J": [0.675606,46.7084,-4.94291,20.2127,-0.07098,-2.90895,0.153096], "tau_J_d": [0,0,0,0,0,0,0], "dtau_J": [-7.48476,-6.20796,-167.213,129.957,-5.71753,38.2388,53.4956], "q": [2.2455,-0.705822,2.84713,-1.45588,-2.81693,2.54936,0.715005], "dq": [0.000367198,0.000283185,0.000810442,0.00672544,-0.000403243,1.51657e-05,-0.000668314], "q_d": [2.24556,-0.705781,2.84715,-1.45588,-2.8169,2.5492,0.71503], "dq_d": [0,0,0,0,0,0,0], "ddq_d": [0,0,0,0,0,0,0], "joint_contact": [0,0,0,0,0,0,0], "cartesian_contact": [0,0,0,0,0,0], "joint_collision": [0,0,0,0,0,0,0], "cartesian_collision": [0,0,0,0,0,0], "tau_ext_hat_filtered": [0.606456,0.0929271,0.642556,-0.456968,0.48913,-1.20273,0.122024], "O_F_ext_hat_K": [-0.782316,6.20286,-2.2223,-2.16233,-0.253228,0.715237], "K_F_ext_hat_K": [2.03715,0.880041,-6.25314,0.812866,-2.12011,0.201308], "O_dP_EE_d": [0,0,0,0,0,0], "O_ddP_O": [0,0,-9.81], "O_T_EE_c": [0.0233537,-0.0268625,-0.999357,0,0.963057,0.268828,0.0152794,0,0.26825,-0.962813,0.0321488,0,0.347354,-0.768025,0.306413,1], "O_dP_EE_c": [0,0,0,0,0,0], "O_ddP_EE_c": [0,0,0,0,0,0], "theta": [2.24555,-0.702544,2.84678,-1.45446,-2.81694,2.54904,0.715022], "dtheta": [0,0,0,0.0239572,0,0,0], "current_errors": [], "last_motion_errors": ["cartesian_velocity_violation"], "control_command_success_rate": 0, "robot_mode": "User stopped", "time": 4972736}