{"O_T_EE": [-0.00537271,0.00697007,-0.999952,0,0.998876,0.0469172,-0.0050399,0,0.0468807,-0.998874,-0.00721445,0,0.158895,-0.833343,0.304895,1], "O_T_EE_d": [-0.005271,0.00690679,-0.999953,0,0.998877,0.0469091,-0.00494133,0,0.0468737,-0.998875,-0.00714643,0,0.158908,-0.83334,0.304917,1], "F_T_NE": [0.7071,-0.7071,0,0,0.7071,0.7071,0,0,0,0,1,0,0,0,0.1034,1], "NE_T_EE": [1,0,0,0,0,1,0,0,0,0,1,0,0,0,0,1], "F_T_EE": [0.7071,-0.7071,0,0,0.7071,0.7071,0,0,0,0,1,0,0,0,0.1034,1], "EE_T_K": [1,0,0,0,0,1,0,0,0,0,1,0,0,0,0,1], "m_ee": 0.73, "F_x_Cee": [-0.01,0,0.03], "I_ee": [0.001,0,0,0,0.0025,0,0,0,0.0017], "m_load": 0, "F_x_Cload": [0,0,0], "I_load": [0,0,0,0,0,0,0,0,0], "m_total": 0.73, "F_x_Ctotal": [-0.01,0,0.03], "I_total": [0.001,0,0,0,0.0025,0,0,0,0.0017], "elbow": [2.662,-1], "elbow_d": [2.66201,-1], "elbow_c": [2.66201,-1], "delbow_c": [0,0], "ddelbow_c": [0,0], "tau_J": [0.675606,46.522,-8.46586,19.1376,-0.335567,-2.51802,0.143025], "tau_J_d": [0,0,0,0,0,0,0], "dtau_J": [-34.9916,-127.914,17.5407,56.613,10.0252,-23.9871,1.38565], "q": [2.13678,-0.768056,2.662,-1.38848,-2.81745,2.65251,0.823368], "dq": [0.000620728,0.000635152,-5.02366e-05,-0.00310103,3.45857e-06,0.000214653,-0.00177694], "q_d": [2.1368,-0.768021,2.66201,-1.38852,-2.8174,2.65244,0.823406], "dq_d": [0,0,0,0,0,0,0], "ddq_d": [0,0,0,0,0,0,0], "joint_contact": [0,0,0,0,0,0,0], "cartesian_contact": [0,0,0,0,0,0], "joint_collision": [0,0,0,0,0,0,0], "cartesian_collision": [0,0,0,0,0,0], "tau_ext_hat_filtered": [0.766648,0.380155,0.69096,-0.764517,0.399416,-0.894276,0.144252], "O_F_ext_hat_K": [-0.315416,9.15798,-1.71707,-3.4097,-0.169166,0.879304], "K_F_ext_hat_K": [1.78255,0.123262,-9.15007,0.321571,-2.06083,0.251671], "O_dP_EE_d": [0,0,0,0,0,0], "O_ddP_O": [0,0,-9.81], "O_T_EE_c": [-0.005271,0.00690679,-0.999953,0,0.998877,0.0469091,-0.00494133,0,0.0468737,-0.998875,-0.00714643,0,0.158908,-0.83334,0.304917,1], "O_dP_EE_c": [0,0,0,0,0,0], "O_ddP_EE_c": [0,0,0,0,0,0], "theta": [2.13683,-0.764792,2.6614,-1.38714,-2.81749,2.65223,0.823383], "dtheta": [0,0,0,0,0,0,0], "current_errors": [], "last_motion_errors": ["cartesian_reflex"], "control_command_success_rate": 0, "robot_mode": "User stopped", "time": 5133732}