{"O_T_EE": [0.0235214,0.0454183,-0.998681,0,0.886655,-0.46241,-0.000146726,0,-0.461816,-0.8855,-0.0511479,0,-0.291198,-0.806741,0.306107,1], "O_T_EE_d": [0.023501,0.0454038,-0.998683,0,0.886665,-0.462392,-0.000157088,0,-0.461799,-0.88551,-0.0511256,0,-0.291136,-0.806743,0.30609,1], "F_T_NE": [0.7071,-0.7071,0,0,0.7071,0.7071,0,0,0,0,1,0,0,0,0.1034,1], "NE_T_EE": [1,0,0,0,0,1,0,0,0,0,1,0,0,0,0,1], "F_T_EE": [0.7071,-0.7071,0,0,0.7071,0.7071,0,0,0,0,1,0,0,0,0.1034,1], "EE_T_K": [1,0,0,0,0,1,0,0,0,0,1,0,0,0,0,1], "m_ee": 0.73, "F_x_Cee": [-0.01,0,0.03], "I_ee": [0.001,0,0,0,0.0025,0,0,0,0.0017], "m_load": 0, "F_x_Cload": [0,0,0], "I_load": [0,0,0,0,0,0,0,0,0], "m_total": 0.73, "F_x_Ctotal": [-0.01,0,0.03], "I_total": [0.001,0,0,0,0.0025,0,0,0,0.0017], "elbow": [-2.47705,-1], "elbow_d": [-2.47701,-1], "elbow_c": [-2.47701,-1], "delbow_c": [0,0], "ddelbow_c": [0,0], "tau_J": [0.449471,46.4466,13.3582,17.4911,0.331852,-2.00716,0.0926712], "tau_J_d": [0,0,0,0,0,0,0], "dtau_J": [-21.2598,163.318,-63.7643,-31.1252,2.73208,16.1578,121.504], "q": [0.743646,-0.84987,-2.47705,-1.37038,-2.87702,2.58049,0.0803944], "dq": [-1.07872e-05,-0.00146808,0.00159114,0.00156788,-0.000101743,-8.82985e-05,-0.00116593], "q_d": [0.743664,-0.849832,-2.47701,-1.37053,-2.87702,2.58034,0.0803924], "dq_d": [0,0,0,0,0,0,0], "ddq_d": [0,0,0,0,0,0,0], "joint_contact": [0,0,0,0,0,0,0], "cartesian_contact": [0,0,0,0,0,0], "joint_collision": [0,0,0,0,0,0,0], "cartesian_collision": [0,0,0,0,0,0], "tau_ext_hat_filtered": [0.479224,0.665002,0.421058,-1.29502,0.0705784,-0.87344,0.050632], "O_F_ext_hat_K": [6.15626,10.3491,-0.82719,-3.99718,2.44981,0.479959], "K_F_ext_hat_K": [1.44097,0.673082,-11.9649,1.47239,-1.69965,0.0525803], "O_dP_EE_d": [0,0,0,0,0,0], "O_ddP_O": [0,0,-9.81], "O_T_EE_c": [0.023501,0.0454038,-0.998683,0,0.886665,-0.462392,-0.000157088,0,-0.461799,-0.88551,-0.0511256,0,-0.291136,-0.806743,0.30609,1], "O_dP_EE_c": [0,0,0,0,0,0], "O_ddP_EE_c": [0,0,0,0,0,0], "theta": [0.743677,-0.84661,-2.47611,-1.36915,-2.87699,2.58027,0.0804046], "dtheta": [0,0,0,0,0,0,0], "current_errors": [], "last_motion_errors": ["cartesian_reflex"], "control_command_success_rate": 0, "robot_mode": "User stopped", "time": 5584085}