{"O_T_EE": [0.00626295,-0.0332611,-0.999417,0,-0.896084,-0.443769,0.00915346,0,-0.443823,0.895522,-0.0325847,0,-0.516385,0.695266,0.39635,1], "O_T_EE_d": [0.00611352,-0.033037,-0.999426,0,-0.896213,-0.443507,0.00917842,0,-0.443564,0.89566,-0.0323202,0,-0.516265,0.695349,0.396485,1], "F_T_NE": [0.7071,-0.7071,0,0,0.7071,0.7071,0,0,0,0,1,0,0,0,0.1034,1], "NE_T_EE": [1,0,0,0,0,1,0,0,0,0,1,0,0,0,0,1], "F_T_EE": [0.7071,-0.7071,0,0,0.7071,0.7071,0,0,0,0,1,0,0,0,0.1034,1], "EE_T_K": [1,0,0,0,0,1,0,0,0,0,1,0,0,0,0,1], "m_ee": 0.73, "F_x_Cee": [-0.01,0,0.03], "I_ee": [0.001,0,0,0,0.0025,0,0,0,0.0017], "m_load": 0, "F_x_Cload": [0,0,0], "I_load": [0,0,0,0,0,0,0,0,0], "m_total": 0.73, "F_x_Ctotal": [-0.01,0,0.03], "I_total": [0.001,0,0,0,0.0025,0,0,0,0.0017], "elbow": [0.295864,-1], "elbow_d": [0.29583,-1], "elbow_c": [0.29583,-1], "delbow_c": [0,0], "ddelbow_c": [0,0], "tau_J": [-0.895439,-48.5223,4.769,20.9387,0.560734,-2.52809,0.153096], "tau_J_d": [0,0,0,0,0,0,0], "dtau_J": [67.8347,-83.1436,76.8098,-21.1606,-14.678,2.82745,95.4987], "q": [1.99479,0.698065,0.295864,-1.24237,-2.61914,2.74082,0.121296], "dq": [-0.000303871,0.000662477,3.44415e-05,-0.000189011,0.000152471,3.88335e-05,-0.00262836], "q_d": [1.99468,0.697886,0.29583,-1.24245,-2.61908,2.74059,0.121317], "dq_d": [0,0,0,0,0,0,0], "ddq_d": [0,0,0,0,0,0,0], "joint_contact": [0,0,0,0,0,0,0], "cartesian_contact": [0,0,0,0,0,0], "joint_collision": [0,0,0,0,0,0,0], "cartesian_collision": [0,0,0,0,0,0], "tau_ext_hat_filtered": [-0.879873,-1.05052,-0.480176,-0.562907,0.154515,-1.3217,0.0815753], "O_F_ext_hat_K": [6.11975,-9.83592,-1.90652,4.27872,2.41597,-0.773134], "K_F_ext_hat_K": [2.27093,-1.1364,-11.4622,1.57473,-1.97591,0.168031], "O_dP_EE_d": [0,0,0,0,0,0], "O_ddP_O": [0,0,-9.81], "O_T_EE_c": [0.00611352,-0.033037,-0.999426,0,-0.896213,-0.443507,0.00917842,0,-0.443564,0.89566,-0.0323202,0,-0.516265,0.695349,0.396485,1], "O_dP_EE_c": [0,0,0,0,0,0], "O_ddP_EE_c": [0,0,0,0,0,0], "theta": [1.99473,0.69466,0.296199,-1.2409,-2.61908,2.74054,0.121314], "dtheta": [0,0,0,0,0,0,0], "current_errors": [], "last_motion_errors": [], "control_command_success_rate": 0, "robot_mode": "User stopped", "time": 980384}