{"O_T_EE": [0.000475516,-0.0244102,-0.999692,0,-0.810007,-0.586238,0.0139293,0,-0.586409,0.809767,-0.0200516,0,-0.630534,0.59698,0.395689,1], "O_T_EE_d": [0.000258013,-0.0241909,-0.999698,0,-0.810126,-0.586073,0.0139729,0,-0.586245,0.809893,-0.0197493,0,-0.630469,0.597045,0.39586,1], "F_T_NE": [0.7071,-0.7071,0,0,0.7071,0.7071,0,0,0,0,1,0,0,0,0.1034,1], "NE_T_EE": [1,0,0,0,0,1,0,0,0,0,1,0,0,0,0,1], "F_T_EE": [0.7071,-0.7071,0,0,0.7071,0.7071,0,0,0,0,1,0,0,0,0.1034,1], "EE_T_K": [1,0,0,0,0,1,0,0,0,0,1,0,0,0,0,1], "m_ee": 0.73, "F_x_Cee": [-0.01,0,0.03], "I_ee": [0.001,0,0,0,0.0025,0,0,0,0.0017], "m_load": 0, "F_x_Cload": [0,0,0], "I_load": [0,0,0,0,0,0,0,0,0], "m_total": 0.73, "F_x_Ctotal": [-0.01,0,0.03], "I_total": [0.001,0,0,0,0.0025,0,0,0,0.0017], "elbow": [0.20351,-1], "elbow_d": [0.20349,-1], "elbow_c": [0.20349,-1], "delbow_c": [0,0], "ddelbow_c": [0,0], "tau_J": [-0.296379,-49.2403,3.53121,21.3632,0.779545,-2.56837,0.0615432], "tau_J_d": [0,0,0,0,0,0,0], "dtau_J": [110.842,-19.4807,205.29,-3.82548,6.0084,-34.7604,19.9497], "q": [2.23657,0.696914,0.20351,-1.22947,-2.61568,2.7413,0.179761], "dq": [-0.00127967,0.000437193,-0.000522596,0.0013488,-0.000475409,0.000392905,-0.000198938], "q_d": [2.23651,0.696731,0.20349,-1.2295,-2.61563,2.7411,0.179773], "dq_d": [0,0,0,0,0,0,0], "ddq_d": [0,0,0,0,0,0,0], "joint_contact": [0,0,0,0,0,0,0], "cartesian_contact": [0,0,0,0,0,0], "joint_collision": [0,0,0,0,0,0,0], "cartesian_collision": [0,0,0,0,0,0], "tau_ext_hat_filtered": [-0.274097,-1.20524,-0.166817,-0.43535,0.453169,-1.25621,0.066562], "O_F_ext_hat_K": [5.91873,-8.65115,-1.01803,3.93041,2.59932,-0.210596], "K_F_ext_hat_K": [1.23173,0.263235,-10.4558,2.11,-1.46013,0.117089], "O_dP_EE_d": [0,0,0,0,0,0], "O_ddP_O": [0,0,-9.81], "O_T_EE_c": [0.000258013,-0.0241909,-0.999698,0,-0.810126,-0.586073,0.0139729,0,-0.586245,0.809893,-0.0197493,0,-0.630469,0.597045,0.39586,1], "O_dP_EE_c": [0,0,0,0,0,0], "O_ddP_EE_c": [0,0,0,0,0,0], "theta": [2.23655,0.693458,0.203757,-1.22797,-2.61559,2.74101,0.179768], "dtheta": [0,0,0,0,0,0,0], "current_errors": [], "last_motion_errors": [], "control_command_success_rate": 0, "robot_mode": "User stopped", "time": 862812}