{"O_T_EE": [0.00393529,-0.0169932,-0.999838,0,-0.960361,-0.278723,0.00095726,0,-0.278699,0.96022,-0.0174168,0,-0.388996,0.770543,0.396869,1], "O_T_EE_d": [0.00383331,-0.0167966,-0.999842,0,-0.960374,-0.278677,0.000999579,0,-0.278655,0.960237,-0.0171996,0,-0.388973,0.770559,0.396989,1], "F_T_NE": [0.7071,-0.7071,0,0,0.7071,0.7071,0,0,0,0,1,0,0,0,0.1034,1], "NE_T_EE": [1,0,0,0,0,1,0,0,0,0,1,0,0,0,0,1], "F_T_EE": [0.7071,-0.7071,0,0,0.7071,0.7071,0,0,0,0,1,0,0,0,0.1034,1], "EE_T_K": [1,0,0,0,0,1,0,0,0,0,1,0,0,0,0,1], "m_ee": 0.73, "F_x_Cee": [-0.01,0,0.03], "I_ee": [0.001,0,0,0,0.0025,0,0,0,0.0017], "m_load": 0, "F_x_Cload": [0,0,0], "I_load": [0,0,0,0,0,0,0,0,0], "m_total": 0.73, "F_x_Ctotal": [-0.01,0,0.03], "I_total": [0.001,0,0,0,0.0025,0,0,0,0.0017], "elbow": [-0.450315,-1], "elbow_d": [-0.450361,-1], "elbow_c": [-0.450361,-1], "delbow_c": [0,0], "ddelbow_c": [0,0], "tau_J": [0.112252,-47.6931,-7.52958,20.2881,-0.0801353,-2.72859,0.184224], "tau_J_d": [0,0,0,0,0,0,0], "dtau_J": [34.5321,-29.9626,9.67455,57.1211,-22.7087,20.4051,21.9451], "q": [2.3458,0.727523,-0.450315,-1.19424,-2.6234,2.86716,0.583338], "dq": [0.000398223,0.00117131,0.000432432,0.00642256,2.1008e-05,-0.000581624,3.34221e-05], "q_d": [2.3458,0.727428,-0.450361,-1.19422,-2.62338,2.86706,0.583346], "dq_d": [0,0,0,0,0,0,0], "ddq_d": [0,0,0,0,0,0,0], "joint_contact": [0,0,0,0,0,0,0], "cartesian_contact": [0,0,0,0,0,0], "joint_collision": [0,0,0,0,0,0,0], "cartesian_collision": [0,0,0,0,0,0], "tau_ext_hat_filtered": [0.0954397,-0.669132,-0.19589,-0.624231,0.270654,-1.17629,0.189334], "O_F_ext_hat_K": [3.80901,-10.0195,-2.85086,4.18862,1.33496,0.138131], "K_F_ext_hat_K": [3.03571,-0.868105,-10.6329,0.8179,-2.57417,0.238172], "O_dP_EE_d": [0,0,0,0,0,0], "O_ddP_O": [0,0,-9.81], "O_T_EE_c": [0.00383331,-0.0167966,-0.999842,0,-0.960374,-0.278677,0.000999579,0,-0.278655,0.960237,-0.0171996,0,-0.388973,0.770559,0.396989,1], "O_dP_EE_c": [0,0,0,0,0,0], "O_ddP_EE_c": [0,0,0,0,0,0], "theta": [2.34581,0.724176,-0.450843,-1.19282,-2.6234,2.86686,0.583359], "dtheta": [0,0,0,0.0253337,0,0,0], "current_errors": [], "last_motion_errors": [], "control_command_success_rate": 0, "robot_mode": "User stopped", "time": 1146352}