{"O_T_EE": [0.0198438,-0.0183069,-0.999626,0,-0.974711,-0.222903,-0.015267,0,-0.222545,0.974668,-0.0222676,0,-0.343902,0.790427,0.396726,1], "O_T_EE_d": [0.0197767,-0.0182413,-0.999628,0,-0.974744,-0.222763,-0.0152194,0,-0.222407,0.974701,-0.0221866,0,-0.343805,0.790463,0.396767,1], "F_T_NE": [0.7071,-0.7071,0,0,0.7071,0.7071,0,0,0,0,1,0,0,0,0.1034,1], "NE_T_EE": [1,0,0,0,0,1,0,0,0,0,1,0,0,0,0,1], "F_T_EE": [0.7071,-0.7071,0,0,0.7071,0.7071,0,0,0,0,1,0,0,0,0.1034,1], "EE_T_K": [1,0,0,0,0,1,0,0,0,0,1,0,0,0,0,1], "m_ee": 0.73, "F_x_Cee": [-0.01,0,0.03], "I_ee": [0.001,0,0,0,0.0025,0,0,0,0.0017], "m_load": 0, "F_x_Cload": [0,0,0], "I_load": [0,0,0,0,0,0,0,0,0], "m_total": 0.73, "F_x_Ctotal": [-0.01,0,0.03], "I_total": [0.001,0,0,0,0.0025,0,0,0,0.0017], "elbow": [-0.503264,-1], "elbow_d": [-0.503337,-1], "elbow_c": [-0.503337,-1], "delbow_c": [0,0], "ddelbow_c": [0,0], "tau_J": [-0.41143,-47.3162,-8.65629,19.6771,-0.216549,-2.44844,0.214436], "tau_J_d": [0,0,0,0,0,0,0], "dtau_J": [88.2634,-19.3992,-38.3273,38.5431,-24.1229,9.09518,70.4455], "q": [2.3238,0.737305,-0.503264,-1.19169,-2.62449,2.88351,0.603428], "dq": [-0.00106749,-0.000844411,0.000740509,-0.000385123,0.00058993,-0.000429889,-0.00209336], "q_d": [2.32375,0.73725,-0.503337,-1.19175,-2.62447,2.88345,0.603473], "dq_d": [0,0,0,0,0,0,0], "ddq_d": [0,0,0,0,0,0,0], "joint_contact": [0,0,0,0,0,0,0], "cartesian_contact": [0,0,0,0,0,0], "joint_collision": [0,0,0,0,0,0,0], "cartesian_collision": [0,0,0,0,0,0], "tau_ext_hat_filtered": [-0.520849,-0.584626,-0.407841,-1.06695,0.208854,-0.887741,0.182294], "O_F_ext_hat_K": [4.73301,-10.7172,-2.95019,4.21301,1.68658,-0.425205], "K_F_ext_hat_K": [3.23927,-2.17942,-11.4333,0.40003,-2.41319,0.300495], "O_dP_EE_d": [0,0,0,0,0,0], "O_ddP_O": [0,0,-9.81], "O_T_EE_c": [0.0197767,-0.0182413,-0.999628,0,-0.974744,-0.222763,-0.0152194,0,-0.222407,0.974701,-0.0221866,0,-0.343805,0.790463,0.396767,1], "O_dP_EE_c": [0,0,0,0,0,0], "O_ddP_EE_c": [0,0,0,0,0,0], "theta": [2.32377,0.733984,-0.503871,-1.19031,-2.62452,2.88324,0.603454], "dtheta": [0,0,0,0,0,0,0], "current_errors": [], "last_motion_errors": [], "control_command_success_rate": 0, "robot_mode": "User stopped", "time": 1164981}