{"O_T_EE": [-0.00808322,0.0220312,-0.999715,0,-0.992247,-0.124088,0.00528827,0,-0.123938,0.992026,0.0228638,0,-0.247698,0.822418,0.409836,1], "O_T_EE_d": [-0.00808997,0.0223051,-0.999709,0,-0.992275,-0.123871,0.00526603,0,-0.12372,0.992047,0.0231354,0,-0.247532,0.822467,0.40999,1], "F_T_NE": [0.7071,-0.7071,0,0,0.7071,0.7071,0,0,0,0,1,0,0,0,0.1034,1], "NE_T_EE": [1,0,0,0,0,1,0,0,0,0,1,0,0,0,0,1], "F_T_EE": [0.7071,-0.7071,0,0,0.7071,0.7071,0,0,0,0,1,0,0,0,0.1034,1], "EE_T_K": [1,0,0,0,0,1,0,0,0,0,1,0,0,0,0,1], "m_ee": 0.73, "F_x_Cee": [-0.01,0,0.03], "I_ee": [0.001,0,0,0,0.0025,0,0,0,0.0017], "m_load": 0, "F_x_Cload": [0,0,0], "I_load": [0,0,0,0,0,0,0,0,0], "m_total": 0.73, "F_x_Ctotal": [-0.01,0,0.03], "I_total": [0.001,0,0,0,0.0025,0,0,0,0.0017], "elbow": [2.78162,-1], "elbow_d": [2.7815,-1], "elbow_c": [2.7815,-1], "delbow_c": [0,0], "ddelbow_c": [0,0], "tau_J": [-0.744682,47.5376,-6.74009,20.6332,-0.115841,-2.74873,-0.0300095], "tau_J_d": [0,0,0,0,0,0,0], "dtau_J": [-67.9314,-231.734,24.179,76.2595,-26.3079,-10.2819,-66.5036], "q": [-1.01917,-0.674389,2.78162,-1.24562,-2.69874,2.80264,0.590864], "dq": [0.000590867,0.00115654,0.000538872,-0.00046225,0.000456298,0.000245113,0.00112773], "q_d": [-1.01927,-0.674261,2.7815,-1.24561,-2.69874,2.80253,0.59086], "dq_d": [0,0,0,0,0,0,0], "ddq_d": [0,0,0,0,0,0,0], "joint_contact": [0,0,0,0,0,0,0], "cartesian_contact": [0,0,0,0,0,0], "joint_collision": [0,0,0,0,0,0,0], "cartesian_collision": [0,0,0,0,0,0], "tau_ext_hat_filtered": [-0.707293,0.908947,-0.971759,-0.778823,0.274519,-1.0752,0.0186174], "O_F_ext_hat_K": [2.42445,-10.4692,-2.23934,4.597,0.746035,-0.718052], "K_F_ext_hat_K": [1.9885,-1.11842,-10.7374,1.30637,-2.17656,0.0083004], "O_dP_EE_d": [0,0,0,0,0,0], "O_ddP_O": [0,0,-9.81], "O_T_EE_c": [-0.00808997,0.0223051,-0.999709,0,-0.992275,-0.123871,0.00526603,0,-0.12372,0.992047,0.0231354,0,-0.247532,0.822467,0.40999,1], "O_dP_EE_c": [0,0,0,0,0,0], "O_ddP_EE_c": [0,0,0,0,0,0], "theta": [-1.01922,-0.671053,2.78115,-1.24417,-2.69875,2.80234,0.590861], "dtheta": [0,0,0,0,0,0,0], "current_errors": [], "last_motion_errors": ["cartesian_reflex"], "control_command_success_rate": 0, "robot_mode": "User stopped", "time": 9581924}