{"O_T_EE": [-0.00264801,0.0275474,-0.999607,0,-0.998387,0.0564446,0.0042003,0,0.0565392,0.998026,0.0273541,0,-0.100144,0.849969,0.409901,1], "O_T_EE_d": [-0.00258142,0.0277507,-0.999602,0,-0.998366,0.0568268,0.00415584,0,0.0569206,0.997998,0.0275592,0,-0.0998468,0.850004,0.409986,1], "F_T_NE": [0.7071,-0.7071,0,0,0.7071,0.7071,0,0,0,0,1,0,0,0,0.1034,1], "NE_T_EE": [1,0,0,0,0,1,0,0,0,0,1,0,0,0,0,1], "F_T_EE": [0.7071,-0.7071,0,0,0.7071,0.7071,0,0,0,0,1,0,0,0,0.1034,1], "EE_T_K": [1,0,0,0,0,1,0,0,0,0,1,0,0,0,0,1], "m_ee": 0.73, "F_x_Cee": [-0.01,0,0.03], "I_ee": [0.001,0,0,0,0.0025,0,0,0,0.0017], "m_load": 0, "F_x_Cload": [0,0,0], "I_load": [0,0,0,0,0,0,0,0,0], "m_total": 0.73, "F_x_Ctotal": [-0.01,0,0.03], "I_total": [0.001,0,0,0,0.0025,0,0,0,0.0017], "elbow": [2.77334,-1], "elbow_d": [2.77317,-1], "elbow_c": [2.77317,-1], "delbow_c": [0,0], "ddelbow_c": [0,0], "tau_J": [-1.45483,46.4823,-7.04161,20.3635,-0.115841,-2.79909,0.0816849], "tau_J_d": [0,0,0,0,0,0,0], "dtau_J": [-81.0183,92.2276,-67.9848,19.6439,39.8583,54.549,-5.88056], "q": [-1.18335,-0.661935,2.77334,-1.27059,-2.69387,2.78686,0.587995], "dq": [0.00125396,-0.000703668,0.000644558,-0.00694211,-0.000683745,-0.000812405,-0.000475129], "q_d": [-1.18356,-0.661875,2.77317,-1.27062,-2.69385,2.78672,0.588003], "dq_d": [0,0,0,0,0,0,0], "ddq_d": [0,0,0,0,0,0,0], "joint_contact": [0,0,0,0,0,0,0], "cartesian_contact": [0,0,0,0,0,0], "joint_collision": [0,0,0,0,0,0,0], "cartesian_collision": [0,0,0,0,0,0], "tau_ext_hat_filtered": [-1.39105,0.163311,-1.13425,-1.00619,0.251286,-1.14717,0.0891893], "O_F_ext_hat_K": [1.50266,-8.18234,-3.09992,2.9548,0.337626,-1.34195], "K_F_ext_hat_K": [2.86938,-1.97515,-8.16602,0.878753,-2.23408,0.134277], "O_dP_EE_d": [0,0,0,0,0,0], "O_ddP_O": [0,0,-9.81], "O_T_EE_c": [-0.00258142,0.0277507,-0.999602,0,-0.998366,0.0568268,0.00415584,0,0.0569206,0.997998,0.0275592,0,-0.0998468,0.850004,0.409986,1], "O_dP_EE_c": [0,0,0,0,0,0], "O_ddP_EE_c": [0,0,0,0,0,0], "theta": [-1.18345,-0.658672,2.77285,-1.26916,-2.69389,2.78655,0.588004], "dtheta": [0,0,0,-0.0254137,0,0,0], "current_errors": [], "last_motion_errors": ["cartesian_velocity_violation"], "control_command_success_rate": 0, "robot_mode": "User stopped", "time": 5204529}