{"O_T_EE": [0.00760565,0.0266454,-0.999606,0,-0.99307,0.117356,-0.0044277,0,0.117194,0.992732,0.0273538,0,-0.0505826,0.852575,0.409554,1], "O_T_EE_d": [0.00772095,0.026848,-0.9996,0,-0.993016,0.117808,-0.00450593,0,0.117642,0.992673,0.0275706,0,-0.0502185,0.852599,0.409633,1], "F_T_NE": [0.7071,-0.7071,0,0,0.7071,0.7071,0,0,0,0,1,0,0,0,0.1034,1], "NE_T_EE": [1,0,0,0,0,1,0,0,0,0,1,0,0,0,0,1], "F_T_EE": [0.7071,-0.7071,0,0,0.7071,0.7071,0,0,0,0,1,0,0,0,0.1034,1], "EE_T_K": [1,0,0,0,0,1,0,0,0,0,1,0,0,0,0,1], "m_ee": 0.73, "F_x_Cee": [-0.01,0,0.03], "I_ee": [0.001,0,0,0,0.0025,0,0,0,0.0017], "m_load": 0, "F_x_Cload": [0,0,0], "I_load": [0,0,0,0,0,0,0,0,0], "m_total": 0.73, "F_x_Ctotal": [-0.01,0,0.03], "I_total": [0.001,0,0,0,0.0025,0,0,0,0.0017], "elbow": [2.70467,-1], "elbow_d": [2.70448,-1], "elbow_c": [2.70448,-1], "delbow_c": [0,0], "ddelbow_c": [0,0], "tau_J": [-1.41912,45.7285,-8.16832,19.9826,-0.0160484,-2.84853,0.132954], "tau_J_d": [0,0,0,0,0,0,0], "dtau_J": [-87.5756,-217.257,-134.566,71.3745,-7.17786,-19.3991,112.518], "q": [-1.19055,-0.668988,2.70467,-1.27691,-2.69225,2.79375,0.619757], "dq": [0.000666081,0.00311887,-0.0001622,-0.00031495,-0.000234008,0.0002657,-0.000523988], "q_d": [-1.19082,-0.668948,2.70448,-1.27694,-2.69225,2.7936,0.619769], "dq_d": [0,0,0,0,0,0,0], "ddq_d": [0,0,0,0,0,0,0], "joint_contact": [0,0,0,0,0,0,0], "cartesian_contact": [0,0,0,0,0,0], "joint_collision": [0,0,0,0,0,0,0], "cartesian_collision": [0,0,0,0,0,0], "tau_ext_hat_filtered": [-1.43506,-0.00868083,-1.14132,-1.14876,0.43379,-1.15978,0.0896972], "O_F_ext_hat_K": [0.550937,-7.834,-3.26222,2.66592,-0.0256795,-1.38223], "K_F_ext_hat_K": [3.05644,-1.45207,-7.80173,1.323,-2.22768,0.14089], "O_dP_EE_d": [0,0,0,0,0,0], "O_ddP_O": [0,0,-9.81], "O_T_EE_c": [0.00772095,0.026848,-0.9996,0,-0.993016,0.117808,-0.00450593,0,0.117642,0.992673,0.0275706,0,-0.0502185,0.852599,0.409633,1], "O_dP_EE_c": [0,0,0,0,0,0], "O_ddP_EE_c": [0,0,0,0,0,0], "theta": [-1.19065,-0.66578,2.7041,-1.27551,-2.69225,2.79344,0.619771], "dtheta": [0,0,0,0,0,0,0], "current_errors": [], "last_motion_errors": ["cartesian_velocity_violation"], "control_command_success_rate": 0, "robot_mode": "User stopped", "time": 5235604}