{"O_T_EE": [-0.0144776,0.0250577,-0.999572,0,-0.999878,0.0034041,0.0145674,0,0.00376774,0.99968,0.0250059,0,-0.149591,0.843758,0.409775,1], "O_T_EE_d": [-0.0143776,0.0252738,-0.999568,0,-0.999878,0.00378342,0.0144778,0,0.00414777,0.999673,0.0252168,0,-0.149305,0.843807,0.409859,1], "F_T_NE": [0.7071,-0.7071,0,0,0.7071,0.7071,0,0,0,0,1,0,0,0,0.1034,1], "NE_T_EE": [1,0,0,0,0,1,0,0,0,0,1,0,0,0,0,1], "F_T_EE": [0.7071,-0.7071,0,0,0.7071,0.7071,0,0,0,0,1,0,0,0,0.1034,1], "EE_T_K": [1,0,0,0,0,1,0,0,0,0,1,0,0,0,0,1], "m_ee": 0.73, "F_x_Cee": [-0.01,0,0.03], "I_ee": [0.001,0,0,0,0.0025,0,0,0,0.0017], "m_load": 0, "F_x_Cload": [0,0,0], "I_load": [0,0,0,0,0,0,0,0,0], "m_total": 0.73, "F_x_Ctotal": [-0.01,0,0.03], "I_total": [0.001,0,0,0,0.0025,0,0,0,0.0017], "elbow": [2.77033,-1], "elbow_d": [2.77012,-1], "elbow_c": [2.77012,-1], "delbow_c": [0,0], "ddelbow_c": [0,0], "tau_J": [-1.34374,46.5974,-7.11699,20.173,0.0205727,-2.8293,0.0514724], "tau_J_d": [0,0,0,0,0,0,0], "dtau_J": [-121.081,152.922,102.569,16.1265,11.1791,-3.43624,-16.2819], "q": [-1.12487,-0.667177,2.77033,-1.26244,-2.67543,2.79193,0.583669], "dq": [0.00148336,-0.00157364,-0.000237476,-0.000275467,-0.000164552,0.00010049,-0.00105259], "q_d": [-1.12504,-0.667116,2.77012,-1.26248,-2.6754,2.79178,0.583647], "dq_d": [0,0,0,0,0,0,0], "ddq_d": [0,0,0,0,0,0,0], "joint_contact": [0,0,0,0,0,0,0], "cartesian_contact": [0,0,0,0,0,0], "joint_collision": [0,0,0,0,0,0,0], "cartesian_collision": [0,0,0,0,0,0], "tau_ext_hat_filtered": [-1.30167,0.0219734,-1.22426,-1.26447,0.37059,-1.16085,0.074038], "O_F_ext_hat_K": [1.44122,-9.22286,-3.36465,3.23539,0.19053,-1.3004], "K_F_ext_hat_K": [3.1113,-1.52149,-9.29862,1.43274,-2.31586,0.0752786], "O_dP_EE_d": [0,0,0,0,0,0], "O_ddP_O": [0,0,-9.81], "O_T_EE_c": [-0.0143776,0.0252738,-0.999568,0,-0.999878,0.00378342,0.0144778,0,0.00414777,0.999673,0.0252168,0,-0.149305,0.843807,0.409859,1], "O_dP_EE_c": [0,0,0,0,0,0], "O_ddP_EE_c": [0,0,0,0,0,0], "theta": [-1.12497,-0.663907,2.76983,-1.26103,-2.67543,2.79162,0.583675], "dtheta": [0,0,0,0,0,0,0], "current_errors": [], "last_motion_errors": ["cartesian_velocity_violation"], "control_command_success_rate": 0, "robot_mode": "User stopped", "time": 5083508}