{"O_T_EE": [-0.00705802,0.0167093,-0.999826,0,-0.433547,0.900938,0.0181172,0,0.901101,0.433608,0.000885448,0,0.672674,0.498711,0.398049,1], "O_T_EE_d": [-0.00707282,0.0166297,-0.999827,0,-0.433407,0.901007,0.018052,0,0.901169,0.433468,0.000834785,0,0.672743,0.498634,0.397934,1], "F_T_NE": [0.7071,-0.7071,0,0,0.7071,0.7071,0,0,0,0,1,0,0,0,0.1034,1], "NE_T_EE": [1,0,0,0,0,1,0,0,0,0,1,0,0,0,0,1], "F_T_EE": [0.7071,-0.7071,0,0,0.7071,0.7071,0,0,0,0,1,0,0,0,0.1034,1], "EE_T_K": [1,0,0,0,0,1,0,0,0,0,1,0,0,0,0,1], "m_ee": 0.73, "F_x_Cee": [-0.01,0,0.03], "I_ee": [0.001,0,0,0,0.0025,0,0,0,0.0017], "m_load": 0, "F_x_Cload": [0,0,0], "I_load": [0,0,0,0,0,0,0,0,0], "m_total": 0.73, "F_x_Ctotal": [-0.01,0,0.03], "I_total": [0.001,0,0,0,0.0025,0,0,0,0.0017], "elbow": [-0.349688,-1], "elbow_d": [-0.349733,-1], "elbow_c": [-0.349733,-1], "delbow_c": [0,0], "ddelbow_c": [0,0], "tau_J": [-0.185295,-43.1307,-5.12938,19.7882,0.157902,-2.63887,0.153096], "tau_J_d": [0,0,0,0,0,0,0], "dtau_J": [0.580996,14.5793,-126.761,-34.2298,-33.2618,18.4711,115.536], "q": [0.914962,0.5974,-0.349688,-1.38898,-2.68058,2.75024,0.569732], "dq": [0.00101811,-0.000462025,0.00108219,1.30063e-05,8.72603e-05,-0.000247832,-0.00113876], "q_d": [0.914887,0.597545,-0.349733,-1.38903,-2.68056,2.75012,0.56975], "dq_d": [0,0,0,0,0,0,0], "ddq_d": [0,0,0,0,0,0,0], "joint_contact": [0,0,0,0,0,0,0], "cartesian_contact": [0,0,0,0,0,0], "joint_collision": [0,0,0,0,0,0,0], "cartesian_collision": [0,0,0,0,0,0], "tau_ext_hat_filtered": [-0.150652,1.49309,0.281419,-1.5214,0.494339,-1.04624,0.108667], "O_F_ext_hat_K": [-4.93013,-1.74727,-4.88396,-0.552378,-0.610039,0.0047759], "K_F_ext_hat_K": [4.88881,0.474786,-5.2045,1.2377,-2.27966,0.231076], "O_dP_EE_d": [0,0,0,0,0,0], "O_ddP_O": [0,0,-9.81], "O_T_EE_c": [-0.00707282,0.0166297,-0.999827,0,-0.433407,0.901007,0.018052,0,0.901169,0.433468,0.000834785,0,0.672743,0.498634,0.397934,1], "O_dP_EE_c": [0,0,0,0,0,0], "O_ddP_EE_c": [0,0,0,0,0,0], "theta": [0.914949,0.594373,-0.350048,-1.38759,-2.68056,2.74995,0.569749], "dtheta": [0,0,0,0,0,0,0], "current_errors": [], "last_motion_errors": ["cartesian_velocity_violation"], "control_command_success_rate": 0, "robot_mode": "User stopped", "time": 5443313}