{"O_T_EE": [-0.00704097,-0.0106061,-0.999909,0,-0.32118,0.946976,-0.00778297,0,0.946991,0.321102,-0.0100743,0,0.726457,0.414731,0.398083,1], "O_T_EE_d": [-0.00702634,-0.0106827,-0.999909,0,-0.32101,0.947033,-0.00786208,0,0.947049,0.320932,-0.0100836,0,0.726521,0.414628,0.397995,1], "F_T_NE": [0.7071,-0.7071,0,0,0.7071,0.7071,0,0,0,0,1,0,0,0,0.1034,1], "NE_T_EE": [1,0,0,0,0,1,0,0,0,0,1,0,0,0,0,1], "F_T_EE": [0.7071,-0.7071,0,0,0.7071,0.7071,0,0,0,0,1,0,0,0,0.1034,1], "EE_T_K": [1,0,0,0,0,1,0,0,0,0,1,0,0,0,0,1], "m_ee": 0.73, "F_x_Cee": [-0.01,0,0.03], "I_ee": [0.001,0,0,0,0.0025,0,0,0,0.0017], "m_load": 0, "F_x_Cload": [0,0,0], "I_load": [0,0,0,0,0,0,0,0,0], "m_total": 0.73, "F_x_Ctotal": [-0.01,0,0.03], "I_total": [0.001,0,0,0,0.0025,0,0,0,0.0017], "elbow": [-0.363152,-1], "elbow_d": [-0.363203,-1], "elbow_c": [-0.363203,-1], "delbow_c": [0,0], "ddelbow_c": [0,0], "tau_J": [-0.447135,-43.4322,-5.61735,19.9826,0.167057,-2.77895,0.071614], "tau_J_d": [0,0,0,0,0,0,0], "dtau_J": [-71.7328,18.1866,-80.7824,-9.0506,2.85203,-10.9189,-44.1392], "q": [0.804485,0.597795,-0.363152,-1.38557,-2.66811,2.76696,0.538621], "dq": [0.00104725,-0.0001542,-0.000182497,0.000581016,-0.00179477,-0.000119609,-0.000322917], "q_d": [0.8044,0.597894,-0.363203,-1.38565,-2.6681,2.76681,0.53862], "dq_d": [0,0,0,0,0,0,0], "ddq_d": [0,0,0,0,0,0,0], "joint_contact": [0,0,0,0,0,0,0], "cartesian_contact": [0,0,0,0,0,0], "joint_collision": [0,0,0,0,0,0,0], "cartesian_collision": [0,0,0,0,0,0], "tau_ext_hat_filtered": [-0.409682,1.09913,-0.120239,-1.28294,0.479683,-1.20422,0.0959802], "O_F_ext_hat_K": [-5.11146,-1.38104,-4.40915,-0.378698,-0.951039,-0.298073], "K_F_ext_hat_K": [4.45948,0.368206,-5.23954,1.43071,-2.28512,0.186164], "O_dP_EE_d": [0,0,0,0,0,0], "O_ddP_O": [0,0,-9.81], "O_T_EE_c": [-0.00702634,-0.0106827,-0.999909,0,-0.32101,0.947033,-0.00786208,0,0.947049,0.320932,-0.0100836,0,0.726521,0.414628,0.397995,1], "O_dP_EE_c": [0,0,0,0,0,0], "O_ddP_EE_c": [0,0,0,0,0,0], "theta": [0.804455,0.594747,-0.363547,-1.38417,-2.66809,2.76665,0.538629], "dtheta": [0,0,0,0,0,0,0], "current_errors": [], "last_motion_errors": ["cartesian_velocity_violation"], "control_command_success_rate": 0, "robot_mode": "User stopped", "time": 5539488}