{"O_T_EE": [-0.00422955,0.0269976,-0.999617,0,0.663766,0.747725,0.017386,0,0.747922,-0.663451,-0.021083,0,0.704444,-0.449933,0.396595,1], "O_T_EE_d": [-0.00396616,0.026658,-0.999627,0,0.663871,0.747634,0.0173039,0,0.747831,-0.663568,-0.0206631,0,0.704372,-0.44997,0.396914,1], "F_T_NE": [0.7071,-0.7071,0,0,0.7071,0.7071,0,0,0,0,1,0,0,0,0.1034,1], "NE_T_EE": [1,0,0,0,0,1,0,0,0,0,1,0,0,0,0,1], "F_T_EE": [0.7071,-0.7071,0,0,0.7071,0.7071,0,0,0,0,1,0,0,0,0.1034,1], "EE_T_K": [1,0,0,0,0,1,0,0,0,0,1,0,0,0,0,1], "m_ee": 0.73, "F_x_Cee": [-0.01,0,0.03], "I_ee": [0.001,0,0,0,0.0025,0,0,0,0.0017], "m_load": 0, "F_x_Cload": [0,0,0], "I_load": [0,0,0,0,0,0,0,0,0], "m_total": 0.73, "F_x_Ctotal": [-0.01,0,0.03], "I_total": [0.001,0,0,0,0.0025,0,0,0,0.0017], "elbow": [0.625336,-1], "elbow_d": [0.625379,-1], "elbow_c": [0.625379,-1], "delbow_c": [0,0], "ddelbow_c": [0,0], "tau_J": [0.298714,-42.9046,10.47,19.7525,0.77039,-2.3578,0.132954], "tau_J_d": [0,0,0,0,0,0,0], "dtau_J": [-26.2431,-4.91501,62.5499,-46.575,-32.9529,-2.03225,33.814], "q": [-1.04981,0.645222,0.625336,-1.44843,-2.73747,2.63017,0.0832517], "dq": [0.000430265,0.000716262,-0.000746506,0.00115522,0.000799856,-0.000126655,-0.0025042], "q_d": [-1.04995,0.644734,0.625379,-1.44854,-2.73742,2.63007,0.0832881], "dq_d": [0,0,0,0,0,0,0], "ddq_d": [0,0,0,0,0,0,0], "joint_contact": [0,0,0,0,0,0,0], "cartesian_contact": [0,0,0,0,0,0], "joint_collision": [0,0,0,0,0,0,0], "cartesian_collision": [0,0,0,0,0,0], "tau_ext_hat_filtered": [0.331571,-0.584546,0.272364,-0.682445,0.457051,-1.16371,0.109971], "O_F_ext_hat_K": [-4.5083,6.32284,-1.44495,-2.63602,-1.76418,0.344253], "K_F_ext_hat_K": [1.6342,1.7102,-7.53629,2.05708,-1.29636,0.121127], "O_dP_EE_d": [0,0,0,0,0,0], "O_ddP_O": [0,0,-9.81], "O_T_EE_c": [-0.00396616,0.026658,-0.999627,0,0.663871,0.747634,0.0173039,0,0.747831,-0.663568,-0.0206631,0,0.704372,-0.44997,0.396914,1], "O_dP_EE_c": [0,0,0,0,0,0], "O_ddP_EE_c": [0,0,0,0,0,0], "theta": [-1.04979,0.642211,0.626072,-1.44704,-2.73738,2.6299,0.0832664], "dtheta": [0,0,0,0,0,0,0], "current_errors": [], "last_motion_errors": [], "control_command_success_rate": 0, "robot_mode": "User stopped", "time": 1809117}