{"O_T_EE": [0.00299294,0.00582531,-0.999969,0,0.512023,0.858936,0.00653622,0,0.858964,-0.512036,-0.000411954,0,0.770904,-0.31761,0.408161,1], "O_T_EE_d": [0.0030957,0.00558924,-0.99997,0,0.512256,0.858798,0.00638601,0,0.858825,-0.51227,-0.000204545,0,0.770896,-0.317647,0.408261,1], "F_T_NE": [0.7071,-0.7071,0,0,0.7071,0.7071,0,0,0,0,1,0,0,0,0.1034,1], "NE_T_EE": [1,0,0,0,0,1,0,0,0,0,1,0,0,0,0,1], "F_T_EE": [0.7071,-0.7071,0,0,0.7071,0.7071,0,0,0,0,1,0,0,0,0.1034,1], "EE_T_K": [1,0,0,0,0,1,0,0,0,0,1,0,0,0,0,1], "m_ee": 0.73, "F_x_Cee": [-0.01,0,0.03], "I_ee": [0.001,0,0,0,0.0025,0,0,0,0.0017], "m_load": 0, "F_x_Cload": [0,0,0], "I_load": [0,0,0,0,0,0,0,0,0], "m_total": 0.73, "F_x_Ctotal": [-0.01,0,0.03], "I_total": [0.001,0,0,0,0.0025,0,0,0,0.0017], "elbow": [-1.75622,-1], "elbow_d": [-1.75621,-1], "elbow_c": [-1.75621,-1], "delbow_c": [0,0], "ddelbow_c": [0,0], "tau_J": [0.263009,37.4329,26.1804,9.36218,0.560734,-1.75722,0.0414016], "tau_J_d": [0,0,0,0,0,0,0], "dtau_J": [97.7369,28.579,-163.935,-52.8199,-2.20515,-56.5356,-30.7262], "q": [1.83372,-1.14408,-1.75622,-1.51987,-2.88096,2.45207,-0.546936], "dq": [-0.0056211,-0.00112494,0.00216377,0.00365526,5.36588e-05,0.000462833,0.00189927], "q_d": [1.83373,-1.14391,-1.75621,-1.51989,-2.88099,2.45175,-0.546947], "dq_d": [0,0,0,0,0,0,0], "ddq_d": [0,0,0,0,0,0,0], "joint_contact": [0,0,0,0,0,0,0], "cartesian_contact": [0,0,0,0,0,0], "joint_collision": [0,0,0,0,0,0,0], "cartesian_collision": [0,0,0,0,0,0], "tau_ext_hat_filtered": [0.199121,0.202422,0.0381496,-0.629561,-0.065704,-1.37502,0.0761366], "O_F_ext_hat_K": [-4.2864,4.98535,-1.48841,-1.91231,-1.40747,0.206482], "K_F_ext_hat_K": [1.5046,2.07768,-6.23393,2.26956,-0.885998,0.112486], "O_dP_EE_d": [0,0,0,0,0,0], "O_ddP_O": [0,0,-9.81], "O_T_EE_c": [0.0030957,0.00558924,-0.99997,0,0.512256,0.858798,0.00638601,0,0.858825,-0.51227,-0.000204545,0,0.770896,-0.317647,0.408261,1], "O_dP_EE_c": [0,0,0,0,0,0], "O_ddP_EE_c": [0,0,0,0,0,0], "theta": [1.83374,-1.14145,-1.75438,-1.51921,-2.8809,2.45187,-0.546931], "dtheta": [-0.0247866,0,0,0,0,0,0], "current_errors": [], "last_motion_errors": ["joint_position_limits_violation"], "control_command_success_rate": 0, "robot_mode": "User stopped", "time": 11355412}