{"O_T_EE": [-0.0106547,0.0209394,-0.999714,0,0.819009,0.573754,0.00328871,0,0.57367,-0.818756,-0.0232631,0,0.590081,-0.595047,0.409404,1], "O_T_EE_d": [-0.0105483,0.0204725,-0.999725,0,0.819181,0.573509,0.00310102,0,0.573426,-0.818939,-0.0228207,0,0.589913,-0.595159,0.409728,1], "F_T_NE": [0.7071,-0.7071,0,0,0.7071,0.7071,0,0,0,0,1,0,0,0,0.1034,1], "NE_T_EE": [1,0,0,0,0,1,0,0,0,0,1,0,0,0,0,1], "F_T_EE": [0.7071,-0.7071,0,0,0.7071,0.7071,0,0,0,0,1,0,0,0,0.1034,1], "EE_T_K": [1,0,0,0,0,1,0,0,0,0,1,0,0,0,0,1], "m_ee": 0.73, "F_x_Cee": [-0.01,0,0.03], "I_ee": [0.001,0,0,0,0.0025,0,0,0,0.0017], "m_load": 0, "F_x_Cload": [0,0,0], "I_load": [0,0,0,0,0,0,0,0,0], "m_total": 0.73, "F_x_Ctotal": [-0.01,0,0.03], "I_total": [0.001,0,0,0,0.0025,0,0,0,0.0017], "elbow": [-2.63071,-1], "elbow_d": [-2.63083,-1], "elbow_c": [-2.63083,-1], "delbow_c": [0,0], "ddelbow_c": [0,0], "tau_J": [-0.109916,43.6179,8.33162,19.7525,0.779545,-2.15822,0.0313308], "tau_J_d": [0,0,0,0,0,0,0], "dtau_J": [108.662,-169.011,-12.3771,-42.1262,2.06325,11.6283,130.023], "q": [1.9584,-0.611754,-2.63071,-1.41703,-2.68053,2.66679,0.0867325], "dq": [-0.000865837,0.00126709,-0.000104911,9.22246e-05,-2.92461e-05,0.000245679,-0.00242017], "q_d": [1.95824,-0.611263,-2.63083,-1.41711,-2.6805,2.6667,0.0867133], "dq_d": [0,0,0,0,0,0,0], "ddq_d": [0,0,0,0,0,0,0], "joint_contact": [0,0,0,0,0,0,0], "cartesian_contact": [0,0,0,0,0,0], "joint_collision": [0,0,0,0,0,0,0], "cartesian_collision": [0,0,0,0,0,0], "tau_ext_hat_filtered": [-0.15531,0.387166,0.228572,-1.18255,0.419862,-0.956836,-0.0210954], "O_F_ext_hat_K": [-4.88625,8.25199,-1.89317,-3.21727,-1.66324,0.0465431], "K_F_ext_hat_K": [2.11753,0.72652,-9.51542,1.90867,-1.24456,0.129298], "O_dP_EE_d": [0,0,0,0,0,0], "O_ddP_O": [0,0,-9.81], "O_T_EE_c": [-0.0105483,0.0204725,-0.999725,0,0.819181,0.573509,0.00310102,0,0.573426,-0.818939,-0.0228207,0,0.589913,-0.595159,0.409728,1], "O_dP_EE_c": [0,0,0,0,0,0], "O_ddP_EE_c": [0,0,0,0,0,0], "theta": [1.95839,-0.608693,-2.63012,-1.41564,-2.68044,2.66655,0.086737], "dtheta": [0,0,0,0,0,0,0], "current_errors": [], "last_motion_errors": [], "control_command_success_rate": 0, "robot_mode": "User stopped", "time": 1706459}