{"O_T_EE": [0.00320933,0.0515818,-0.998654,0,0.926032,0.376752,0.0224357,0,0.37741,-0.924875,-0.0465582,0,0.434941,-0.721301,0.394664,1], "O_T_EE_d": [0.00326865,0.0513543,-0.998666,0,0.926138,0.376495,0.0223917,0,0.37715,-0.924993,-0.0463314,0,0.434749,-0.721403,0.394825,1], "F_T_NE": [0.7071,-0.7071,0,0,0.7071,0.7071,0,0,0,0,1,0,0,0,0.1034,1], "NE_T_EE": [1,0,0,0,0,1,0,0,0,0,1,0,0,0,0,1], "F_T_EE": [0.7071,-0.7071,0,0,0.7071,0.7071,0,0,0,0,1,0,0,0,0.1034,1], "EE_T_K": [1,0,0,0,0,1,0,0,0,0,1,0,0,0,0,1], "m_ee": 0.73, "F_x_Cee": [-0.01,0,0.03], "I_ee": [0.001,0,0,0,0.0025,0,0,0,0.0017], "m_load": 0, "F_x_Cload": [0,0,0], "I_load": [0,0,0,0,0,0,0,0,0], "m_total": 0.73, "F_x_Ctotal": [-0.01,0,0.03], "I_total": [0.001,0,0,0,0.0025,0,0,0,0.0017], "elbow": [0.0964689,-1], "elbow_d": [0.0963598,-1], "elbow_c": [0.0963598,-1], "delbow_c": [0,0], "ddelbow_c": [0,0], "tau_J": [0.227303,-46.8639,1.76973,21.0538,0.386784,-2.33766,-0.0501511], "tau_J_d": [0,0,0,0,0,0,0], "dtau_J": [190.595,-69.9863,-56.5357,-149.543,46.2454,0.447398,-105.367], "q": [-1.10664,0.594776,0.0964689,-1.35821,-2.69539,2.76632,0.341834], "dq": [-0.000244883,0.00109364,0.00042683,0.000580226,-0.000547123,-0.000128873,0.00288952], "q_d": [-1.10681,0.594571,0.0963598,-1.35823,-2.69539,2.76627,0.341832], "dq_d": [0,0,0,0,0,0,0], "ddq_d": [0,0,0,0,0,0,0], "joint_contact": [0,0,0,0,0,0,0], "cartesian_contact": [0,0,0,0,0,0], "joint_collision": [0,0,0,0,0,0,0], "cartesian_collision": [0,0,0,0,0,0], "tau_ext_hat_filtered": [0.186133,-0.874386,0.14593,-0.603052,0.282041,-0.977697,0.0429657], "O_F_ext_hat_K": [-2.71183,8.40626,-1.62961,-3.71478,-1.03586,0.258335], "K_F_ext_hat_K": [2.05237,0.619284,-8.72234,1.40008,-1.74278,0.0973512], "O_dP_EE_d": [0,0,0,0,0,0], "O_ddP_O": [0,0,-9.81], "O_T_EE_c": [0.00326865,0.0513543,-0.998666,0,0.926138,0.376495,0.0223917,0,0.37715,-0.924993,-0.0463314,0,0.434749,-0.721403,0.394825,1], "O_dP_EE_c": [0,0,0,0,0,0], "O_ddP_EE_c": [0,0,0,0,0,0], "theta": [-1.10663,0.591487,0.0965929,-1.35673,-2.69535,2.76606,0.341828], "dtheta": [0,0,0,0,0,0,0], "current_errors": [], "last_motion_errors": [], "control_command_success_rate": 0, "robot_mode": "User stopped", "time": 2030210}