{"O_T_EE": [0.00346978,0.0445481,-0.998992,0,0.947712,0.318617,0.0174998,0,0.319081,-0.946835,-0.041114,0,0.39158,-0.74642,0.394483,1], "O_T_EE_d": [0.00344909,0.0443608,-0.999,0,0.947844,0.318229,0.0174035,0,0.318689,-0.946974,-0.0409503,0,0.391264,-0.746538,0.39463,1], "F_T_NE": [0.7071,-0.7071,0,0,0.7071,0.7071,0,0,0,0,1,0,0,0,0.1034,1], "NE_T_EE": [1,0,0,0,0,1,0,0,0,0,1,0,0,0,0,1], "F_T_EE": [0.7071,-0.7071,0,0,0.7071,0.7071,0,0,0,0,1,0,0,0,0.1034,1], "EE_T_K": [1,0,0,0,0,1,0,0,0,0,1,0,0,0,0,1], "m_ee": 0.73, "F_x_Cee": [-0.01,0,0.03], "I_ee": [0.001,0,0,0,0.0025,0,0,0,0.0017], "m_load": 0, "F_x_Cload": [0,0,0], "I_load": [0,0,0,0,0,0,0,0,0], "m_total": 0.73, "F_x_Ctotal": [-0.01,0,0.03], "I_total": [0.001,0,0,0,0.0025,0,0,0,0.0017], "elbow": [0.0884045,-1], "elbow_d": [0.0882594,-1], "elbow_c": [0.0882594,-1], "delbow_c": [0,0], "ddelbow_c": [0,0], "tau_J": [-0.109916,-46.4117,1.46822,20.3635,0.313541,-2.0273,-0.00986788], "tau_J_d": [0,0,0,0,0,0,0], "dtau_J": [-8.71561,-0.644844,-135.499,111.304,-28.7247,-21.1939,-105.242], "q": [-1.15882,0.59591,0.0884045,-1.35877,-2.69544,2.75877,0.341771], "dq": [0.000135101,1.05339e-05,0.00125539,-0.000448656,0.000348402,0.000228025,0.00206657], "q_d": [-1.15911,0.595611,0.0882594,-1.35894,-2.69544,2.75873,0.341761], "dq_d": [0,0,0,0,0,0,0], "ddq_d": [0,0,0,0,0,0,0], "joint_contact": [0,0,0,0,0,0,0], "cartesian_contact": [0,0,0,0,0,0], "joint_collision": [0,0,0,0,0,0,0], "cartesian_collision": [0,0,0,0,0,0], "tau_ext_hat_filtered": [-0.152842,-0.401767,-0.0130781,-1.39216,0.245979,-0.642314,0.0524367], "O_F_ext_hat_K": [-3.86621,10.371,-2.37567,-3.92233,-1.22954,-0.0367247], "K_F_ext_hat_K": [2.82192,-0.401264,-10.9556,1.17691,-1.74405,0.138807], "O_dP_EE_d": [0,0,0,0,0,0], "O_ddP_O": [0,0,-9.81], "O_T_EE_c": [0.00344909,0.0443608,-0.999,0,0.947844,0.318229,0.0174035,0,0.318689,-0.946974,-0.0409503,0,0.391264,-0.746538,0.39463,1], "O_dP_EE_c": [0,0,0,0,0,0], "O_ddP_EE_c": [0,0,0,0,0,0], "theta": [-1.15883,0.592654,0.0885075,-1.35734,-2.69541,2.75854,0.341771], "dtheta": [0,0,0,0,0,0,0], "current_errors": [], "last_motion_errors": [], "control_command_success_rate": 0, "robot_mode": "User stopped", "time": 2007764}