{"O_T_EE": [0.0226516,0.0114754,-0.999668,0,0.981536,0.189663,0.0244179,0,0.189884,-0.981782,-0.00696746,0,0.301568,-0.788564,0.394128,1], "O_T_EE_d": [0.022731,0.0111004,-0.99967,0,0.981634,0.189153,0.0244213,0,0.189365,-0.981885,-0.00659698,0,0.301186,-0.788679,0.394354,1], "F_T_NE": [0.7071,-0.7071,0,0,0.7071,0.7071,0,0,0,0,1,0,0,0,0.1034,1], "NE_T_EE": [1,0,0,0,0,1,0,0,0,0,1,0,0,0,0,1], "F_T_EE": [0.7071,-0.7071,0,0,0.7071,0.7071,0,0,0,0,1,0,0,0,0.1034,1], "EE_T_K": [1,0,0,0,0,1,0,0,0,0,1,0,0,0,0,1], "m_ee": 0.73, "F_x_Cee": [-0.01,0,0.03], "I_ee": [0.001,0,0,0,0.0025,0,0,0,0.0017], "m_load": 0, "F_x_Cload": [0,0,0], "I_load": [0,0,0,0,0,0,0,0,0], "m_total": 0.73, "F_x_Ctotal": [-0.01,0,0.03], "I_total": [0.001,0,0,0,0.0025,0,0,0,0.0017], "elbow": [-0.238671,-1], "elbow_d": [-0.238845,-1], "elbow_c": [-0.238845,-1], "delbow_c": [0,0], "ddelbow_c": [0,0], "tau_J": [-0.522514,-46.4117,-4.2288,20.903,0.0755044,-2.94923,0.0313308], "tau_J_d": [0,0,0,0,0,0,0], "dtau_J": [32.7147,135.133,29.349,11.1136,-11.6939,45.6234,-88.8509], "q": [-1.02019,0.611742,-0.238671,-1.35277,-2.70159,2.75708,0.537441], "dq": [-0.000188454,-0.00176422,-0.00138012,0.00065439,-0.00275455,-0.000755309,0.00160656], "q_d": [-1.02049,0.611423,-0.238845,-1.35293,-2.70156,2.75688,0.537428], "dq_d": [0,0,0,0,0,0,0], "ddq_d": [0,0,0,0,0,0,0], "joint_contact": [0,0,0,0,0,0,0], "cartesian_contact": [0,0,0,0,0,0], "joint_collision": [0,0,0,0,0,0,0], "cartesian_collision": [0,0,0,0,0,0], "tau_ext_hat_filtered": [-0.509434,-0.782493,-0.599184,-0.549843,0.342203,-1.40851,0.0843446], "O_F_ext_hat_K": [-2.22681,8.60669,-2.43641,-3.79525,-0.710852,-0.4576], "K_F_ext_hat_K": [2.48397,-0.612825,-8.85575,1.23753,-2.42097,0.12528], "O_dP_EE_d": [0,0,0,0,0,0], "O_ddP_O": [0,0,-9.81], "O_T_EE_c": [0.022731,0.0111004,-0.99967,0,0.981634,0.189153,0.0244213,0,0.189365,-0.981885,-0.00659698,0,0.301186,-0.788679,0.394354,1], "O_dP_EE_c": [0,0,0,0,0,0], "O_ddP_EE_c": [0,0,0,0,0,0], "theta": [-1.02023,0.608486,-0.238969,-1.3513,-2.70158,2.75676,0.537445], "dtheta": [0,0,0,0,0,0,0], "current_errors": [], "last_motion_errors": [], "control_command_success_rate": 0, "robot_mode": "User stopped", "time": 1859799}