{"O_T_EE": [-0.007134,-0.001326,-0.999964,0,0.996974,0.0772745,-0.00721514,0,0.0772828,-0.997009,0.000770726,0,0.207841,-0.820553,0.393524,1], "O_T_EE_d": [-0.00726763,-0.00162536,-0.999963,0,0.997022,0.0766358,-0.00737082,0,0.0766464,-0.997058,0.00106358,0,0.207362,-0.820676,0.393645,1], "F_T_NE": [0.7071,-0.7071,0,0,0.7071,0.7071,0,0,0,0,1,0,0,0,0.1034,1], "NE_T_EE": [1,0,0,0,0,1,0,0,0,0,1,0,0,0,0,1], "F_T_EE": [0.7071,-0.7071,0,0,0.7071,0.7071,0,0,0,0,1,0,0,0,0.1034,1], "EE_T_K": [1,0,0,0,0,1,0,0,0,0,1,0,0,0,0,1], "m_ee": 0.73, "F_x_Cee": [-0.01,0,0.03], "I_ee": [0.001,0,0,0,0.0025,0,0,0,0.0017], "m_load": 0, "F_x_Cload": [0,0,0], "I_load": [0,0,0,0,0,0,0,0,0], "m_total": 0.73, "F_x_Ctotal": [-0.01,0,0.03], "I_total": [0.001,0,0,0,0.0025,0,0,0,0.0017], "elbow": [-0.324031,-1], "elbow_d": [-0.324421,-1], "elbow_c": [-0.324421,-1], "delbow_c": [0,0], "ddelbow_c": [0,0], "tau_J": [-0.221,-45.7333,-5.28013,20.5936,0.0755044,-2.86867,0.0313308], "tau_J_d": [0,0,0,0,0,0,0], "dtau_J": [45.2057,-16.9027,-48.9428,-189.464,-13.3553,15.3541,-50.0215], "q": [-1.07411,0.632196,-0.324031,-1.33754,-2.71619,2.76569,0.570724], "dq": [-0.000114088,0.000297288,0.00142703,0.00132283,0.000785098,-0.000155418,0.00170514], "q_d": [-1.07437,0.63213,-0.324421,-1.33757,-2.71615,2.76551,0.570722], "dq_d": [0,0,0,0,0,0,0], "ddq_d": [0,0,0,0,0,0,0], "joint_contact": [0,0,0,0,0,0,0], "cartesian_contact": [0,0,0,0,0,0], "joint_collision": [0,0,0,0,0,0,0], "cartesian_collision": [0,0,0,0,0,0], "tau_ext_hat_filtered": [-0.221713,-0.0185212,-0.0885161,-0.734653,0.460806,-1.25554,0.0500177], "O_F_ext_hat_K": [-0.264247,6.99244,-3.06611,-2.47316,0.198239,-0.0924325], "K_F_ext_hat_K": [3.05867,0.299018,-6.99431,1.34528,-2.247,0.160101], "O_dP_EE_d": [0,0,0,0,0,0], "O_ddP_O": [0,0,-9.81], "O_T_EE_c": [-0.00726763,-0.00162536,-0.999963,0,0.997022,0.0766358,-0.00737082,0,0.0766464,-0.997058,0.00106358,0,0.207362,-0.820676,0.393645,1], "O_dP_EE_c": [0,0,0,0,0,0], "O_ddP_EE_c": [0,0,0,0,0,0], "theta": [-1.07412,0.628987,-0.324402,-1.3361,-2.71618,2.76537,0.570727], "dtheta": [0,0,0,0,0,0,0], "current_errors": [], "last_motion_errors": [], "control_command_success_rate": 0, "robot_mode": "User stopped", "time": 1965639}