{"O_T_EE": [-0.0142429,0.0506695,-0.998604,0,0.963107,0.269082,-8.33567e-05,0,0.268707,-0.961783,-0.0526337,0,0.347683,-0.769318,0.394356,1], "O_T_EE_d": [-0.0142316,0.0505077,-0.998613,0,0.963214,0.268698,-0.000136976,0,0.268324,-0.961899,-0.0524748,0,0.347383,-0.769424,0.39448,1], "F_T_NE": [0.7071,-0.7071,0,0,0.7071,0.7071,0,0,0,0,1,0,0,0,0.1034,1], "NE_T_EE": [1,0,0,0,0,1,0,0,0,0,1,0,0,0,0,1], "F_T_EE": [0.7071,-0.7071,0,0,0.7071,0.7071,0,0,0,0,1,0,0,0,0.1034,1], "EE_T_K": [1,0,0,0,0,1,0,0,0,0,1,0,0,0,0,1], "m_ee": 0.73, "F_x_Cee": [-0.01,0,0.03], "I_ee": [0.001,0,0,0,0.0025,0,0,0,0.0017], "m_load": 0, "F_x_Cload": [0,0,0], "I_load": [0,0,0,0,0,0,0,0,0], "m_total": 0.73, "F_x_Ctotal": [-0.01,0,0.03], "I_total": [0.001,0,0,0,0.0025,0,0,0,0.0017], "elbow": [0.0184403,-1], "elbow_d": [0.0182748,-1], "elbow_c": [0.0182748,-1], "delbow_c": [0,0], "ddelbow_c": [0,0], "tau_J": [-0.109916,-46.5624,0.496234,20.5936,0.331852,-2.11793,0.143025], "tau_J_d": [0,0,0,0,0,0,0], "dtau_J": [-81.1079,-44.8438,-10.0027,19.6384,19.142,-14.2409,-43.8552], "q": [-1.16644,0.603399,0.0184403,-1.33484,-2.69538,2.79422,0.359851], "dq": [0.000269711,3.48302e-05,-2.00248e-05,0.00117232,-8.07323e-05,7.02274e-05,0.000823233], "q_d": [-1.16668,0.603179,0.0182748,-1.33496,-2.69538,2.79417,0.359878], "dq_d": [0,0,0,0,0,0,0], "ddq_d": [0,0,0,0,0,0,0], "joint_contact": [0,0,0,0,0,0,0], "cartesian_contact": [0,0,0,0,0,0], "joint_collision": [0,0,0,0,0,0,0], "cartesian_collision": [0,0,0,0,0,0], "tau_ext_hat_filtered": [-0.0892593,-0.219993,0.0401981,-1.16982,0.283498,-0.734767,0.157598], "O_F_ext_hat_K": [-2.74652,9.1985,-2.64228,-3.33508,-0.838267,0.0105815], "K_F_ext_hat_K": [3.14385,-0.169823,-9.44589,1.06377,-1.85749,0.237], "O_dP_EE_d": [0,0,0,0,0,0], "O_ddP_O": [0,0,-9.81], "O_T_EE_c": [-0.0142316,0.0505077,-0.998613,0,0.963214,0.268698,-0.000136976,0,0.268324,-0.961899,-0.0524748,0,0.347383,-0.769424,0.39448,1], "O_dP_EE_c": [0,0,0,0,0,0], "O_ddP_EE_c": [0,0,0,0,0,0], "theta": [-1.16645,0.600132,0.0184749,-1.3334,-2.69535,2.79398,0.359867], "dtheta": [0,0,0,0,0,0,0], "current_errors": [], "last_motion_errors": [], "control_command_success_rate": 0, "robot_mode": "User stopped", "time": 2053936}