{"O_T_EE": [-0.00662443,0.0575372,-0.998312,0,0.995634,-0.092475,-0.0119364,0,-0.0930075,-0.994051,-0.0566745,0,0.0596414,-0.848141,0.393547,1], "O_T_EE_d": [-0.00671317,0.0574816,-0.998314,0,0.995585,-0.0929793,-0.0120484,0,-0.0935169,-0.994007,-0.0566048,0,0.0592334,-0.848154,0.393579,1], "F_T_NE": [0.7071,-0.7071,0,0,0.7071,0.7071,0,0,0,0,1,0,0,0,0.1034,1], "NE_T_EE": [1,0,0,0,0,1,0,0,0,0,1,0,0,0,0,1], "F_T_EE": [0.7071,-0.7071,0,0,0.7071,0.7071,0,0,0,0,1,0,0,0,0.1034,1], "EE_T_K": [1,0,0,0,0,1,0,0,0,0,1,0,0,0,0,1], "m_ee": 0.73, "F_x_Cee": [-0.01,0,0.03], "I_ee": [0.001,0,0,0,0.0025,0,0,0,0.0017], "m_load": 0, "F_x_Cload": [0,0,0], "I_load": [0,0,0,0,0,0,0,0,0], "m_total": 0.73, "F_x_Ctotal": [-0.01,0,0.03], "I_total": [0.001,0,0,0,0.0025,0,0,0,0.0017], "elbow": [-0.291056,-1], "elbow_d": [-0.291251,-1], "elbow_c": [-0.291251,-1], "delbow_c": [0,0], "ddelbow_c": [0,0], "tau_J": [-0.260673,-47.0901,-4.79216,20.0183,0.0388833,-2.14815,0.0414016], "tau_J_d": [0,0,0,0,0,0,0], "dtau_J": [-16.3024,-44.1065,-111.223,68.2313,19.9716,12.1009,-27.9277], "q": [-1.29411,0.653374,-0.291056,-1.26805,-2.67408,2.86321,0.505735], "dq": [0.000235756,0.00019866,0.00080659,-0.00256283,-0.000700548,-0.000591911,0.0015066], "q_d": [-1.29442,0.6533,-0.291251,-1.26815,-2.67407,2.86314,0.505716], "dq_d": [0,0,0,0,0,0,0], "ddq_d": [0,0,0,0,0,0,0], "joint_contact": [0,0,0,0,0,0,0], "cartesian_contact": [0,0,0,0,0,0], "joint_collision": [0,0,0,0,0,0,0], "cartesian_collision": [0,0,0,0,0,0], "tau_ext_hat_filtered": [-0.267627,-0.523351,-0.246138,-1.46123,0.234979,-0.69286,0.0682677], "O_F_ext_hat_K": [0.101754,13.1006,-2.92444,-4.96385,0.31265,-0.162725], "K_F_ext_hat_K": [3.67267,-1.07529,-12.8664,1.04942,-2.2754,0.173636], "O_dP_EE_d": [0,0,0,0,0,0], "O_ddP_O": [0,0,-9.81], "O_T_EE_c": [-0.00671317,0.0574816,-0.998314,0,0.995585,-0.0929793,-0.0120484,0,-0.0935169,-0.994007,-0.0566048,0,0.0592334,-0.848154,0.393579,1], "O_dP_EE_c": [0,0,0,0,0,0], "O_ddP_EE_c": [0,0,0,0,0,0], "theta": [-1.29413,0.650069,-0.291392,-1.26664,-2.67407,2.86297,0.505739], "dtheta": [0,0,0,0,0,0,0], "current_errors": [], "last_motion_errors": [], "control_command_success_rate": 0, "robot_mode": "User stopped", "time": 2116858}