{"O_T_EE": [0.000965277,0.023718,-0.999709,0,0.926254,-0.376788,-0.00804491,0,-0.376876,-0.925994,-0.022333,0,-0.190977,-0.833603,0.392657,1], "O_T_EE_d": [0.000811627,0.0235334,-0.999713,0,0.926124,-0.377107,-0.00812527,0,-0.377198,-0.925869,-0.0221013,0,-0.191226,-0.833547,0.392762,1], "F_T_NE": [0.7071,-0.7071,0,0,0.7071,0.7071,0,0,0,0,1,0,0,0,0.1034,1], "NE_T_EE": [1,0,0,0,0,1,0,0,0,0,1,0,0,0,0,1], "F_T_EE": [0.7071,-0.7071,0,0,0.7071,0.7071,0,0,0,0,1,0,0,0,0.1034,1], "EE_T_K": [1,0,0,0,0,1,0,0,0,0,1,0,0,0,0,1], "m_ee": 0.73, "F_x_Cee": [-0.01,0,0.03], "I_ee": [0.001,0,0,0,0.0025,0,0,0,0.0017], "m_load": 0, "F_x_Cload": [0,0,0], "I_load": [0,0,0,0,0,0,0,0,0], "m_total": 0.73, "F_x_Ctotal": [-0.01,0,0.03], "I_total": [0.001,0,0,0,0.0025,0,0,0,0.0017], "elbow": [-0.0789706,-1], "elbow_d": [-0.0791143,-1], "elbow_c": [-0.0791143,-1], "delbow_c": [0,0], "ddelbow_c": [0,0], "tau_J": [-0.149589,-47.2408,-1.19383,20.8237,0.221989,-2.53816,-0.141704], "tau_J_d": [0,0,0,0,0,0,0], "dtau_J": [45.3076,-139.14,-107.198,60.5795,-28.3546,-34.9484,-44.512], "q": [-1.74041,0.645025,-0.0789706,-1.28389,-2.69501,2.78223,0.407403], "dq": [8.94218e-05,0.000709626,0.00110015,-0.0012089,0.000442189,-7.17256e-05,0.00113861], "q_d": [-1.74058,0.644921,-0.0791143,-1.28391,-2.69501,2.78208,0.407389], "dq_d": [0,0,0,0,0,0,0], "ddq_d": [0,0,0,0,0,0,0], "joint_contact": [0,0,0,0,0,0,0], "cartesian_contact": [0,0,0,0,0,0], "joint_collision": [0,0,0,0,0,0,0], "cartesian_collision": [0,0,0,0,0,0], "tau_ext_hat_filtered": [-0.152791,-0.0977506,-0.00193119,-0.936092,0.307474,-1.05846,-0.0747102], "O_F_ext_hat_K": [3.60507,7.72723,-2.70575,-2.59179,1.60636,0.0129977], "K_F_ext_hat_K": [2.89177,0.449465,-8.4536,1.53107,-1.93395,0.0620251], "O_dP_EE_d": [0,0,0,0,0,0], "O_ddP_O": [0,0,-9.81], "O_T_EE_c": [0.000811627,0.0235334,-0.999713,0,0.926124,-0.377107,-0.00812527,0,-0.377198,-0.925869,-0.0221013,0,-0.191226,-0.833547,0.392762,1], "O_dP_EE_c": [0,0,0,0,0,0], "O_ddP_EE_c": [0,0,0,0,0,0], "theta": [-1.74042,0.641709,-0.0790543,-1.28242,-2.69499,2.78195,0.407387], "dtheta": [0,0,0,0,0,0,0], "current_errors": [], "last_motion_errors": [], "control_command_success_rate": 0, "robot_mode": "User stopped", "time": 2215189}