{"O_T_EE": [-0.0104123,0.0415208,-0.999074,0,0.878235,-0.47733,-0.0289904,0,-0.4781,-0.87774,-0.0314955,0,-0.286805,-0.807817,0.392694,1], "O_T_EE_d": [-0.0105352,0.0413328,-0.99908,0,0.878102,-0.477572,-0.0290171,0,-0.478342,-0.877617,-0.0312637,0,-0.286997,-0.807757,0.392798,1], "F_T_NE": [0.7071,-0.7071,0,0,0.7071,0.7071,0,0,0,0,1,0,0,0,0.1034,1], "NE_T_EE": [1,0,0,0,0,1,0,0,0,0,1,0,0,0,0,1], "F_T_EE": [0.7071,-0.7071,0,0,0.7071,0.7071,0,0,0,0,1,0,0,0,0.1034,1], "EE_T_K": [1,0,0,0,0,1,0,0,0,0,1,0,0,0,0,1], "m_ee": 0.73, "F_x_Cee": [-0.01,0,0.03], "I_ee": [0.001,0,0,0,0.0025,0,0,0,0.0017], "m_load": 0, "F_x_Cload": [0,0,0], "I_load": [0,0,0,0,0,0,0,0,0], "m_total": 0.73, "F_x_Ctotal": [-0.01,0,0.03], "I_total": [0.001,0,0,0,0.0025,0,0,0,0.0017], "elbow": [-0.19519,-1], "elbow_d": [-0.195309,-1], "elbow_c": [-0.195309,-1], "delbow_c": [0,0], "ddelbow_c": [0,0], "tau_J": [0.338387,-47.467,-2.54271,20.8633,0.27692,-2.49879,0.132954], "tau_J_d": [0,0,0,0,0,0,0], "dtau_J": [-8.26105,89.1666,89.2103,-53.2973,-4.53438,11.0903,-15.6254], "q": [-1.77518,0.665142,-0.19519,-1.25099,-2.69456,2.8246,0.454437], "dq": [0.000847849,-0.00123039,-0.000756817,0.000859979,6.00339e-05,-3.03287e-06,0.000607466], "q_d": [-1.77532,0.66507,-0.195309,-1.25098,-2.69455,2.82446,0.45445], "dq_d": [0,0,0,0,0,0,0], "ddq_d": [0,0,0,0,0,0,0], "joint_contact": [0,0,0,0,0,0,0], "cartesian_contact": [0,0,0,0,0,0], "joint_collision": [0,0,0,0,0,0,0], "cartesian_collision": [0,0,0,0,0,0], "tau_ext_hat_filtered": [0.373479,-0.250815,0.492404,-0.706042,0.453576,-1.00403,0.165421], "O_F_ext_hat_K": [4.60912,7.05438,-2.72441,-2.53005,1.79012,0.524691], "K_F_ext_hat_K": [2.96685,0.759618,-8.30973,1.22635,-2.05145,0.305998], "O_dP_EE_d": [0,0,0,0,0,0], "O_ddP_O": [0,0,-9.81], "O_T_EE_c": [-0.0105352,0.0413328,-0.99908,0,0.878102,-0.477572,-0.0290171,0,-0.478342,-0.877617,-0.0312637,0,-0.286997,-0.807757,0.392798,1], "O_dP_EE_c": [0,0,0,0,0,0], "O_ddP_EE_c": [0,0,0,0,0,0], "theta": [-1.77516,0.661811,-0.195368,-1.24953,-2.69453,2.82432,0.454451], "dtheta": [0,0,0,0,0,0,0], "current_errors": [], "last_motion_errors": [], "control_command_success_rate": 0, "robot_mode": "User stopped", "time": 2293773}