{"O_T_EE": [0.0154174,0.0304916,-0.999406,0,0.962203,-0.272219,0.0065381,0,-0.271864,-0.961751,-0.0335366,0,-0.0936318,-0.846885,0.407325,1], "O_T_EE_d": [0.0152446,0.0304645,-0.99941,0,0.962079,-0.27266,0.00636383,0,-0.27231,-0.961627,-0.0334665,0,-0.093945,-0.846839,0.407318,1], "F_T_NE": [0.7071,-0.7071,0,0,0.7071,0.7071,0,0,0,0,1,0,0,0,0.1034,1], "NE_T_EE": [1,0,0,0,0,1,0,0,0,0,1,0,0,0,0,1], "F_T_EE": [0.7071,-0.7071,0,0,0.7071,0.7071,0,0,0,0,1,0,0,0,0.1034,1], "EE_T_K": [1,0,0,0,0,1,0,0,0,0,1,0,0,0,0,1], "m_ee": 0.73, "F_x_Cee": [-0.01,0,0.03], "I_ee": [0.001,0,0,0,0.0025,0,0,0,0.0017], "m_load": 0, "F_x_Cload": [0,0,0], "I_load": [0,0,0,0,0,0,0,0,0], "m_total": 0.73, "F_x_Ctotal": [-0.01,0,0.03], "I_total": [0.001,0,0,0,0.0025,0,0,0,0.0017], "elbow": [-2.52629,-1], "elbow_d": [-2.52647,-1], "elbow_c": [-2.52647,-1], "delbow_c": [0,0], "ddelbow_c": [0,0], "tau_J": [-0.336051,44.7883,10.6961,18.717,0.733769,-1.8268,0.0514724], "tau_J_d": [0,0,0,0,0,0,0], "dtau_J": [-49.321,-92.3527,55.9117,-39.8844,-1.72716,46.2437,18.2244], "q": [1.00739,-0.696621,-2.52629,-1.34119,-2.66383,2.67963,-0.0227805], "dq": [0.000910663,-5.33534e-05,-0.000975473,-0.000281675,-0.000647863,-0.000751216,-0.000249562], "q_d": [1.00714,-0.696508,-2.52647,-1.34132,-2.66383,2.67946,-0.0227818], "dq_d": [0,0,0,0,0,0,0], "ddq_d": [0,0,0,0,0,0,0], "joint_contact": [0,0,0,0,0,0,0], "cartesian_contact": [0,0,0,0,0,0], "joint_collision": [0,0,0,0,0,0,0], "cartesian_collision": [0,0,0,0,0,0], "tau_ext_hat_filtered": [-0.283942,0.752003,0.214749,-1.67014,0.186787,-0.789805,0.0409081], "O_F_ext_hat_K": [3.49063,14.5022,-2.26274,-5.57561,1.52201,-0.117788], "K_F_ext_hat_K": [2.75746,-0.603886,-14.8206,1.70014,-1.62122,0.188284], "O_dP_EE_d": [0,0,0,0,0,0], "O_ddP_O": [0,0,-9.81], "O_T_EE_c": [0.0152446,0.0304645,-0.99941,0,0.962079,-0.27266,0.00636383,0,-0.27231,-0.961627,-0.0334665,0,-0.093945,-0.846839,0.407318,1], "O_dP_EE_c": [0,0,0,0,0,0], "O_ddP_EE_c": [0,0,0,0,0,0], "theta": [1.00737,-0.693478,-2.52554,-1.33988,-2.66375,2.67942,-0.0227748], "dtheta": [0,0,0,0,0,0,0], "current_errors": [], "last_motion_errors": [], "control_command_success_rate": 0, "robot_mode": "User stopped", "time": 2739333}