{"O_T_EE": [0.0198457,0.0414157,-0.998935,0,0.85088,-0.525319,-0.00487534,0,-0.524971,-0.849894,-0.045666,0,-0.335951,-0.789847,0.392834,1], "O_T_EE_d": [0.0197677,0.0413407,-0.99894,0,0.850869,-0.525337,-0.00490331,0,-0.524993,-0.849886,-0.0455611,0,-0.335936,-0.789839,0.392895,1], "F_T_NE": [0.7071,-0.7071,0,0,0.7071,0.7071,0,0,0,0,1,0,0,0,0.1034,1], "NE_T_EE": [1,0,0,0,0,1,0,0,0,0,1,0,0,0,0,1], "F_T_EE": [0.7071,-0.7071,0,0,0.7071,0.7071,0,0,0,0,1,0,0,0,0.1034,1], "EE_T_K": [1,0,0,0,0,1,0,0,0,0,1,0,0,0,0,1], "m_ee": 0.73, "F_x_Cee": [-0.01,0,0.03], "I_ee": [0.001,0,0,0,0.0025,0,0,0,0.0017], "m_load": 0, "F_x_Cload": [0,0,0], "I_load": [0,0,0,0,0,0,0,0,0], "m_total": 0.73, "F_x_Ctotal": [-0.01,0,0.03], "I_total": [0.001,0,0,0,0.0025,0,0,0,0.0017], "elbow": [0.162734,-1], "elbow_d": [0.16273,-1], "elbow_c": [0.16273,-1], "delbow_c": [0,0], "ddelbow_c": [0,0], "tau_J": [0.524849,-48.1454,3.30904,20.4031,0.605595,-2.14815,-0.0702927], "tau_J_d": [0,0,0,0,0,0,0], "dtau_J": [-2.3897,-133.376,72.8989,-37.8776,-5.6527,-8.59764,-69.7171], "q": [-2.09965,0.6627,0.162734,-1.26469,-2.67513,2.78683,0.245453], "dq": [-0.000457417,0.000469262,0.000113011,0.00123779,9.32758e-05,0.000377967,0.00183288], "q_d": [-2.09963,0.662583,0.16273,-1.26478,-2.67513,2.78674,0.245433], "dq_d": [0,0,0,0,0,0,0], "ddq_d": [0,0,0,0,0,0,0], "joint_contact": [0,0,0,0,0,0,0], "cartesian_contact": [0,0,0,0,0,0], "joint_collision": [0,0,0,0,0,0,0], "cartesian_collision": [0,0,0,0,0,0], "tau_ext_hat_filtered": [0.514657,-0.725068,0.435744,-1.35748,0.384092,-0.819194,-0.0170086], "O_F_ext_hat_K": [7.95603,10.6579,-2.12367,-3.99546,3.34301,0.633766], "K_F_ext_hat_K": [2.72076,1.18123,-13.1378,2.07663,-1.74362,0.0833533], "O_dP_EE_d": [0,0,0,0,0,0], "O_ddP_O": [0,0,-9.81], "O_T_EE_c": [0.0197677,0.0413407,-0.99894,0,0.850869,-0.525337,-0.00490331,0,-0.524993,-0.849886,-0.0455611,0,-0.335936,-0.789839,0.392895,1], "O_dP_EE_c": [0,0,0,0,0,0], "O_ddP_EE_c": [0,0,0,0,0,0], "theta": [-2.09962,0.659321,0.162966,-1.26326,-2.67507,2.78659,0.245447], "dtheta": [0,0,0,0,0,0,0], "current_errors": [], "last_motion_errors": [], "control_command_success_rate": 0, "robot_mode": "User stopped", "time": 2474589}