{"O_T_EE": [0.0261564,-0.0342863,-0.99906,0,-0.877743,-0.479068,-0.0065393,0,-0.478402,0.877106,-0.042626,0,-0.542925,0.654118,0.497237,1], "O_T_EE_d": [0.0261315,-0.0341453,-0.999066,0,-0.877861,-0.47885,-0.0065955,0,-0.478187,0.87723,-0.0424887,0,-0.542843,0.654172,0.497322,1], "F_T_NE": [0.7071,-0.7071,0,0,0.7071,0.7071,0,0,0,0,1,0,0,0,0.1034,1], "NE_T_EE": [1,0,0,0,0,1,0,0,0,0,1,0,0,0,0,1], "F_T_EE": [0.7071,-0.7071,0,0,0.7071,0.7071,0,0,0,0,1,0,0,0,0.1034,1], "EE_T_K": [1,0,0,0,0,1,0,0,0,0,1,0,0,0,0,1], "m_ee": 0.73, "F_x_Cee": [-0.01,0,0.03], "I_ee": [0.001,0,0,0,0.0025,0,0,0,0.0017], "m_load": 0, "F_x_Cload": [0,0,0], "I_load": [0,0,0,0,0,0,0,0,0], "m_total": 0.73, "F_x_Ctotal": [-0.01,0,0.03], "I_total": [0.001,0,0,0,0.0025,0,0,0,0.0017], "elbow": [1.02972,-1], "elbow_d": [1.02975,-1], "elbow_c": [1.02975,-1], "delbow_c": [0,0], "ddelbow_c": [0,0], "tau_J": [-0.855766,-41.0955,17.0676,17.757,0.916874,-1.65651,0.0816849], "tau_J_d": [0,0,0,0,0,0,0], "dtau_J": [-68.3009,-41.1226,26.1537,-20.3003,22.7209,-18.244,17.4234], "q": [1.5712,0.790129,1.02972,-1.29251,-2.44085,2.64191,-0.536193], "dq": [0.000176718,0.000480269,0.00111446,0.00723305,-0.00387271,0.000105558,-0.000702159], "q_d": [1.57109,0.790011,1.02975,-1.29254,-2.44085,2.64174,-0.536199], "dq_d": [0,0,0,0,0,0,0], "ddq_d": [0,0,0,0,0,0,0], "joint_contact": [0,0,0,0,0,0,0], "cartesian_contact": [0,0,0,0,0,0], "joint_collision": [0,0,0,0,0,0,0], "cartesian_collision": [0,0,0,0,0,0], "tau_ext_hat_filtered": [-0.869842,-1.09863,0.0258022,-0.128332,-0.168076,-1.32911,0.0799403], "O_F_ext_hat_K": [5.10367,-8.12652,-1.7515,3.90062,2.25653,-0.781792], "K_F_ext_hat_K": [2.16201,-0.575117,-9.49477,1.85708,-1.1914,0.185477], "O_dP_EE_d": [0,0,0,0,0,0], "O_ddP_O": [0,0,-9.81], "O_T_EE_c": [0.0261315,-0.0341453,-0.999066,0,-0.877861,-0.47885,-0.0065955,0,-0.478187,0.87723,-0.0424887,0,-0.542843,0.654172,0.497322,1], "O_dP_EE_c": [0,0,0,0,0,0], "O_ddP_EE_c": [0,0,0,0,0,0], "theta": [1.57114,0.787245,1.03092,-1.29126,-2.44075,2.64173,-0.536184], "dtheta": [0,0,0,0,-0.039101,0,0], "current_errors": [], "last_motion_errors": ["joint_reflex"], "control_command_success_rate": 0, "robot_mode": "User stopped", "time": 21763506}