{"O_T_EE": [0.019158,-0.0872614,-0.995992,0,-0.849493,-0.526739,0.0298089,0,-0.527238,0.845533,-0.0842209,0,-0.581846,0.621066,0.496848,1], "O_T_EE_d": [0.0189715,-0.0867339,-0.996041,0,-0.849829,-0.526206,0.0296347,0,-0.526704,0.845919,-0.0836935,0,-0.581496,0.621317,0.49722,1], "F_T_NE": [0.7071,-0.7071,0,0,0.7071,0.7071,0,0,0,0,1,0,0,0,0.1034,1], "NE_T_EE": [1,0,0,0,0,1,0,0,0,0,1,0,0,0,0,1], "F_T_EE": [0.7071,-0.7071,0,0,0.7071,0.7071,0,0,0,0,1,0,0,0,0.1034,1], "EE_T_K": [1,0,0,0,0,1,0,0,0,0,1,0,0,0,0,1], "m_ee": 0.73, "F_x_Cee": [-0.01,0,0.03], "I_ee": [0.001,0,0,0,0.0025,0,0,0,0.0017], "m_load": 0, "F_x_Cload": [0,0,0], "I_load": [0,0,0,0,0,0,0,0,0], "m_total": 0.73, "F_x_Ctotal": [-0.01,0,0.03], "I_total": [0.001,0,0,0,0.0025,0,0,0,0.0017], "elbow": [0.499791,-1], "elbow_d": [0.499684,-1], "elbow_c": [0.499684,-1], "delbow_c": [0,0], "ddelbow_c": [0,0], "tau_J": [-1.60558,-46.6775,7.31996,20.903,1.22815,-1.55672,-0.00986788], "tau_J_d": [0,0,0,0,0,0,0], "dtau_J": [147.645,-7.27409,42.3934,49.3283,9.27396,30.5813,83.063], "q": [1.94254,0.620767,0.499791,-1.21945,-2.21945,2.83086,-0.353543], "dq": [-0.00133912,-0.000478014,0.000333305,-0.000772611,-0.00879594,-0.000739293,-0.00130439], "q_d": [1.94212,0.620306,0.499684,-1.21942,-2.21946,2.83071,-0.353563], "dq_d": [0,0,0,0,0,0,0], "ddq_d": [0,0,0,0,0,0,0], "joint_contact": [0,0,0,0,0,0,0], "cartesian_contact": [0,0,0,0,0,0], "joint_collision": [0,0,0,0,0,0,0], "cartesian_collision": [0,0,0,0,0,0], "tau_ext_hat_filtered": [-1.66238,-2.77584,-0.687118,-0.419352,-0.0992291,-1.12561,-0.0481566], "O_F_ext_hat_K": [11.4494,-13.0151,-1.01312,6.70475,5.46382,-1.54951], "K_F_ext_hat_K": [2.36416,-2.90094,-16.9559,1.98812,-0.989157,0.0203926], "O_dP_EE_d": [0,0,0,0,0,0], "O_ddP_O": [0,0,-9.81], "O_T_EE_c": [0.0189715,-0.0867339,-0.996041,0,-0.849829,-0.526206,0.0296347,0,-0.526704,0.845919,-0.0836935,0,-0.581496,0.621317,0.49722,1], "O_dP_EE_c": [0,0,0,0,0,0], "O_ddP_EE_c": [0,0,0,0,0,0], "theta": [1.94243,0.617491,0.500305,-1.21799,-2.21932,2.83068,-0.353544], "dtheta": [0,0,0,0,-0.0371079,0,0], "current_errors": [], "last_motion_errors": ["cartesian_velocity_violation"], "control_command_success_rate": 0, "robot_mode": "User stopped", "time": 5727123}