{"O_T_EE": [-0.0162013,-0.0281498,-0.999463,0,-0.932473,-0.360328,0.025264,0,-0.360852,0.9324,-0.0204116,0,-0.460582,0.710552,0.496868,1], "O_T_EE_d": [-0.0162059,-0.0278732,-0.99947,0,-0.932632,-0.359924,0.0251597,0,-0.360441,0.932564,-0.0201629,0,-0.460343,0.710674,0.497025,1], "F_T_NE": [0.7071,-0.7071,0,0,0.7071,0.7071,0,0,0,0,1,0,0,0,0.1034,1], "NE_T_EE": [1,0,0,0,0,1,0,0,0,0,1,0,0,0,0,1], "F_T_EE": [0.7071,-0.7071,0,0,0.7071,0.7071,0,0,0,0,1,0,0,0,0.1034,1], "EE_T_K": [1,0,0,0,0,1,0,0,0,0,1,0,0,0,0,1], "m_ee": 0.73, "F_x_Cee": [-0.01,0,0.03], "I_ee": [0.001,0,0,0,0.0025,0,0,0,0.0017], "m_load": 0, "F_x_Cload": [0,0,0], "I_load": [0,0,0,0,0,0,0,0,0], "m_total": 0.73, "F_x_Ctotal": [-0.01,0,0.03], "I_total": [0.001,0,0,0,0.0025,0,0,0,0.0017], "elbow": [0.781198,-1], "elbow_d": [0.781184,-1], "elbow_c": [0.781184,-1], "delbow_c": [0,0], "ddelbow_c": [0,0], "tau_J": [-1.23266,-43.6227,12.0807,19.8279,1.10913,-1.85701,0.0414016], "tau_J_d": [0,0,0,0,0,0,0], "dtau_J": [177.297,-81.4527,116.189,-2.09407,-19.2664,13.5749,-55.0175], "q": [1.58676,0.664626,0.781198,-1.29302,-2.42931,2.69351,-0.313953], "dq": [-0.00160484,0.00113749,-0.000899669,-0.00952091,0.00476317,-0.000100318,0.000152768], "q_d": [1.58646,0.664393,0.781184,-1.29306,-2.4293,2.69335,-0.313963], "dq_d": [0,0,0,0,0,0,0], "ddq_d": [0,0,0,0,0,0,0], "joint_contact": [0,0,0,0,0,0,0], "cartesian_contact": [0,0,0,0,0,0], "joint_collision": [0,0,0,0,0,0,0], "cartesian_collision": [0,0,0,0,0,0], "tau_ext_hat_filtered": [-1.31448,-2.48433,-0.150503,-0.228845,0.138754,-1.20316,0.0992477], "O_F_ext_hat_K": [7.85986,-13.7004,-0.843984,7.04873,3.93869,-1.2777], "K_F_ext_hat_K": [1.10188,-2.41384,-15.5933,1.97642,-0.987207,0.130925], "O_dP_EE_d": [0,0,0,0,0,0], "O_ddP_O": [0,0,-9.81], "O_T_EE_c": [-0.0162059,-0.0278732,-0.99947,0,-0.932632,-0.359924,0.0251597,0,-0.360441,0.932564,-0.0201629,0,-0.460343,0.710674,0.497025,1], "O_dP_EE_c": [0,0,0,0,0,0], "O_ddP_EE_c": [0,0,0,0,0,0], "theta": [1.58668,0.661564,0.782046,-1.29163,-2.42918,2.6933,-0.313948], "dtheta": [0,0,0,-0.0278763,0,0,0], "current_errors": [], "last_motion_errors": [], "control_command_success_rate": 0, "robot_mode": "User stopped", "time": 3881733}