{"O_T_EE": [-0.00699134,-0.00573354,-0.999949,0,-0.894348,0.447334,0.00368807,0,0.447299,0.894346,-0.00825541,0,0.211918,0.799991,0.497678,1], "O_T_EE_d": [-0.00692845,-0.00554882,-0.999951,0,-0.894309,0.447414,0.00371373,0,0.44738,0.894308,-0.00806239,0,0.211934,0.799993,0.497752,1], "F_T_NE": [0.7071,-0.7071,0,0,0.7071,0.7071,0,0,0,0,1,0,0,0,0.1034,1], "NE_T_EE": [1,0,0,0,0,1,0,0,0,0,1,0,0,0,0,1], "F_T_EE": [0.7071,-0.7071,0,0,0.7071,0.7071,0,0,0,0,1,0,0,0,0.1034,1], "EE_T_K": [1,0,0,0,0,1,0,0,0,0,1,0,0,0,0,1], "m_ee": 0.73, "F_x_Cee": [-0.01,0,0.03], "I_ee": [0.001,0,0,0,0.0025,0,0,0,0.0017], "m_load": 0, "F_x_Cload": [0,0,0], "I_load": [0,0,0,0,0,0,0,0,0], "m_total": 0.73, "F_x_Ctotal": [-0.01,0,0.03], "I_total": [0.001,0,0,0,0.0025,0,0,0,0.0017], "elbow": [-0.110196,-1], "elbow_d": [-0.110167,-1], "elbow_c": [-0.110167,-1], "delbow_c": [0,0], "ddelbow_c": [0,0], "tau_J": [-0.447135,-43.2815,-1.67784,20.9784,0.779545,-2.53816,-0.0501511], "tau_J_d": [0,0,0,0,0,0,0], "dtau_J": [-39.0933,204.582,66.7858,-90.3219,-22.3627,-3.12715,-122.892], "q": [1.37657,0.481321,-0.110196,-1.31538,-2.44062,2.87441,0.158979], "dq": [0.00026251,-0.00112277,0.000455736,0.00571143,0.000775255,-0.000486834,0.00117584], "q_d": [1.37656,0.481283,-0.110167,-1.31536,-2.44061,2.87424,0.158969], "dq_d": [0,0,0,0,0,0,0], "ddq_d": [0,0,0,0,0,0,0], "joint_contact": [0,0,0,0,0,0,0], "cartesian_contact": [0,0,0,0,0,0], "joint_collision": [0,0,0,0,0,0,0], "cartesian_collision": [0,0,0,0,0,0], "tau_ext_hat_filtered": [-0.444197,0.216749,-0.649458,-0.98835,0.313053,-1.24076,0.015153], "O_F_ext_hat_K": [-3.7205,-4.91219,-2.81398,1.3034,-1.8055,-0.430432], "K_F_ext_hat_K": [2.86806,1.11968,-6.03414,2.36112,-1.24755,0.0238873], "O_dP_EE_d": [0,0,0,0,0,0], "O_ddP_O": [0,0,-9.81], "O_T_EE_c": [-0.00692845,-0.00554882,-0.999951,0,-0.894309,0.447414,0.00371373,0,0.44738,0.894308,-0.00806239,0,0.211934,0.799993,0.497752,1], "O_dP_EE_c": [0,0,0,0,0,0], "O_ddP_EE_c": [0,0,0,0,0,0], "theta": [1.37654,0.478282,-0.110312,-1.31391,-2.44053,2.87413,0.158973], "dtheta": [0,0,0,0,0,0,0], "current_errors": [], "last_motion_errors": [], "control_command_success_rate": 0, "robot_mode": "User stopped", "time": 11316010}