{"O_T_EE": [-0.0132152,-0.0072263,-0.999877,0,-0.840235,0.542157,0.00718695,0,0.542048,0.840243,-0.0132367,0,0.306644,0.766067,0.498313,1], "O_T_EE_d": [-0.0130543,-0.00710895,-0.99988,0,-0.840041,0.542458,0.00711068,0,0.542353,0.84005,-0.0130535,0,0.30684,0.76599,0.498353,1], "F_T_NE": [0.7071,-0.7071,0,0,0.7071,0.7071,0,0,0,0,1,0,0,0,0.1034,1], "NE_T_EE": [1,0,0,0,0,1,0,0,0,0,1,0,0,0,0,1], "F_T_EE": [0.7071,-0.7071,0,0,0.7071,0.7071,0,0,0,0,1,0,0,0,0.1034,1], "EE_T_K": [1,0,0,0,0,1,0,0,0,0,1,0,0,0,0,1], "m_ee": 0.73, "F_x_Cee": [-0.01,0,0.03], "I_ee": [0.001,0,0,0,0.0025,0,0,0,0.0017], "m_load": 0, "F_x_Cload": [0,0,0], "I_load": [0,0,0,0,0,0,0,0,0], "m_total": 0.73, "F_x_Ctotal": [-0.01,0,0.03], "I_total": [0.001,0,0,0,0.0025,0,0,0,0.0017], "elbow": [-0.111368,-1], "elbow_d": [-0.111489,-1], "elbow_c": [-0.111489,-1], "delbow_c": [0,0], "ddelbow_c": [0,0], "tau_J": [-0.855766,-43.0553,-2.09044,21.1331,0.7887,-2.87874,-0.0199387], "tau_J_d": [0,0,0,0,0,0,0], "dtau_J": [-26.1483,59.0412,-178.497,-18.756,-5.78902,-18.3284,-48.7578], "q": [1.2541,0.474791,-0.111368,-1.31812,-2.4669,2.88991,0.186994], "dq": [-0.000633234,-0.000234197,0.00178043,0.000163528,-0.000175914,0.000539181,0.00217453], "q_d": [1.25398,0.474744,-0.111489,-1.31818,-2.4669,2.88968,0.186979], "dq_d": [0,0,0,0,0,0,0], "ddq_d": [0,0,0,0,0,0,0], "joint_contact": [0,0,0,0,0,0,0], "cartesian_contact": [0,0,0,0,0,0], "joint_collision": [0,0,0,0,0,0,0], "cartesian_collision": [0,0,0,0,0,0], "tau_ext_hat_filtered": [-0.963743,0.238564,-1.04094,-0.818011,0.322711,-1.54359,0.0245229], "O_F_ext_hat_K": [-3.58195,-3.82225,-2.9582,0.86848,-1.65535,-0.930214], "K_F_ext_hat_K": [3.03285,0.916179,-5.11405,2.49125,-1.47308,0.0465146], "O_dP_EE_d": [0,0,0,0,0,0], "O_ddP_O": [0,0,-9.81], "O_T_EE_c": [-0.0130543,-0.00710895,-0.99988,0,-0.840041,0.542458,0.00711068,0,0.542353,0.84005,-0.0130535,0,0.30684,0.76599,0.498353,1], "O_dP_EE_c": [0,0,0,0,0,0], "O_ddP_EE_c": [0,0,0,0,0,0], "theta": [1.25404,0.471769,-0.111514,-1.31663,-2.46681,2.88959,0.186992], "dtheta": [0,0,0,0,0,0,0], "current_errors": [], "last_motion_errors": [], "control_command_success_rate": 0, "robot_mode": "User stopped", "time": 11268820}