{"O_T_EE": [-0.0274658,-0.0054722,-0.999598,0,-0.433367,0.90118,0.00697416,0,0.900797,0.433393,-0.0271237,0,0.658729,0.48124,0.498563,1], "O_T_EE_d": [-0.0273105,-0.00537086,-0.999603,0,-0.4333,0.901212,0.00699612,0,0.900834,0.433327,-0.0269402,0,0.658712,0.481272,0.498624,1], "F_T_NE": [0.7071,-0.7071,0,0,0.7071,0.7071,0,0,0,0,1,0,0,0,0.1034,1], "NE_T_EE": [1,0,0,0,0,1,0,0,0,0,1,0,0,0,0,1], "F_T_EE": [0.7071,-0.7071,0,0,0.7071,0.7071,0,0,0,0,1,0,0,0,0.1034,1], "EE_T_K": [1,0,0,0,0,1,0,0,0,0,1,0,0,0,0,1], "m_ee": 0.73, "F_x_Cee": [-0.01,0,0.03], "I_ee": [0.001,0,0,0,0.0025,0,0,0,0.0017], "m_load": 0, "F_x_Cload": [0,0,0], "I_load": [0,0,0,0,0,0,0,0,0], "m_total": 0.73, "F_x_Ctotal": [-0.01,0,0.03], "I_total": [0.001,0,0,0,0.0025,0,0,0,0.0017], "elbow": [0.347606,-1], "elbow_d": [0.347616,-1], "elbow_c": [0.347616,-1], "delbow_c": [0,0], "ddelbow_c": [0,0], "tau_J": [0.151925,-41.1709,4.50716,21.2482,1.07251,-2.45851,0.0514724], "tau_J_d": [0,0,0,0,0,0,0], "dtau_J": [148.953,70.3321,30.2664,58.4441,17.6393,-41.4542,-10.0128], "q": [0.334406,0.452061,0.347606,-1.3993,-2.46641,2.81347,-0.00315038], "dq": [-0.000989753,-1.21224e-05,-0.000928904,-0.00359624,-0.00026124,0.000453974,4.02519e-05], "q_d": [0.334483,0.452017,0.347616,-1.39931,-2.46639,2.81325,-0.00313762], "dq_d": [0,0,0,0,0,0,0], "ddq_d": [0,0,0,0,0,0,0], "joint_contact": [0,0,0,0,0,0,0], "cartesian_contact": [0,0,0,0,0,0], "joint_collision": [0,0,0,0,0,0,0], "cartesian_collision": [0,0,0,0,0,0], "tau_ext_hat_filtered": [0.0879972,-0.19251,-0.0198875,-0.53679,0.353596,-1.37366,0.0580388], "O_F_ext_hat_K": [-5.17107,-0.0319418,-2.22007,-0.521934,-2.12307,0.16918], "K_F_ext_hat_K": [2.36142,2.19674,-4.61171,2.28835,-1.15385,0.103638], "O_dP_EE_d": [0,0,0,0,0,0], "O_ddP_O": [0,0,-9.81], "O_T_EE_c": [-0.0273105,-0.00537086,-0.999603,0,-0.4333,0.901212,0.00699612,0,0.900834,0.433327,-0.0269402,0,0.658712,0.481272,0.498624,1], "O_dP_EE_c": [0,0,0,0,0,0], "O_ddP_EE_c": [0,0,0,0,0,0], "theta": [0.334417,0.449172,0.347923,-1.3978,-2.46629,2.8132,-0.00314466], "dtheta": [0,0,0,0,0,0,0], "current_errors": [], "last_motion_errors": [], "control_command_success_rate": 0, "robot_mode": "User stopped", "time": 12114028}