{"O_T_EE": [-0.041445,-0.00970885,-0.999084,0,-0.148957,0.988828,-0.00343001,0,0.987975,0.148681,-0.042429,0,0.771262,0.259924,0.497684,1], "O_T_EE_d": [-0.0413538,-0.00960514,-0.999089,0,-0.148936,0.988831,-0.00334182,0,0.987981,0.148665,-0.0423233,0,0.771245,0.259942,0.497733,1], "F_T_NE": [0.7071,-0.7071,0,0,0.7071,0.7071,0,0,0,0,1,0,0,0,0.1034,1], "NE_T_EE": [1,0,0,0,0,1,0,0,0,0,1,0,0,0,0,1], "F_T_EE": [0.7071,-0.7071,0,0,0.7071,0.7071,0,0,0,0,1,0,0,0,0.1034,1], "EE_T_K": [1,0,0,0,0,1,0,0,0,0,1,0,0,0,0,1], "m_ee": 0.73, "F_x_Cee": [-0.01,0,0.03], "I_ee": [0.001,0,0,0,0.0025,0,0,0,0.0017], "m_load": 0, "F_x_Cload": [0,0,0], "I_load": [0,0,0,0,0,0,0,0,0], "m_total": 0.73, "F_x_Ctotal": [-0.01,0,0.03], "I_total": [0.001,0,0,0,0.0025,0,0,0,0.0017], "elbow": [-0.227812,-1], "elbow_d": [-0.227784,-1], "elbow_c": [-0.227784,-1], "delbow_c": [0,0], "ddelbow_c": [0,0], "tau_J": [0.263009,-42,-2.24119,20.7483,0.733769,-2.44844,0.0615432], "tau_J_d": [0,0,0,0,0,0,0], "dtau_J": [79.2221,3.91272,21.037,-210.129,-0.649811,4.30087,-24.6799], "q": [0.477353,0.44954,-0.227812,-1.34362,-2.4979,2.94543,0.251638], "dq": [-0.000730252,0.000314394,-0.000455316,0.0017748,-1.06995e-05,-0.000196002,0.000525096], "q_d": [0.47738,0.449454,-0.227784,-1.34369,-2.49786,2.94532,0.251661], "dq_d": [0,0,0,0,0,0,0], "ddq_d": [0,0,0,0,0,0,0], "joint_contact": [0,0,0,0,0,0,0], "cartesian_contact": [0,0,0,0,0,0], "joint_collision": [0,0,0,0,0,0,0], "cartesian_collision": [0,0,0,0,0,0], "tau_ext_hat_filtered": [0.224187,0.0882997,0.0934356,-0.951429,0.378965,-1.13123,0.0899953], "O_F_ext_hat_K": [-7.09808,0.900832,-3.32527,-0.99706,-2.61171,0.320083], "K_F_ext_hat_K": [3.60773,1.95952,-6.7377,2.22053,-1.6649,0.161574], "O_dP_EE_d": [0,0,0,0,0,0], "O_ddP_O": [0,0,-9.81], "O_T_EE_c": [-0.0413538,-0.00960514,-0.999089,0,-0.148936,0.988831,-0.00334182,0,0.987981,0.148665,-0.0423233,0,0.771245,0.259942,0.497733,1], "O_dP_EE_c": [0,0,0,0,0,0], "O_ddP_EE_c": [0,0,0,0,0,0], "theta": [0.477372,0.446593,-0.227969,-1.34216,-2.49781,2.94516,0.251645], "dtheta": [0,0,0,0,0,0,0], "current_errors": [], "last_motion_errors": [], "control_command_success_rate": 0, "robot_mode": "User stopped", "time": 12349014}