{"O_T_EE": [-0.0290517,-0.00019336,-0.999568,0,-0.0889269,0.996026,0.00239191,0,0.995614,0.0889597,-0.0289539,0,0.784827,0.211635,0.49741,1], "O_T_EE_d": [-0.0290198,-6.02158e-05,-0.999569,0,-0.0889184,0.996026,0.00252151,0,0.995616,0.088955,-0.0289104,0,0.784734,0.211597,0.497546,1], "F_T_NE": [0.7071,-0.7071,0,0,0.7071,0.7071,0,0,0,0,1,0,0,0,0.1034,1], "NE_T_EE": [1,0,0,0,0,1,0,0,0,0,1,0,0,0,0,1], "F_T_EE": [0.7071,-0.7071,0,0,0.7071,0.7071,0,0,0,0,1,0,0,0,0.1034,1], "EE_T_K": [1,0,0,0,0,1,0,0,0,0,1,0,0,0,0,1], "m_ee": 0.73, "F_x_Cee": [-0.01,0,0.03], "I_ee": [0.001,0,0,0,0.0025,0,0,0,0.0017], "m_load": 0, "F_x_Cload": [0,0,0], "I_load": [0,0,0,0,0,0,0,0,0], "m_total": 0.73, "F_x_Ctotal": [-0.01,0,0.03], "I_total": [0.001,0,0,0,0.0025,0,0,0,0.0017], "elbow": [-0.229337,-1], "elbow_d": [-0.229355,-1], "elbow_c": [-0.229355,-1], "delbow_c": [0,0], "ddelbow_c": [0,0], "tau_J": [0.0011678,-42.7935,-2.54271,20.058,0.551579,-1.89729,0.000202917], "tau_J_d": [0,0,0,0,0,0,0], "dtau_J": [20.9399,-59.5467,-154.275,-44.0471,26.6164,-3.4933,15.59], "q": [0.422541,0.443281,-0.229337,-1.35705,-2.53557,2.92612,0.294687], "dq": [0.00038859,0.000274711,0.00116253,-0.00141314,-0.000316347,-0.000200008,-0.000739519], "q_d": [0.422572,0.442859,-0.229355,-1.35738,-2.53555,2.92615,0.2947], "dq_d": [0,0,0,0,0,0,0], "ddq_d": [0,0,0,0,0,0,0], "joint_contact": [0,0,0,0,0,0,0], "cartesian_contact": [0,0,0,0,0,0], "joint_collision": [0,0,0,0,0,0,0], "cartesian_collision": [0,0,0,0,0,0], "tau_ext_hat_filtered": [0.04467,-0.866594,-0.0543087,-1.75741,0.28002,-0.512497,-0.00690956], "O_F_ext_hat_K": [-13.8535,-0.808135,-3.56415,-0.179196,-5.74825,0.173152], "K_F_ext_hat_K": [3.96532,0.41851,-13.7615,2.11886,-1.66869,0.0866865], "O_dP_EE_d": [0,0,0,0,0,0], "O_ddP_O": [0,0,-9.81], "O_T_EE_c": [-0.0290198,-6.02158e-05,-0.999569,0,-0.0889184,0.996026,0.00252151,0,0.995616,0.088955,-0.0289104,0,0.784734,0.211597,0.497546,1], "O_dP_EE_c": [0,0,0,0,0,0], "O_ddP_EE_c": [0,0,0,0,0,0], "theta": [0.422541,0.440278,-0.229516,-1.35564,-2.53551,2.92591,0.294687], "dtheta": [0,0,0,0,0,0,0], "current_errors": [], "last_motion_errors": [], "control_command_success_rate": 0, "robot_mode": "User stopped", "time": 12317118}