{"O_T_EE": [-0.0115479,0.0256503,-0.999595,0,0.220868,0.975035,0.0224684,0,0.975235,-0.220524,-0.0169253,0,0.813077,-0.0402246,0.497527,1], "O_T_EE_d": [-0.011252,0.0255582,-0.9996,0,0.221055,0.974993,0.0224408,0,0.975196,-0.220718,-0.0166207,0,0.813057,-0.0402587,0.497682,1], "F_T_NE": [0.7071,-0.7071,0,0,0.7071,0.7071,0,0,0,0,1,0,0,0,0.1034,1], "NE_T_EE": [1,0,0,0,0,1,0,0,0,0,1,0,0,0,0,1], "F_T_EE": [0.7071,-0.7071,0,0,0.7071,0.7071,0,0,0,0,1,0,0,0,0.1034,1], "EE_T_K": [1,0,0,0,0,1,0,0,0,0,1,0,0,0,0,1], "m_ee": 0.73, "F_x_Cee": [-0.01,0,0.03], "I_ee": [0.001,0,0,0,0.0025,0,0,0,0.0017], "m_load": 0, "F_x_Cload": [0,0,0], "I_load": [0,0,0,0,0,0,0,0,0], "m_total": 0.73, "F_x_Ctotal": [-0.01,0,0.03], "I_total": [0.001,0,0,0,0.0025,0,0,0,0.0017], "elbow": [0.59352,-1], "elbow_d": [0.593518,-1], "elbow_c": [0.593518,-1], "delbow_c": [0,0], "ddelbow_c": [0,0], "tau_J": [0.0765462,-39.4372,7.73256,21.0181,1.08167,-2.4283,0.0926712], "tau_J_d": [0,0,0,0,0,0,0], "dtau_J": [92.8198,58.2876,-67.4185,-166.359,41.7827,-19.0189,59.8443], "q": [-0.535691,0.483999,0.59352,-1.43079,-2.51094,2.75958,-0.0537093], "dq": [-0.000876084,-0.000904796,0.000206439,0.000962781,-0.000753348,-0.00011919,-0.00142835], "q_d": [-0.535707,0.483797,0.593518,-1.43083,-2.51091,2.75934,-0.0536864], "dq_d": [0,0,0,0,0,0,0], "ddq_d": [0,0,0,0,0,0,0], "joint_contact": [0,0,0,0,0,0,0], "cartesian_contact": [0,0,0,0,0,0], "joint_collision": [0,0,0,0,0,0,0], "cartesian_collision": [0,0,0,0,0,0], "tau_ext_hat_filtered": [0.0994264,-0.532883,0.144272,-0.352247,0.336034,-1.39481,0.0707347], "O_F_ext_hat_K": [-4.33886,3.16651,-1.90336,-1.65396,-1.74294,0.200738], "K_F_ext_hat_K": [2.03395,2.08641,-4.89748,2.17124,-1.1873,0.135563], "O_dP_EE_d": [0,0,0,0,0,0], "O_ddP_O": [0,0,-9.81], "O_T_EE_c": [-0.011252,0.0255582,-0.9996,0,0.221055,0.974993,0.0224408,0,0.975196,-0.220718,-0.0166207,0,0.813057,-0.0402587,0.497682,1], "O_dP_EE_c": [0,0,0,0,0,0], "O_ddP_EE_c": [0,0,0,0,0,0], "theta": [-0.535685,0.481232,0.594063,-1.42931,-2.51082,2.75931,-0.0536989], "dtheta": [0,0,0,0,0,0,0], "current_errors": [], "last_motion_errors": [], "control_command_success_rate": 0, "robot_mode": "User stopped", "time": 12539459}