{"O_T_EE": [-0.0539751,0.00304143,-0.998528,0,0.0363272,0.99933,0.00108022,0,0.997881,-0.0362161,-0.0540505,0,0.805749,0.113605,0.497318,1], "O_T_EE_d": [-0.0538572,0.00317815,-0.998534,0,0.0364043,0.999327,0.00121716,0,0.997885,-0.0362861,-0.0539376,0,0.805686,0.113566,0.497427,1], "F_T_NE": [0.7071,-0.7071,0,0,0.7071,0.7071,0,0,0,0,1,0,0,0,0.1034,1], "NE_T_EE": [1,0,0,0,0,1,0,0,0,0,1,0,0,0,0,1], "F_T_EE": [0.7071,-0.7071,0,0,0.7071,0.7071,0,0,0,0,1,0,0,0,0.1034,1], "EE_T_K": [1,0,0,0,0,1,0,0,0,0,1,0,0,0,0,1], "m_ee": 0.73, "F_x_Cee": [-0.01,0,0.03], "I_ee": [0.001,0,0,0,0.0025,0,0,0,0.0017], "m_load": 0, "F_x_Cload": [0,0,0], "I_load": [0,0,0,0,0,0,0,0,0], "m_total": 0.73, "F_x_Ctotal": [-0.01,0,0.03], "I_total": [0.001,0,0,0,0.0025,0,0,0,0.0017], "elbow": [-0.310287,-1], "elbow_d": [-0.310302,-1], "elbow_c": [-0.310302,-1], "delbow_c": [0,0], "ddelbow_c": [0,0], "tau_J": [0.449471,-41.8136,-3.06639,20.2484,0.724613,-2.17744,0.204366], "tau_J_d": [0,0,0,0,0,0,0], "dtau_J": [85.1106,-76.0622,145.95,76.9582,17.0852,1.44096,160.27], "q": [0.352388,0.461374,-0.310287,-1.32865,-2.48519,2.97643,0.279453], "dq": [-0.000839512,0.000667599,-0.00196887,-0.0012118,-0.000165049,3.78384e-05,-0.00309288], "q_d": [0.352417,0.461052,-0.310302,-1.32893,-2.48518,2.97633,0.279491], "dq_d": [0,0,0,0,0,0,0], "ddq_d": [0,0,0,0,0,0,0], "joint_contact": [0,0,0,0,0,0,0], "cartesian_contact": [0,0,0,0,0,0], "joint_collision": [0,0,0,0,0,0,0], "cartesian_collision": [0,0,0,0,0,0], "tau_ext_hat_filtered": [0.373517,0.154465,0.232702,-1.32126,0.381937,-0.875267,0.144021], "O_F_ext_hat_K": [-8.63441,2.01313,-3.82948,-1.39006,-2.95807,0.469465], "K_F_ext_hat_K": [4.29609,1.69401,-8.48203,2.12259,-1.7492,0.224744], "O_dP_EE_d": [0,0,0,0,0,0], "O_ddP_O": [0,0,-9.81], "O_T_EE_c": [-0.0538572,0.00317815,-0.998534,0,0.0364043,0.999327,0.00121716,0,0.997885,-0.0362861,-0.0539376,0,0.805686,0.113566,0.497427,1], "O_dP_EE_c": [0,0,0,0,0,0], "O_ddP_EE_c": [0,0,0,0,0,0], "theta": [0.352419,0.45844,-0.310503,-1.32723,-2.48511,2.97619,0.279477], "dtheta": [0,0,0,0,0,0,0], "current_errors": [], "last_motion_errors": [], "control_command_success_rate": 0, "robot_mode": "User stopped", "time": 12414955}