{"O_T_EE": [-0.0253199,0.0556442,-0.99812,0,0.325537,0.944476,0.0443955,0,0.945189,-0.323807,-0.0420291,0,0.802531,-0.141024,0.497826,1], "O_T_EE_d": [-0.0250251,0.0554916,-0.998136,0,0.325717,0.944417,0.0443387,0,0.945135,-0.324007,-0.0417095,0,0.802495,-0.141047,0.498004,1], "F_T_NE": [0.7071,-0.7071,0,0,0.7071,0.7071,0,0,0,0,1,0,0,0,0.1034,1], "NE_T_EE": [1,0,0,0,0,1,0,0,0,0,1,0,0,0,0,1], "F_T_EE": [0.7071,-0.7071,0,0,0.7071,0.7071,0,0,0,0,1,0,0,0,0.1034,1], "EE_T_K": [1,0,0,0,0,1,0,0,0,0,1,0,0,0,0,1], "m_ee": 0.73, "F_x_Cee": [-0.01,0,0.03], "I_ee": [0.001,0,0,0,0.0025,0,0,0,0.0017], "m_load": 0, "F_x_Cload": [0,0,0], "I_load": [0,0,0,0,0,0,0,0,0], "m_total": 0.73, "F_x_Ctotal": [-0.01,0,0.03], "I_total": [0.001,0,0,0,0.0025,0,0,0,0.0017], "elbow": [0.624238,-1], "elbow_d": [0.624251,-1], "elbow_c": [0.624251,-1], "delbow_c": [0,0], "ddelbow_c": [0,0], "tau_J": [0.374093,-39.703,8.33162,20.7086,1.20984,-2.30836,0.0313308], "tau_J_d": [0,0,0,0,0,0,0], "dtau_J": [72.4112,49.2525,6.49784,1.92384,-9.80351,7.46785,-42.5457], "q": [-0.687468,0.500765,0.624238,-1.41169,-2.47921,2.79647,-0.0852049], "dq": [-0.000470354,-0.000487762,0.000528722,0.00267649,-0.000215085,7.94883e-05,0.00132637], "q_d": [-0.687503,0.500493,0.624251,-1.41177,-2.47918,2.79623,-0.0851784], "dq_d": [0,0,0,0,0,0,0], "ddq_d": [0,0,0,0,0,0,0], "joint_contact": [0,0,0,0,0,0,0], "cartesian_contact": [0,0,0,0,0,0], "joint_collision": [0,0,0,0,0,0,0], "cartesian_collision": [0,0,0,0,0,0], "tau_ext_hat_filtered": [0.342682,-0.793424,0.115417,-0.512649,0.32486,-1.38841,0.0763177], "O_F_ext_hat_K": [-4.99812,4.45722,-1.78317,-2.31897,-2.01003,0.350717], "K_F_ext_hat_K": [2.15443,2.50355,-6.09251,2.47265,-1.12643,0.082278], "O_dP_EE_d": [0,0,0,0,0,0], "O_ddP_O": [0,0,-9.81], "O_T_EE_c": [-0.0250251,0.0554916,-0.998136,0,0.325717,0.944417,0.0443387,0,0.945135,-0.324007,-0.0417095,0,0.802495,-0.141047,0.498004,1], "O_dP_EE_c": [0,0,0,0,0,0], "O_ddP_EE_c": [0,0,0,0,0,0], "theta": [-0.687441,0.497978,0.624822,-1.41024,-2.47908,2.79622,-0.085203], "dtheta": [0,0,0,0,0,0,0], "current_errors": [], "last_motion_errors": [], "control_command_success_rate": 0, "robot_mode": "User stopped", "time": 12658229}