{"O_T_EE": [-0.0162684,0.0101772,-0.999806,0,0.684659,0.728841,-0.00372144,0,0.728676,-0.6846,-0.0188254,0,0.674298,-0.46554,0.497786,1], "O_T_EE_d": [-0.0161034,0.0098609,-0.999812,0,0.684966,0.728552,-0.00384683,0,0.728391,-0.684913,-0.0184869,0,0.674204,-0.465659,0.497953,1], "F_T_NE": [0.7071,-0.7071,0,0,0.7071,0.7071,0,0,0,0,1,0,0,0,0.1034,1], "NE_T_EE": [1,0,0,0,0,1,0,0,0,0,1,0,0,0,0,1], "F_T_EE": [0.7071,-0.7071,0,0,0.7071,0.7071,0,0,0,0,1,0,0,0,0.1034,1], "EE_T_K": [1,0,0,0,0,1,0,0,0,0,1,0,0,0,0,1], "m_ee": 0.73, "F_x_Cee": [-0.01,0,0.03], "I_ee": [0.001,0,0,0,0.0025,0,0,0,0.0017], "m_load": 0, "F_x_Cload": [0,0,0], "I_load": [0,0,0,0,0,0,0,0,0], "m_total": 0.73, "F_x_Ctotal": [-0.01,0,0.03], "I_total": [0.001,0,0,0,0.0025,0,0,0,0.0017], "elbow": [0.92675,-1], "elbow_d": [0.926759,-1], "elbow_c": [0.926759,-1], "delbow_c": [0,0], "ddelbow_c": [0,0], "tau_J": [0.112252,-37.0608,13.505,19.3677,0.926029,-2.30836,0.000202917], "tau_J_d": [0,0,0,0,0,0,0], "dtau_J": [56.1784,-148.966,55.9049,28.8225,-0.164843,-5.90583,-61.6698], "q": [-1.31885,0.617264,0.92675,-1.42669,-2.53969,2.70726,-0.267208], "dq": [-0.000907092,-0.000103307,-0.000691591,0.000656101,0.000249784,0.00018216,0.000756428], "q_d": [-1.319,0.617038,0.926759,-1.42671,-2.53967,2.70693,-0.267219], "dq_d": [0,0,0,0,0,0,0], "ddq_d": [0,0,0,0,0,0,0], "joint_contact": [0,0,0,0,0,0,0], "cartesian_contact": [0,0,0,0,0,0], "joint_collision": [0,0,0,0,0,0,0], "cartesian_collision": [0,0,0,0,0,0], "tau_ext_hat_filtered": [0.137459,-0.416721,0.114684,-0.429052,0.0209018,-1.52727,0.0451966], "O_F_ext_hat_K": [-2.25924,5.07238,-2.67368,-2.2526,-0.502541,0.230897], "K_F_ext_hat_K": [2.7616,2.16014,-5.06847,2.14105,-1.51846,0.140073], "O_dP_EE_d": [0,0,0,0,0,0], "O_ddP_O": [0,0,-9.81], "O_T_EE_c": [-0.0161034,0.0098609,-0.999812,0,0.684966,0.728552,-0.00384683,0,0.728391,-0.684913,-0.0184869,0,0.674204,-0.465659,0.497953,1], "O_dP_EE_c": [0,0,0,0,0,0], "O_ddP_EE_c": [0,0,0,0,0,0], "theta": [-1.31885,0.614663,0.927697,-1.42533,-2.53958,2.70701,-0.26721], "dtheta": [0,0,0,0,0,0,0], "current_errors": [], "last_motion_errors": [], "control_command_success_rate": 0, "robot_mode": "User stopped", "time": 12950906}