{"O_T_EE": [-0.00357186,0.0454407,-0.998951,0,0.530867,0.846652,0.0366147,0,0.847444,-0.53019,-0.0271476,0,0.745236,-0.333964,0.498151,1], "O_T_EE_d": [-0.00338858,0.0452915,-0.998958,0,0.531189,0.846452,0.0365753,0,0.847244,-0.530522,-0.0269271,0,0.745166,-0.334144,0.498251,1], "F_T_NE": [0.7071,-0.7071,0,0,0.7071,0.7071,0,0,0,0,1,0,0,0,0.1034,1], "NE_T_EE": [1,0,0,0,0,1,0,0,0,0,1,0,0,0,0,1], "F_T_EE": [0.7071,-0.7071,0,0,0.7071,0.7071,0,0,0,0,1,0,0,0,0.1034,1], "EE_T_K": [1,0,0,0,0,1,0,0,0,0,1,0,0,0,0,1], "m_ee": 0.73, "F_x_Cee": [-0.01,0,0.03], "I_ee": [0.001,0,0,0,0.0025,0,0,0,0.0017], "m_load": 0, "F_x_Cload": [0,0,0], "I_load": [0,0,0,0,0,0,0,0,0], "m_total": 0.73, "F_x_Ctotal": [-0.01,0,0.03], "I_total": [0.001,0,0,0,0.0025,0,0,0,0.0017], "elbow": [0.918983,-1], "elbow_d": [0.918964,-1], "elbow_c": [0.918964,-1], "delbow_c": [0,0], "ddelbow_c": [0,0], "tau_J": [0.263009,-37.0608,13.3185,19.4827,1.06336,-2.14815,0.0615432], "tau_J_d": [0,0,0,0,0,0,0], "dtau_J": [39.415,-62.7365,11.7104,46.8707,-16.7123,-4.62596,106.604], "q": [-1.13832,0.605922,0.918983,-1.43,-2.53726,2.73064,-0.218892], "dq": [-0.000570949,0.000133683,-0.000181072,0.000426059,0.000525454,0.000433972,-0.00244878], "q_d": [-1.13849,0.605837,0.918964,-1.42994,-2.53725,2.73043,-0.218885], "dq_d": [0,0,0,0,0,0,0], "ddq_d": [0,0,0,0,0,0,0], "joint_contact": [0,0,0,0,0,0,0], "cartesian_contact": [0,0,0,0,0,0], "joint_collision": [0,0,0,0,0,0,0], "cartesian_collision": [0,0,0,0,0,0], "tau_ext_hat_filtered": [0.295724,-0.615553,0.208536,-0.377914,0.123674,-1.37024,0.0190296], "O_F_ext_hat_K": [-2.81355,4.63131,-1.86724,-2.25449,-0.951398,0.349307], "K_F_ext_hat_K": [2.08582,2.35916,-4.78911,2.11951,-1.17937,0.0739233], "O_dP_EE_d": [0,0,0,0,0,0], "O_ddP_O": [0,0,-9.81], "O_T_EE_c": [-0.00338858,0.0452915,-0.998958,0,0.531189,0.846452,0.0365753,0,0.847244,-0.530522,-0.0269271,0,0.745166,-0.334144,0.498251,1], "O_dP_EE_c": [0,0,0,0,0,0], "O_ddP_EE_c": [0,0,0,0,0,0], "theta": [-1.1383,0.603321,0.919919,-1.42863,-2.53714,2.7304,-0.218885], "dtheta": [0,0,0,0,0,0,0], "current_errors": [], "last_motion_errors": [], "control_command_success_rate": 0, "robot_mode": "User stopped", "time": 12893805}