{"O_T_EE": [-0.00112176,0.0155234,-0.999869,0,0.738668,0.673987,0.00963522,0,0.674061,-0.738574,-0.0122229,0,0.644324,-0.506081,0.497076,1], "O_T_EE_d": [-0.00113499,0.0151432,-0.999875,0,0.738925,0.673709,0.0093646,0,0.673779,-0.738836,-0.0119546,0,0.644155,-0.506176,0.497242,1], "F_T_NE": [0.7071,-0.7071,0,0,0.7071,0.7071,0,0,0,0,1,0,0,0,0.1034,1], "NE_T_EE": [1,0,0,0,0,1,0,0,0,0,1,0,0,0,0,1], "F_T_EE": [0.7071,-0.7071,0,0,0.7071,0.7071,0,0,0,0,1,0,0,0,0.1034,1], "EE_T_K": [1,0,0,0,0,1,0,0,0,0,1,0,0,0,0,1], "m_ee": 0.73, "F_x_Cee": [-0.01,0,0.03], "I_ee": [0.001,0,0,0,0.0025,0,0,0,0.0017], "m_load": 0, "F_x_Cload": [0,0,0], "I_load": [0,0,0,0,0,0,0,0,0], "m_total": 0.73, "F_x_Ctotal": [-0.01,0,0.03], "I_total": [0.001,0,0,0,0.0025,0,0,0,0.0017], "elbow": [0.914982,-1], "elbow_d": [0.914937,-1], "elbow_c": [0.914937,-1], "delbow_c": [0,0], "ddelbow_c": [0,0], "tau_J": [-0.447135,-37.4773,12.8305,19.1019,0.990116,-2.16737,0.163167], "tau_J_d": [0,0,0,0,0,0,0], "dtau_J": [-1.61983,23.0541,-94.1397,-101.36,12.918,-28.5598,89.8212], "q": [-1.37098,0.607974,0.914982,-1.43607,-2.53791,2.68554,-0.242293], "dq": [0.000191873,0.00014023,0.000469227,0.000335442,0.000229045,0.000111602,-0.00299498], "q_d": [-1.37127,0.607487,0.914937,-1.43633,-2.53789,2.68535,-0.242247], "dq_d": [0,0,0,0,0,0,0], "ddq_d": [0,0,0,0,0,0,0], "joint_contact": [0,0,0,0,0,0,0], "cartesian_contact": [0,0,0,0,0,0], "joint_collision": [0,0,0,0,0,0,0], "cartesian_collision": [0,0,0,0,0,0], "tau_ext_hat_filtered": [-0.457481,-0.892182,-0.262247,-0.76447,0.141842,-1.34925,0.117113], "O_F_ext_hat_K": [-6.03806,7.49498,-2.51716,-3.34931,-2.33601,-0.446802], "K_F_ext_hat_K": [2.64,0.567159,-9.57485,2.20614,-1.32923,0.12853], "O_dP_EE_d": [0,0,0,0,0,0], "O_ddP_O": [0,0,-9.81], "O_T_EE_c": [-0.00113499,0.0151432,-0.999875,0,0.738925,0.673709,0.0093646,0,0.673779,-0.738836,-0.0119546,0,0.644155,-0.506176,0.497242,1], "O_dP_EE_c": [0,0,0,0,0,0], "O_ddP_EE_c": [0,0,0,0,0,0], "theta": [-1.37101,0.605344,0.915882,-1.43473,-2.5378,2.6853,-0.242273], "dtheta": [0,0,0,0,0,0,0], "current_errors": [], "last_motion_errors": [], "control_command_success_rate": 0, "robot_mode": "User stopped", "time": 12986299}