{"O_T_EE": [-0.00692646,0.0581012,-0.998277,0,0.774837,0.631367,0.0313703,0,0.632114,-0.773299,-0.049393,0,0.613644,-0.546055,0.496789,1], "O_T_EE_d": [-0.00680966,0.0578607,-0.998292,0,0.775041,0.63112,0.0312927,0,0.631865,-0.773519,-0.0491431,0,0.613525,-0.546166,0.496925,1], "F_T_NE": [0.7071,-0.7071,0,0,0.7071,0.7071,0,0,0,0,1,0,0,0,0.1034,1], "NE_T_EE": [1,0,0,0,0,1,0,0,0,0,1,0,0,0,0,1], "F_T_EE": [0.7071,-0.7071,0,0,0.7071,0.7071,0,0,0,0,1,0,0,0,0.1034,1], "EE_T_K": [1,0,0,0,0,1,0,0,0,0,1,0,0,0,0,1], "m_ee": 0.73, "F_x_Cee": [-0.01,0,0.03], "I_ee": [0.001,0,0,0,0.0025,0,0,0,0.0017], "m_load": 0, "F_x_Cload": [0,0,0], "I_load": [0,0,0,0,0,0,0,0,0], "m_total": 0.73, "F_x_Ctotal": [-0.01,0,0.03], "I_total": [0.001,0,0,0,0.0025,0,0,0,0.0017], "elbow": [0.668186,-1], "elbow_d": [0.668147,-1], "elbow_c": [0.668147,-1], "delbow_c": [0,0], "ddelbow_c": [0,0], "tau_J": [0.263009,-39.211,9.38295,20.4428,1.08167,-2.12801,0.132954], "tau_J_d": [0,0,0,0,0,0,0], "dtau_J": [4.22657,56.1971,-136.296,129.814,-8.97653,2.58661,116.19], "q": [-1.26423,0.53898,0.668186,-1.38396,-2.44853,2.79123,-0.166327], "dq": [-5.70777e-05,0.000248761,0.00174114,-0.00257221,-0.000328978,-3.17955e-05,-0.0020834], "q_d": [-1.26438,0.538788,0.668147,-1.38398,-2.44852,2.79105,-0.166309], "dq_d": [0,0,0,0,0,0,0], "ddq_d": [0,0,0,0,0,0,0], "joint_contact": [0,0,0,0,0,0,0], "cartesian_contact": [0,0,0,0,0,0], "joint_collision": [0,0,0,0,0,0,0], "cartesian_collision": [0,0,0,0,0,0], "tau_ext_hat_filtered": [0.260825,-0.0311277,0.186249,-0.519173,0.101685,-1.33856,0.0741506], "O_F_ext_hat_K": [-0.73313,4.36446,-2.70115,-1.72479,0.351679,0.391128], "K_F_ext_hat_K": [2.95521,2.10283,-3.70504,1.83598,-1.45307,0.16932], "O_dP_EE_d": [0,0,0,0,0,0], "O_ddP_O": [0,0,-9.81], "O_T_EE_c": [-0.00680966,0.0578607,-0.998292,0,0.775041,0.63112,0.0312927,0,0.631865,-0.773519,-0.0491431,0,0.613525,-0.546166,0.496925,1], "O_dP_EE_c": [0,0,0,0,0,0], "O_ddP_EE_c": [0,0,0,0,0,0], "theta": [-1.26421,0.536229,0.668844,-1.38253,-2.44841,2.79099,-0.166312], "dtheta": [0,0,0,0,0,0,0], "current_errors": [], "last_motion_errors": ["joint_reflex"], "control_command_success_rate": 0, "robot_mode": "User stopped", "time": 10869791}