{"O_T_EE": [-0.00165015,0.025493,-0.999664,0,0.813643,0.581192,0.0134782,0,0.581351,-0.813363,-0.0217017,0,0.578928,-0.584303,0.495837,1], "O_T_EE_d": [-0.0015188,0.0252482,-0.99967,0,0.813886,0.580853,0.0134338,0,0.581012,-0.813613,-0.0214318,0,0.578776,-0.584459,0.495934,1], "F_T_NE": [0.7071,-0.7071,0,0,0.7071,0.7071,0,0,0,0,1,0,0,0,0.1034,1], "NE_T_EE": [1,0,0,0,0,1,0,0,0,0,1,0,0,0,0,1], "F_T_EE": [0.7071,-0.7071,0,0,0.7071,0.7071,0,0,0,0,1,0,0,0,0.1034,1], "EE_T_K": [1,0,0,0,0,1,0,0,0,0,1,0,0,0,0,1], "m_ee": 0.73, "F_x_Cee": [-0.01,0,0.03], "I_ee": [0.001,0,0,0,0.0025,0,0,0,0.0017], "m_load": 0, "F_x_Cload": [0,0,0], "I_load": [0,0,0,0,0,0,0,0,0], "m_total": 0.73, "F_x_Ctotal": [-0.01,0,0.03], "I_total": [0.001,0,0,0,0.0025,0,0,0,0.0017], "elbow": [0.283696,-1], "elbow_d": [0.283557,-1], "elbow_c": [0.283557,-1], "delbow_c": [0,0], "ddelbow_c": [0,0], "tau_J": [0.263009,-42.9443,4.01918,21.4386,0.871098,-2.61873,0.0926712], "tau_J_d": [0,0,0,0,0,0,0], "dtau_J": [-20.8958,30.1665,130.153,-67.813,17.7527,-0.863196,30.1468], "q": [-1.03453,0.475905,0.283696,-1.35284,-2.51738,2.84674,0.0686785], "dq": [-7.88199e-05,-0.00020552,-0.00119437,0.00612322,0.000230921,3.74646e-05,-0.000952084], "q_d": [-1.03464,0.475805,0.283557,-1.35286,-2.51734,2.84647,0.0686786], "dq_d": [0,0,0,0,0,0,0], "ddq_d": [0,0,0,0,0,0,0], "joint_contact": [0,0,0,0,0,0,0], "cartesian_contact": [0,0,0,0,0,0], "joint_collision": [0,0,0,0,0,0,0], "cartesian_collision": [0,0,0,0,0,0], "tau_ext_hat_filtered": [0.263499,-0.653564,0.123156,-0.3945,0.23095,-1.44331,0.090202], "O_F_ext_hat_K": [-2.22167,6.44506,-2.72792,-2.98874,-0.616514,0.32461], "K_F_ext_hat_K": [2.89503,1.90144,-6.47454,2.0822,-1.79297,0.129416], "O_dP_EE_d": [0,0,0,0,0,0], "O_ddP_O": [0,0,-9.81], "O_T_EE_c": [-0.0015188,0.0252482,-0.99967,0,0.813886,0.580853,0.0134338,0,0.581012,-0.813613,-0.0214318,0,0.578776,-0.584459,0.495934,1], "O_dP_EE_c": [0,0,0,0,0,0], "O_ddP_EE_c": [0,0,0,0,0,0], "theta": [-1.03451,0.472891,0.283978,-1.35134,-2.51728,2.84645,0.0686888], "dtheta": [0,0,0,0.0241333,0,0,0], "current_errors": [], "last_motion_errors": [], "control_command_success_rate": 0, "robot_mode": "User stopped", "time": 13178481}