{"O_T_EE": [0.0289013,0.0281902,-0.999175,0,0.929045,0.36806,0.037257,0,0.368814,-0.929373,-0.0155528,0,0.419206,-0.708015,0.508645,1], "O_T_EE_d": [0.0289689,0.0279356,-0.99918,0,0.929245,0.367559,0.0372176,0,0.368304,-0.929579,-0.0153115,0,0.419006,-0.708158,0.508727,1], "F_T_NE": [0.7071,-0.7071,0,0,0.7071,0.7071,0,0,0,0,1,0,0,0,0.1034,1], "NE_T_EE": [1,0,0,0,0,1,0,0,0,0,1,0,0,0,0,1], "F_T_EE": [0.7071,-0.7071,0,0,0.7071,0.7071,0,0,0,0,1,0,0,0,0.1034,1], "EE_T_K": [1,0,0,0,0,1,0,0,0,0,1,0,0,0,0,1], "m_ee": 0.73, "F_x_Cee": [-0.01,0,0.03], "I_ee": [0.001,0,0,0,0.0025,0,0,0,0.0017], "m_load": 0, "F_x_Cload": [0,0,0], "I_load": [0,0,0,0,0,0,0,0,0], "m_total": 0.73, "F_x_Ctotal": [-0.01,0,0.03], "I_total": [0.001,0,0,0,0.0025,0,0,0,0.0017], "elbow": [-2.22986,-1], "elbow_d": [-2.2299,-1], "elbow_c": [-2.2299,-1], "delbow_c": [0,0], "ddelbow_c": [0,0], "tau_J": [0.0368734,36.9807,12.9059,19.0622,1.10913,-2.20766,0.102742], "tau_J_d": [0,0,0,0,0,0,0], "dtau_J": [-10.8496,35.9009,20.0926,113.824,-14.3072,30.0922,-25.932], "q": [1.4101,-0.617833,-2.22986,-1.3955,-2.50156,2.71654,-0.261085], "dq": [-0.000193651,-0.00148231,-0.000436106,0.000454703,-0.00695213,-0.00045699,0.000970174], "q_d": [1.40993,-0.61778,-2.2299,-1.39546,-2.50156,2.71618,-0.261088], "dq_d": [0,0,0,0,0,0,0], "ddq_d": [0,0,0,0,0,0,0], "joint_contact": [0,0,0,0,0,0,0], "cartesian_contact": [0,0,0,0,0,0], "joint_collision": [0,0,0,0,0,0,0], "cartesian_collision": [0,0,0,0,0,0], "tau_ext_hat_filtered": [0.0957061,-0.270025,-0.239423,-0.868819,0.128076,-1.47774,0.131105], "O_F_ext_hat_K": [0.345794,5.16192,-3.48054,-1.36577,0.96577,0.179086], "K_F_ext_hat_K": [3.63325,2.09152,-4.61568,2.17416,-1.44844,0.212374], "O_dP_EE_d": [0,0,0,0,0,0], "O_ddP_O": [0,0,-9.81], "O_T_EE_c": [0.0289689,0.0279356,-0.99918,0,0.929245,0.367559,0.0372176,0,0.368304,-0.929579,-0.0153115,0,0.419006,-0.708158,0.508727,1], "O_dP_EE_c": [0,0,0,0,0,0], "O_ddP_EE_c": [0,0,0,0,0,0], "theta": [1.4101,-0.615238,-2.22895,-1.39417,-2.50144,2.7163,-0.261074], "dtheta": [0,0,0,0,0,0,0], "current_errors": [], "last_motion_errors": [], "control_command_success_rate": 0, "robot_mode": "User stopped", "time": 13340034}