{"O_T_EE": [0.016612,-0.00465597,-0.999842,0,0.873114,0.487342,0.0122371,0,0.487217,-0.873196,0.0121612,0,0.499527,-0.652388,0.504345,1], "O_T_EE_d": [0.0165736,-0.00468401,-0.999842,0,0.873317,0.48698,0.0121949,0,0.486856,-0.873398,0.0121619,0,0.499372,-0.652472,0.50438,1], "F_T_NE": [0.7071,-0.7071,0,0,0.7071,0.7071,0,0,0,0,1,0,0,0,0.1034,1], "NE_T_EE": [1,0,0,0,0,1,0,0,0,0,1,0,0,0,0,1], "F_T_EE": [0.7071,-0.7071,0,0,0.7071,0.7071,0,0,0,0,1,0,0,0,0.1034,1], "EE_T_K": [1,0,0,0,0,1,0,0,0,0,1,0,0,0,0,1], "m_ee": 0.73, "F_x_Cee": [-0.01,0,0.03], "I_ee": [0.001,0,0,0,0.0025,0,0,0,0.0017], "m_load": 0, "F_x_Cload": [0,0,0], "I_load": [0,0,0,0,0,0,0,0,0], "m_total": 0.73, "F_x_Ctotal": [-0.01,0,0.03], "I_total": [0.001,0,0,0,0.0025,0,0,0,0.0017], "elbow": [-1.30111,-1], "elbow_d": [-1.30108,-1], "elbow_c": [-1.30108,-1], "delbow_c": [0,0], "ddelbow_c": [0,0], "tau_J": [-0.149589,38.4168,29.0686,-1.71448,0.579044,-0.765701,0.184224], "tau_J_d": [0,0,0,0,0,0,0], "dtau_J": [-45.8804,69.9669,-68.5049,-7.71696,-14.8165,16.9231,31.3737], "q": [1.30727,-1.5373,-1.30111,-1.53803,-2.8645,2.33586,-1.14017], "dq": [0.00114158,-0.00166347,0.000555288,0.000650082,-0.000293036,0.000225933,0.000310831], "q_d": [1.30701,-1.53724,-1.30108,-1.5382,-2.86453,2.33552,-1.14013], "dq_d": [0,0,0,0,0,0,0], "ddq_d": [0,0,0,0,0,0,0], "joint_contact": [0,0,0,0,0,0,0], "cartesian_contact": [0,0,0,0,0,0], "joint_collision": [0,0,0,0,0,0,0], "cartesian_collision": [0,0,0,0,0,0], "tau_ext_hat_filtered": [-0.137073,0.473082,0.559715,-0.964838,-0.043526,-1.33734,0.180967], "O_F_ext_hat_K": [-3.10758,8.38766,-0.293694,-3.44565,-1.39597,-0.153795], "K_F_ext_hat_K": [0.202975,1.37082,-8.84171,2.3257,0.501348,0.239267], "O_dP_EE_d": [0,0,0,0,0,0], "O_ddP_O": [0,0,-9.81], "O_T_EE_c": [0.0165736,-0.00468401,-0.999842,0,0.873317,0.48698,0.0121949,0,0.486856,-0.873398,0.0121619,0,0.499372,-0.652472,0.50438,1], "O_dP_EE_c": [0,0,0,0,0,0], "O_ddP_EE_c": [0,0,0,0,0,0], "theta": [1.30726,-1.5346,-1.29907,-1.53815,-2.86443,2.33577,-1.14015], "dtheta": [0,0,0,0,0,0,0], "current_errors": [], "last_motion_errors": ["cartesian_reflex"], "control_command_success_rate": 0, "robot_mode": "User stopped", "time": 16953103}