{"O_T_EE": [0.0105002,0.0113358,-0.999871,0,0.982321,0.186738,0.012433,0,0.186859,-0.982344,-0.00917476,0,0.285649,-0.773646,0.508015,1], "O_T_EE_d": [0.0104524,0.0112081,-0.999873,0,0.982413,0.186261,0.0123578,0,0.18638,-0.982436,-0.0090643,0,0.285399,-0.773753,0.508028,1], "F_T_NE": [0.7071,-0.7071,0,0,0.7071,0.7071,0,0,0,0,1,0,0,0,0.1034,1], "NE_T_EE": [1,0,0,0,0,1,0,0,0,0,1,0,0,0,0,1], "F_T_EE": [0.7071,-0.7071,0,0,0.7071,0.7071,0,0,0,0,1,0,0,0,0.1034,1], "EE_T_K": [1,0,0,0,0,1,0,0,0,0,1,0,0,0,0,1], "m_ee": 0.73, "F_x_Cee": [-0.01,0,0.03], "I_ee": [0.001,0,0,0,0.0025,0,0,0,0.0017], "m_load": 0, "F_x_Cload": [0,0,0], "I_load": [0,0,0,0,0,0,0,0,0], "m_total": 0.73, "F_x_Ctotal": [-0.01,0,0.03], "I_total": [0.001,0,0,0,0.0025,0,0,0,0.0017], "elbow": [-2.31963,-1], "elbow_d": [-2.31978,-1], "elbow_c": [-2.31978,-1], "delbow_c": [0,0], "ddelbow_c": [0,0], "tau_J": [-0.0345378,38.3414,11.5927,19.8675,1.15491,-2.12801,0.153096], "tau_J_d": [0,0,0,0,0,0,0], "dtau_J": [39.0088,14.0932,-67.5555,27.1813,14.5563,69.2908,12.7938], "q": [1.2923,-0.588029,-2.31963,-1.38304,-2.49834,2.72651,-0.232987], "dq": [0.000425111,0.000885157,0.000761038,-0.000789764,-0.000356462,-0.00124049,0.00829709], "q_d": [1.29211,-0.587981,-2.31978,-1.38305,-2.49833,2.72629,-0.232974], "dq_d": [0,0,0,0,0,0,0], "ddq_d": [0,0,0,0,0,0,0], "joint_contact": [0,0,0,0,0,0,0], "cartesian_contact": [0,0,0,0,0,0], "joint_collision": [0,0,0,0,0,0,0], "cartesian_collision": [0,0,0,0,0,0], "tau_ext_hat_filtered": [-0.0221221,0.173646,-0.0209813,-0.517627,0.234988,-1.32927,0.142649], "O_F_ext_hat_K": [0.79161,5.18885,-2.37488,-1.83851,0.681428,0.0639959], "K_F_ext_hat_K": [2.44176,1.71708,-4.92752,2.01494,-1.12128,0.216392], "O_dP_EE_d": [0,0,0,0,0,0], "O_ddP_O": [0,0,-9.81], "O_T_EE_c": [0.0104524,0.0112081,-0.999873,0,0.982413,0.186261,0.0123578,0,0.18638,-0.982436,-0.0090643,0,0.285399,-0.773753,0.508028,1], "O_dP_EE_c": [0,0,0,0,0,0], "O_ddP_EE_c": [0,0,0,0,0,0], "theta": [1.29229,-0.585338,-2.31882,-1.38165,-2.49821,2.72628,-0.232969], "dtheta": [0,0,0,0,0,0,0.0343175], "current_errors": [], "last_motion_errors": [], "control_command_success_rate": 0, "robot_mode": "User stopped", "time": 13429551}