{"O_T_EE": [0.0119478,0.0136218,-0.999826,0,0.973059,-0.230359,0.0084895,0,-0.230207,-0.97301,-0.0160074,0,-0.0571817,-0.828503,0.507762,1], "O_T_EE_d": [0.0118693,0.0134791,-0.999829,0,0.972957,-0.230788,0.00843896,0,-0.23064,-0.97291,-0.0158542,0,-0.0574215,-0.828488,0.507805,1], "F_T_NE": [0.7071,-0.7071,0,0,0.7071,0.7071,0,0,0,0,1,0,0,0,0.1034,1], "NE_T_EE": [1,0,0,0,0,1,0,0,0,0,1,0,0,0,0,1], "F_T_EE": [0.7071,-0.7071,0,0,0.7071,0.7071,0,0,0,0,1,0,0,0,0.1034,1], "EE_T_K": [1,0,0,0,0,1,0,0,0,0,1,0,0,0,0,1], "m_ee": 0.73, "F_x_Cee": [-0.01,0,0.03], "I_ee": [0.001,0,0,0,0.0025,0,0,0,0.0017], "m_load": 0, "F_x_Cload": [0,0,0], "I_load": [0,0,0,0,0,0,0,0,0], "m_total": 0.73, "F_x_Ctotal": [-0.01,0,0.03], "I_total": [0.001,0,0,0,0.0025,0,0,0,0.0017], "elbow": [-2.58617,-1], "elbow_d": [-2.58632,-1], "elbow_c": [-2.58632,-1], "delbow_c": [0,0], "ddelbow_c": [0,0], "tau_J": [0.0765462,41.5827,7.91902,20.5182,1.219,-2.2278,0.214436], "tau_J_d": [0,0,0,0,0,0,0], "dtau_J": [-39.9897,42.0145,129.162,-0.165366,9.45043,-0.529736,92.2121], "q": [1.06142,-0.540719,-2.58617,-1.32133,-2.4625,2.80618,-0.13499], "dq": [-5.4112e-05,-0.000780403,-0.000952257,0.000627595,-0.000610974,0.000211935,-0.00177658], "q_d": [1.06127,-0.540626,-2.58632,-1.32138,-2.46248,2.80595,-0.134945], "dq_d": [0,0,0,0,0,0,0], "ddq_d": [0,0,0,0,0,0,0], "joint_contact": [0,0,0,0,0,0,0], "cartesian_contact": [0,0,0,0,0,0], "joint_collision": [0,0,0,0,0,0,0], "cartesian_collision": [0,0,0,0,0,0], "tau_ext_hat_filtered": [0.0914864,0.257336,0.0651304,-0.787799,0.28157,-1.27333,0.173163], "O_F_ext_hat_K": [3.26707,6.32727,-2.88148,-2.14666,1.59871,0.181819], "K_F_ext_hat_K": [3.00626,1.69708,-6.86247,2.14844,-1.32818,0.237025], "O_dP_EE_d": [0,0,0,0,0,0], "O_ddP_O": [0,0,-9.81], "O_T_EE_c": [0.0118693,0.0134791,-0.999829,0,0.972957,-0.230788,0.00843896,0,-0.23064,-0.97291,-0.0158542,0,-0.0574215,-0.828488,0.507805,1], "O_dP_EE_c": [0,0,0,0,0,0], "O_ddP_EE_c": [0,0,0,0,0,0], "theta": [1.06142,-0.537801,-2.58562,-1.31989,-2.46237,2.80593,-0.134966], "dtheta": [0,0,0,0,0,0,0], "current_errors": [], "last_motion_errors": [], "control_command_success_rate": 0, "robot_mode": "User stopped", "time": 14911664}