{"O_T_EE": [0.0198112,0.0522468,-0.998428,0,0.964966,-0.26228,0.00542239,0,-0.26159,-0.963576,-0.0556136,0,-0.106314,-0.827525,0.493774,1], "O_T_EE_d": [0.0197716,0.0522532,-0.998428,0,0.964859,-0.262676,0.00535949,0,-0.261989,-0.963467,-0.0556116,0,-0.106577,-0.827477,0.493741,1], "F_T_NE": [0.7071,-0.7071,0,0,0.7071,0.7071,0,0,0,0,1,0,0,0,0.1034,1], "NE_T_EE": [1,0,0,0,0,1,0,0,0,0,1,0,0,0,0,1], "F_T_EE": [0.7071,-0.7071,0,0,0.7071,0.7071,0,0,0,0,1,0,0,0,0.1034,1], "EE_T_K": [1,0,0,0,0,1,0,0,0,0,1,0,0,0,0,1], "m_ee": 0.73, "F_x_Cee": [-0.01,0,0.03], "I_ee": [0.001,0,0,0,0.0025,0,0,0,0.0017], "m_load": 0, "F_x_Cload": [0,0,0], "I_load": [0,0,0,0,0,0,0,0,0], "m_total": 0.73, "F_x_Ctotal": [-0.01,0,0.03], "I_total": [0.001,0,0,0,0.0025,0,0,0,0.0017], "elbow": [0.0314928,-1], "elbow_d": [0.0312996,-1], "elbow_c": [0.0312996,-1], "delbow_c": [0,0], "ddelbow_c": [0,0], "tau_J": [0.151925,-44.9398,0.984211,20.4785,0.852787,-1.94765,0.102742], "tau_J_d": [0,0,0,0,0,0,0], "dtau_J": [-35.3538,124.669,-19.4333,-91.0912,0.0297111,6.69385,4.92082], "q": [-1.76107,0.528152,0.0314928,-1.22895,-2.47631,2.97467,0.122097], "dq": [0.000679094,-0.00067531,0.00632515,0.00112863,-0.000168952,-0.0025061,-0.00156098], "q_d": [-1.76122,0.528078,0.0312996,-1.22914,-2.47628,2.97453,0.122121], "dq_d": [0,0,0,0,0,0,0], "ddq_d": [0,0,0,0,0,0,0], "joint_contact": [0,0,0,0,0,0,0], "cartesian_contact": [0,0,0,0,0,0], "joint_collision": [0,0,0,0,0,0,0], "cartesian_collision": [0,0,0,0,0,0], "tau_ext_hat_filtered": [0.169749,-0.367317,0.101517,-1.35332,0.162977,-0.780045,0.104118], "O_F_ext_hat_K": [4.0026,10.7528,-3.98646,-3.83383,1.95361,0.276433], "K_F_ext_hat_K": [4.62138,1.02052,-11.1865,1.87451,-1.87498,0.195767], "O_dP_EE_d": [0,0,0,0,0,0], "O_ddP_O": [0,0,-9.81], "O_T_EE_c": [0.0197716,0.0522532,-0.998428,0,0.964859,-0.262676,0.00535949,0,-0.261989,-0.963467,-0.0556116,0,-0.106577,-0.827477,0.493741,1], "O_dP_EE_c": [0,0,0,0,0,0], "O_ddP_EE_c": [0,0,0,0,0,0], "theta": [-1.76105,0.524999,0.0315617,-1.22752,-2.47621,2.97446,0.12211], "dtheta": [0,0,0.0254078,0,0,0,0], "current_errors": [], "last_motion_errors": [], "control_command_success_rate": 0, "robot_mode": "User stopped", "time": 14602230}