{"O_T_EE": [0.0383465,-0.00188981,-0.999253,0,-0.869622,-0.492632,-0.0324402,0,-0.492212,0.870233,-0.0205345,0,-0.53353,0.639637,0.596046,1], "O_T_EE_d": [0.0381661,-0.001554,-0.999261,0,-0.869964,-0.492025,-0.0324626,0,-0.49162,0.870577,-0.020131,0,-0.533155,0.639852,0.596337,1], "F_T_NE": [0.7071,-0.7071,0,0,0.7071,0.7071,0,0,0,0,1,0,0,0,0.1034,1], "NE_T_EE": [1,0,0,0,0,1,0,0,0,0,1,0,0,0,0,1], "F_T_EE": [0.7071,-0.7071,0,0,0.7071,0.7071,0,0,0,0,1,0,0,0,0.1034,1], "EE_T_K": [1,0,0,0,0,1,0,0,0,0,1,0,0,0,0,1], "m_ee": 0.73, "F_x_Cee": [-0.01,0,0.03], "I_ee": [0.001,0,0,0,0.0025,0,0,0,0.0017], "m_load": 0, "F_x_Cload": [0,0,0], "I_load": [0,0,0,0,0,0,0,0,0], "m_total": 0.73, "F_x_Ctotal": [-0.01,0,0.03], "I_total": [0.001,0,0,0,0.0025,0,0,0,0.0017], "elbow": [0.361415,-1], "elbow_d": [0.361306,-1], "elbow_c": [0.361306,-1], "delbow_c": [0,0], "ddelbow_c": [0,0], "tau_J": [-1.93883,-44.9041,4.24532,21.1688,1.86811,-1.60707,0.0926712], "tau_J_d": [0,0,0,0,0,0,0], "dtau_J": [-15.2901,-23.3754,-9.14752,81.4927,-29.5908,1.53134,111.442], "q": [1.95777,0.519135,0.361415,-1.15312,-1.99178,2.93314,-0.56428], "dq": [-0.000295748,0.000568601,0.00411136,-0.000900294,0.00398126,0.000267685,-0.00202789], "q_d": [1.95735,0.518786,0.361306,-1.1531,-1.99175,2.93297,-0.56424], "dq_d": [0,0,0,0,0,0,0], "ddq_d": [0,0,0,0,0,0,0], "joint_contact": [0,0,0,0,0,0,0], "cartesian_contact": [0,0,0,0,0,0], "joint_collision": [0,0,0,0,0,0,0], "cartesian_collision": [0,0,0,0,0,0], "tau_ext_hat_filtered": [-1.85772,-2.36437,-0.999643,-0.445562,0.170937,-1.23569,0.0411521], "O_F_ext_hat_K": [0,0,0,0,0,0], "K_F_ext_hat_K": [0,0,0,0,0,0], "O_dP_EE_d": [0,0,0,0,0,0], "O_ddP_O": [0,0,-9.81], "O_T_EE_c": [0.0381661,-0.001554,-0.999261,0,-0.869964,-0.492025,-0.0324626,0,-0.49162,0.870577,-0.020131,0,-0.533155,0.639852,0.596337,1], "O_dP_EE_c": [0,0,0,0,0,0], "O_ddP_EE_c": [0,0,0,0,0,0], "theta": [1.95763,0.515983,0.361713,-1.15164,-1.99157,2.93296,-0.56427], "dtheta": [0,0,0.0252264,0,0,0,0], "current_errors": [], "last_motion_errors": ["joint_reflex"], "control_command_success_rate": 0, "robot_mode": "User stopped", "time": 21169298}