{"O_T_EE": [0.0258247,-0.00434599,-0.999647,0,-0.80549,-0.592312,-0.0182338,0,-0.592036,0.805693,-0.0187973,0,-0.607401,0.572961,0.596248,1], "O_T_EE_d": [0.0257189,-0.00416067,-0.999651,0,-0.80575,-0.591957,-0.0182664,0,-0.591686,0.805954,-0.0185773,0,-0.607202,0.57312,0.596399,1], "F_T_NE": [0.7071,-0.7071,0,0,0.7071,0.7071,0,0,0,0,1,0,0,0,0.1034,1], "NE_T_EE": [1,0,0,0,0,1,0,0,0,0,1,0,0,0,0,1], "F_T_EE": [0.7071,-0.7071,0,0,0.7071,0.7071,0,0,0,0,1,0,0,0,0.1034,1], "EE_T_K": [1,0,0,0,0,1,0,0,0,0,1,0,0,0,0,1], "m_ee": 0.73, "F_x_Cee": [-0.01,0,0.03], "I_ee": [0.001,0,0,0,0.0025,0,0,0,0.0017], "m_load": 0, "F_x_Cload": [0,0,0], "I_load": [0,0,0,0,0,0,0,0,0], "m_total": 0.73, "F_x_Ctotal": [-0.01,0,0.03], "I_total": [0.001,0,0,0,0.0025,0,0,0,0.0017], "elbow": [0.398026,-1], "elbow_d": [0.397959,-1], "elbow_c": [0.397959,-1], "delbow_c": [0,0], "ddelbow_c": [0,0], "tau_J": [-0.744682,-44.3011,5.44344,21.3989,1.77655,-1.58693,0.000202917], "tau_J_d": [0,0,0,0,0,0,0], "dtau_J": [16.6409,-29.9739,-18.9985,23.4298,-14.2563,2.59074,-65.906], "q": [2.05624,0.532038,0.398026,-1.14432,-1.99641,2.92263,-0.566987], "dq": [-0.000462492,0.000892517,-1.83207e-05,-0.00061835,-0.000332434,0.000199912,0.00213018], "q_d": [2.056,0.531854,0.397959,-1.14431,-1.99639,2.92248,-0.566975], "dq_d": [0,0,0,0,0,0,0], "ddq_d": [0,0,0,0,0,0,0], "joint_contact": [0,0,0,0,0,0,0], "cartesian_contact": [0,0,0,0,0,0], "joint_collision": [0,0,0,0,0,0,0], "cartesian_collision": [0,0,0,0,0,0], "tau_ext_hat_filtered": [-0.732289,-1.72994,-0.318275,-0.128261,0.0764596,-1.23515,0.032245], "O_F_ext_hat_K": [0,0,0,0,0,0], "K_F_ext_hat_K": [0,0,0,0,0,0], "O_dP_EE_d": [0,0,0,0,0,0], "O_ddP_O": [0,0,-9.81], "O_T_EE_c": [0.0257189,-0.00416067,-0.999651,0,-0.80575,-0.591957,-0.0182664,0,-0.591686,0.805954,-0.0185773,0,-0.607202,0.57312,0.596399,1], "O_dP_EE_c": [0,0,0,0,0,0], "O_ddP_EE_c": [0,0,0,0,0,0], "theta": [2.05619,0.528929,0.398407,-1.14282,-1.99621,2.92245,-0.566988], "dtheta": [0,0,0,0,0,0,0], "current_errors": [], "last_motion_errors": ["joint_reflex"], "control_command_success_rate": 0, "robot_mode": "User stopped", "time": 21140135}