{"O_T_EE": [0.0260007,-0.00700077,-0.999628,0,-0.836012,-0.548401,-0.0179043,0,-0.548082,0.836183,-0.0201119,0,-0.571388,0.607348,0.595977,1], "O_T_EE_d": [0.0258632,-0.00668807,-0.999633,0,-0.836222,-0.548079,-0.0179683,0,-0.547768,0.836396,-0.0197681,0,-0.571181,0.607417,0.596253,1], "F_T_NE": [0.7071,-0.7071,0,0,0.7071,0.7071,0,0,0,0,1,0,0,0,0.1034,1], "NE_T_EE": [1,0,0,0,0,1,0,0,0,0,1,0,0,0,0,1], "F_T_EE": [0.7071,-0.7071,0,0,0.7071,0.7071,0,0,0,0,1,0,0,0,0.1034,1], "EE_T_K": [1,0,0,0,0,1,0,0,0,0,1,0,0,0,0,1], "m_ee": 0.73, "F_x_Cee": [-0.01,0,0.03], "I_ee": [0.001,0,0,0,0.0025,0,0,0,0.0017], "m_load": 0, "F_x_Cload": [0,0,0], "I_load": [0,0,0,0,0,0,0,0,0], "m_total": 0.73, "F_x_Ctotal": [-0.01,0,0.03], "I_total": [0.001,0,0,0,0.0025,0,0,0,0.0017], "elbow": [0.37259,-1], "elbow_d": [0.372546,-1], "elbow_c": [0.372546,-1], "delbow_c": [0,0], "ddelbow_c": [0,0], "tau_J": [-1.0819,-45.1302,5.07051,21.1331,1.95966,-1.46699,0.0313308], "tau_J_d": [0,0,0,0,0,0,0], "dtau_J": [56.5392,-21.5682,-18.804,-151.712,-14.8703,-34.0701,-33.5157], "q": [2.00996,0.526312,0.37259,-1.14553,-1.99493,2.93791,-0.554629], "dq": [-0.00130146,-0.000552397,0.00119657,0.00192392,-0.00094758,0.000328688,0.000255899], "q_d": [2.00974,0.525901,0.372546,-1.14561,-1.9949,2.93778,-0.554633], "dq_d": [0,0,0,0,0,0,0], "ddq_d": [0,0,0,0,0,0,0], "joint_contact": [0,0,0,0,0,0,0], "cartesian_contact": [0,0,0,0,0,0], "joint_collision": [0,0,0,0,0,0,0], "cartesian_collision": [0,0,0,0,0,0], "tau_ext_hat_filtered": [-1.11606,-2.5224,-0.354681,-0.343007,0.240939,-1.11083,0.0598417], "O_F_ext_hat_K": [0,0,0,0,0,0], "K_F_ext_hat_K": [0,0,0,0,0,0], "O_dP_EE_d": [0,0,0,0,0,0], "O_ddP_O": [0,0,-9.81], "O_T_EE_c": [0.0258632,-0.00668807,-0.999633,0,-0.836222,-0.548079,-0.0179683,0,-0.547768,0.836396,-0.0197681,0,-0.571181,0.607417,0.596253,1], "O_dP_EE_c": [0,0,0,0,0,0], "O_ddP_EE_c": [0,0,0,0,0,0], "theta": [2.00989,0.523145,0.372946,-1.14404,-1.99472,2.93775,-0.554625], "dtheta": [0,0,0,0,0,0,0], "current_errors": [], "last_motion_errors": ["joint_reflex"], "control_command_success_rate": 0, "robot_mode": "User stopped", "time": 21114693}