{"O_T_EE": [0.0173976,-0.0101594,-0.999787,0,-0.928969,-0.369923,-0.0124063,0,-0.369726,0.929005,-0.0158738,0,-0.453684,0.696866,0.596162,1], "O_T_EE_d": [0.0172169,-0.00980001,-0.999794,0,-0.929125,-0.369533,-0.0123778,0,-0.369343,0.929164,-0.0154679,0,-0.453456,0.696913,0.596457,1], "F_T_NE": [0.7071,-0.7071,0,0,0.7071,0.7071,0,0,0,0,1,0,0,0,0.1034,1], "NE_T_EE": [1,0,0,0,0,1,0,0,0,0,1,0,0,0,0,1], "F_T_EE": [0.7071,-0.7071,0,0,0.7071,0.7071,0,0,0,0,1,0,0,0,0.1034,1], "EE_T_K": [1,0,0,0,0,1,0,0,0,0,1,0,0,0,0,1], "m_ee": 0.73, "F_x_Cee": [-0.01,0,0.03], "I_ee": [0.001,0,0,0,0.0025,0,0,0,0.0017], "m_load": 0, "F_x_Cload": [0,0,0], "I_load": [0,0,0,0,0,0,0,0,0], "m_total": 0.73, "F_x_Ctotal": [-0.01,0,0.03], "I_total": [0.001,0,0,0,0.0025,0,0,0,0.0017], "elbow": [-0.346444,-1], "elbow_d": [-0.346601,-1], "elbow_c": [-0.346601,-1], "delbow_c": [0,0], "ddelbow_c": [0,0], "tau_J": [-0.708976,-44.7137,-3.85588,20.4428,1.71247,-2.11793,-0.081279], "tau_J_d": [0,0,0,0,0,0,0], "dtau_J": [7.53453,-3.4995,87.7822,-29.4692,21.6996,15.0495,-86.398], "q": [2.30609,0.518786,-0.346444,-1.1155,-1.82811,3.09062,-0.369987], "dq": [2.88744e-05,-0.00125363,-0.00025879,5.68099e-05,-0.000188935,-0.00015912,0.00175577], "q_d": [2.30602,0.518424,-0.346601,-1.11555,-1.82811,3.0904,-0.370001], "dq_d": [0,0,0,0,0,0,0], "ddq_d": [0,0,0,0,0,0,0], "joint_contact": [0,0,0,0,0,0,0], "cartesian_contact": [0,0,0,0,0,0], "joint_collision": [0,0,0,0,0,0,0], "cartesian_collision": [0,0,0,0,0,0], "tau_ext_hat_filtered": [-0.716323,-1.22579,-0.765159,-0.752066,-0.0346798,-1.47614,-0.0457271], "O_F_ext_hat_K": [0,0,0,0,0,0], "K_F_ext_hat_K": [0,0,0,0,0,0], "O_dP_EE_d": [0,0,0,0,0,0], "O_ddP_O": [0,0,-9.81], "O_T_EE_c": [0.0172169,-0.00980001,-0.999794,0,-0.929125,-0.369533,-0.0123778,0,-0.369343,0.929164,-0.0154679,0,-0.453456,0.696913,0.596457,1], "O_dP_EE_c": [0,0,0,0,0,0], "O_ddP_EE_c": [0,0,0,0,0,0], "theta": [2.30604,0.515648,-0.346715,-1.11407,-1.82792,3.09039,-0.369996], "dtheta": [0,0,0,0,0,0,0], "current_errors": [], "last_motion_errors": ["joint_reflex"], "control_command_success_rate": 0, "robot_mode": "User stopped", "time": 21357281}