{"O_T_EE": [0.026448,-0.00558757,-0.999625,0,-0.902565,-0.429996,-0.0214765,0,-0.429723,0.902811,-0.016416,0,-0.493385,0.669864,0.595976,1], "O_T_EE_d": [0.026386,-0.00537021,-0.999628,0,-0.902777,-0.429548,-0.0215219,0,-0.429281,0.903026,-0.0161825,0,-0.493142,0.669967,0.596146,1], "F_T_NE": [0.7071,-0.7071,0,0,0.7071,0.7071,0,0,0,0,1,0,0,0,0.1034,1], "NE_T_EE": [1,0,0,0,0,1,0,0,0,0,1,0,0,0,0,1], "F_T_EE": [0.7071,-0.7071,0,0,0.7071,0.7071,0,0,0,0,1,0,0,0,0.1034,1], "EE_T_K": [1,0,0,0,0,1,0,0,0,0,1,0,0,0,0,1], "m_ee": 0.73, "F_x_Cee": [-0.01,0,0.03], "I_ee": [0.001,0,0,0,0.0025,0,0,0,0.0017], "m_load": 0, "F_x_Cload": [0,0,0], "I_load": [0,0,0,0,0,0,0,0,0], "m_total": 0.73, "F_x_Ctotal": [-0.01,0,0.03], "I_total": [0.001,0,0,0,0.0025,0,0,0,0.0017], "elbow": [0.323962,-1], "elbow_d": [0.323891,-1], "elbow_c": [0.323891,-1], "delbow_c": [0,0], "ddelbow_c": [0,0], "tau_J": [-1.11761,-44.1106,3.98348,20.9784,1.52936,-1.727,0.102742], "tau_J_d": [0,0,0,0,0,0,0], "dtau_J": [69.9274,111.501,40.6643,-125.014,-17.7469,19.1997,122.938], "q": [1.92399,0.508015,0.323962,-1.1607,-1.99664,2.92772,-0.527528], "dq": [-0.00101991,-0.000856754,-0.000630957,0.00172868,0.000283796,0.000140828,-0.00206174], "q_d": [1.92375,0.507716,0.323891,-1.16082,-1.99664,2.92751,-0.527494], "dq_d": [0,0,0,0,0,0,0], "ddq_d": [0,0,0,0,0,0,0], "joint_contact": [0,0,0,0,0,0,0], "cartesian_contact": [0,0,0,0,0,0], "joint_collision": [0,0,0,0,0,0,0], "cartesian_collision": [0,0,0,0,0,0], "tau_ext_hat_filtered": [-1.15308,-1.51244,-0.806852,-0.63135,-0.133159,-1.31291,0.0481354], "O_F_ext_hat_K": [0,0,0,0,0,0], "K_F_ext_hat_K": [0,0,0,0,0,0], "O_dP_EE_d": [0,0,0,0,0,0], "O_ddP_O": [0,0,-9.81], "O_T_EE_c": [0.026386,-0.00537021,-0.999628,0,-0.902777,-0.429548,-0.0215219,0,-0.429281,0.903026,-0.0161825,0,-0.493142,0.669967,0.596146,1], "O_dP_EE_c": [0,0,0,0,0,0], "O_ddP_EE_c": [0,0,0,0,0,0], "theta": [1.92392,0.504919,0.324242,-1.15923,-1.99648,2.92753,-0.527517], "dtheta": [0,0,0,0,0,0,0], "current_errors": [], "last_motion_errors": ["joint_reflex"], "control_command_success_rate": 0, "robot_mode": "User stopped", "time": 21208726}