{"O_T_EE": [0.00670548,-0.0106537,-0.999911,0,-0.98328,-0.181987,-0.00465494,0,-0.181925,0.983243,-0.0116961,0,-0.317726,0.764787,0.595791,1], "O_T_EE_d": [0.00668061,-0.0104939,-0.999913,0,-0.983348,-0.181622,-0.00466384,0,-0.181561,0.983312,-0.0115328,0,-0.317594,0.764822,0.595874,1], "F_T_NE": [0.7071,-0.7071,0,0,0.7071,0.7071,0,0,0,0,1,0,0,0,0.1034,1], "NE_T_EE": [1,0,0,0,0,1,0,0,0,0,1,0,0,0,0,1], "F_T_EE": [0.7071,-0.7071,0,0,0.7071,0.7071,0,0,0,0,1,0,0,0,0.1034,1], "EE_T_K": [1,0,0,0,0,1,0,0,0,0,1,0,0,0,0,1], "m_ee": 0.73, "F_x_Cee": [-0.01,0,0.03], "I_ee": [0.001,0,0,0,0.0025,0,0,0,0.0017], "m_load": 0, "F_x_Cload": [0,0,0], "I_load": [0,0,0,0,0,0,0,0,0], "m_total": 0.73, "F_x_Ctotal": [-0.01,0,0.03], "I_total": [0.001,0,0,0,0.0025,0,0,0,0.0017], "elbow": [0.0356612,-1], "elbow_d": [0.0355947,-1], "elbow_c": [0.0355947,-1], "delbow_c": [0,0], "ddelbow_c": [0,0], "tau_J": [-0.708976,-43.9996,0.646991,21.3989,1.63007,-2.09779,0.122884], "tau_J_d": [0,0,0,0,0,0,0], "dtau_J": [-121.811,1.34761,-37.0474,-56.1931,24.2478,-2.62898,46.7967], "q": [1.88113,0.474366,0.0356612,-1.17064,-1.95357,2.96979,-0.416729], "dq": [0.000456613,-0.000107597,0.000687529,5.59708e-05,-4.89243e-05,-8.88085e-06,-0.00206543], "q_d": [1.88108,0.474238,0.0355947,-1.17071,-1.95356,2.9695,-0.416722], "dq_d": [0,0,0,0,0,0,0], "ddq_d": [0,0,0,0,0,0,0], "joint_contact": [0,0,0,0,0,0,0], "cartesian_contact": [0,0,0,0,0,0], "joint_collision": [0,0,0,0,0,0,0], "cartesian_collision": [0,0,0,0,0,0], "tau_ext_hat_filtered": [-0.694649,-0.829376,-0.576893,-0.424931,0.00675494,-1.52183,0.110233], "O_F_ext_hat_K": [0,0,0,0,0,0], "K_F_ext_hat_K": [0,0,0,0,0,0], "O_dP_EE_d": [0,0,0,0,0,0], "O_ddP_O": [0,0,-9.81], "O_T_EE_c": [0.00668061,-0.0104939,-0.999913,0,-0.983348,-0.181622,-0.00466384,0,-0.181561,0.983312,-0.0115328,0,-0.317594,0.764822,0.595874,1], "O_dP_EE_c": [0,0,0,0,0,0], "O_ddP_EE_c": [0,0,0,0,0,0], "theta": [1.88108,0.471277,0.0357066,-1.16914,-1.95339,2.96955,-0.416715], "dtheta": [0,0,0,0,0,0,0], "current_errors": [], "last_motion_errors": ["joint_reflex"], "control_command_success_rate": 0, "robot_mode": "User stopped", "time": 21491813}