{"O_T_EE": [0.00480151,-0.0103199,-0.999926,0,-0.974106,-0.226039,-0.00234466,0,-0.226002,0.974063,-0.0111382,0,-0.365333,0.744076,0.59589,1], "O_T_EE_d": [0.0046893,-0.0101325,-0.999928,0,-0.97424,-0.225461,-0.00228418,0,-0.225426,0.974199,-0.010929,0,-0.364992,0.744191,0.59603,1], "F_T_NE": [0.7071,-0.7071,0,0,0.7071,0.7071,0,0,0,0,1,0,0,0,0.1034,1], "NE_T_EE": [1,0,0,0,0,1,0,0,0,0,1,0,0,0,0,1], "F_T_EE": [0.7071,-0.7071,0,0,0.7071,0.7071,0,0,0,0,1,0,0,0,0.1034,1], "EE_T_K": [1,0,0,0,0,1,0,0,0,0,1,0,0,0,0,1], "m_ee": 0.73, "F_x_Cee": [-0.01,0,0.03], "I_ee": [0.001,0,0,0,0.0025,0,0,0,0.0017], "m_load": 0, "F_x_Cload": [0,0,0], "I_load": [0,0,0,0,0,0,0,0,0], "m_total": 0.73, "F_x_Ctotal": [-0.01,0,0.03], "I_total": [0.001,0,0,0,0.0025,0,0,0,0.0017], "elbow": [-0.381354,-1], "elbow_d": [-0.381541,-1], "elbow_c": [-0.381541,-1], "delbow_c": [0,0], "ddelbow_c": [0,0], "tau_J": [-1.37945,-45.0549,-4.82786,20.6332,1.72162,-2.00716,0.071614], "tau_J_d": [0,0,0,0,0,0,0], "dtau_J": [-7.19073,15.6967,-35.6033,-83.6487,18.5981,1.49438,-24.3738], "q": [2.22477,0.502294,-0.381354,-1.14836,-1.82726,3.05414,-0.348557], "dq": [0.000146032,8.66639e-05,0.000725432,0.000283799,-0.000121462,0.000237533,0.00172615], "q_d": [2.22456,0.502082,-0.381541,-1.14848,-1.82724,3.05393,-0.348511], "dq_d": [0,0,0,0,0,0,0], "ddq_d": [0,0,0,0,0,0,0], "joint_contact": [0,0,0,0,0,0,0], "cartesian_contact": [0,0,0,0,0,0], "joint_collision": [0,0,0,0,0,0,0], "cartesian_collision": [0,0,0,0,0,0], "tau_ext_hat_filtered": [-1.41165,-2.13982,-1.28612,-0.626487,0.0429652,-1.33602,0.0883834], "O_F_ext_hat_K": [0,0,0,0,0,0], "K_F_ext_hat_K": [0,0,0,0,0,0], "O_dP_EE_d": [0,0,0,0,0,0], "O_ddP_O": [0,0,-9.81], "O_T_EE_c": [0.0046893,-0.0101325,-0.999928,0,-0.97424,-0.225461,-0.00228418,0,-0.225426,0.974199,-0.010929,0,-0.364992,0.744191,0.59603,1], "O_dP_EE_c": [0,0,0,0,0,0], "O_ddP_EE_c": [0,0,0,0,0,0], "theta": [2.22468,0.499132,-0.381693,-1.14692,-1.82707,3.05392,-0.348549], "dtheta": [0,0,0,0,0,0,0], "current_errors": [], "last_motion_errors": ["joint_reflex"], "control_command_success_rate": 0, "robot_mode": "User stopped", "time": 21390010}