{"O_T_EE": [0.0284963,-0.0103845,-0.99953,0,-0.992591,-0.118365,-0.0270687,0,-0.118031,0.992916,-0.0136808,0,-0.271182,0.780007,0.595762,1], "O_T_EE_d": [0.0284452,-0.0101897,-0.999534,0,-0.99265,-0.117874,-0.0270476,0,-0.117546,0.992976,-0.013468,0,-0.270824,0.780054,0.595946,1], "F_T_NE": [0.7071,-0.7071,0,0,0.7071,0.7071,0,0,0,0,1,0,0,0,0.1034,1], "NE_T_EE": [1,0,0,0,0,1,0,0,0,0,1,0,0,0,0,1], "F_T_EE": [0.7071,-0.7071,0,0,0.7071,0.7071,0,0,0,0,1,0,0,0,0.1034,1], "EE_T_K": [1,0,0,0,0,1,0,0,0,0,1,0,0,0,0,1], "m_ee": 0.73, "F_x_Cee": [-0.01,0,0.03], "I_ee": [0.001,0,0,0,0.0025,0,0,0,0.0017], "m_load": 0, "F_x_Cload": [0,0,0], "I_load": [0,0,0,0,0,0,0,0,0], "m_total": 0.73, "F_x_Ctotal": [-0.01,0,0.03], "I_total": [0.001,0,0,0,0.0025,0,0,0,0.0017], "elbow": [0.00652154,-1], "elbow_d": [0.00637985,-1], "elbow_c": [0.00637985,-1], "delbow_c": [0,0], "ddelbow_c": [0,0], "tau_J": [-0.708976,-45.3564,0.607318,20.5936,1.78571,-1.41664,0.0414016], "tau_J_d": [0,0,0,0,0,0,0], "dtau_J": [-37.8985,-8.16774,108.435,42.6822,10.5712,2.60701,-96.0047], "q": [1.8435,0.463217,0.00652154,-1.18501,-1.94777,2.96913,-0.431101], "dq": [0.000856087,4.87359e-05,-0.000265296,-0.00145743,-0.00121507,-0.000319331,0.00146458], "q_d": [1.84318,0.462918,0.00637985,-1.18511,-1.94774,2.96909,-0.431075], "dq_d": [0,0,0,0,0,0,0], "ddq_d": [0,0,0,0,0,0,0], "joint_contact": [0,0,0,0,0,0,0], "cartesian_contact": [0,0,0,0,0,0], "joint_collision": [0,0,0,0,0,0,0], "cartesian_collision": [0,0,0,0,0,0], "tau_ext_hat_filtered": [-0.650385,-2.39821,-0.307396,-1.30684,0.175542,-0.840642,0.106733], "O_F_ext_hat_K": [0,0,0,0,0,0], "K_F_ext_hat_K": [0,0,0,0,0,0], "O_dP_EE_d": [0,0,0,0,0,0], "O_ddP_O": [0,0,-9.81], "O_T_EE_c": [0.0284452,-0.0101897,-0.999534,0,-0.99265,-0.117874,-0.0270476,0,-0.117546,0.992976,-0.013468,0,-0.270824,0.780054,0.595946,1], "O_dP_EE_c": [0,0,0,0,0,0], "O_ddP_EE_c": [0,0,0,0,0,0], "theta": [1.84345,0.460034,0.00656416,-1.18356,-1.94757,2.96898,-0.431097], "dtheta": [0,0,0,0,0,0,0], "current_errors": [], "last_motion_errors": ["joint_reflex"], "control_command_success_rate": 0, "robot_mode": "User stopped", "time": 21566681}