{"O_T_EE": [0.00877933,-0.0194399,-0.999763,0,-0.945379,-0.325939,-0.00196403,0,-0.325829,0.94519,-0.02124,0,-0.41008,0.722008,0.596138,1], "O_T_EE_d": [0.0086939,-0.0191766,-0.999769,0,-0.9455,-0.325586,-0.00197692,0,-0.325479,0.945317,-0.0209625,0,-0.409851,0.72207,0.596339,1], "F_T_NE": [0.7071,-0.7071,0,0,0.7071,0.7071,0,0,0,0,1,0,0,0,0.1034,1], "NE_T_EE": [1,0,0,0,0,1,0,0,0,0,1,0,0,0,0,1], "F_T_EE": [0.7071,-0.7071,0,0,0.7071,0.7071,0,0,0,0,1,0,0,0,0.1034,1], "EE_T_K": [1,0,0,0,0,1,0,0,0,0,1,0,0,0,0,1], "m_ee": 0.73, "F_x_Cee": [-0.01,0,0.03], "I_ee": [0.001,0,0,0,0.0025,0,0,0,0.0017], "m_load": 0, "F_x_Cload": [0,0,0], "I_load": [0,0,0,0,0,0,0,0,0], "m_total": 0.73, "F_x_Ctotal": [-0.01,0,0.03], "I_total": [0.001,0,0,0,0.0025,0,0,0,0.0017], "elbow": [-0.354488,-1], "elbow_d": [-0.354686,-1], "elbow_c": [-0.354686,-1], "delbow_c": [0,0], "ddelbow_c": [0,0], "tau_J": [-0.784355,-45.1302,-4.04234,20.4785,1.7674,-1.76729,0.112813], "tau_J_d": [0,0,0,0,0,0,0], "dtau_J": [-6.64475,-93.6348,-89.2136,-6.28718,-0.09161,31.7391,109.643], "q": [2.24518,0.519642,-0.354488,-1.11195,-1.82803,3.11324,-0.356102], "dq": [-0.000183531,0.00102543,0.000142086,0.00351631,-0.000341827,-0.000186007,-0.00221849], "q_d": [2.24508,0.519406,-0.354686,-1.11198,-1.82803,3.11313,-0.356101], "dq_d": [0,0,0,0,0,0,0], "ddq_d": [0,0,0,0,0,0,0], "joint_contact": [0,0,0,0,0,0,0], "cartesian_contact": [0,0,0,0,0,0], "joint_collision": [0,0,0,0,0,0,0], "cartesian_collision": [0,0,0,0,0,0], "tau_ext_hat_filtered": [-0.79139,-1.6636,-0.806172,-0.662359,-0.0140914,-1.1332,0.0622722], "O_F_ext_hat_K": [0,0,0,0,0,0], "K_F_ext_hat_K": [0,0,0,0,0,0], "O_dP_EE_d": [0,0,0,0,0,0], "O_ddP_O": [0,0,-9.81], "O_T_EE_c": [0.0086939,-0.0191766,-0.999769,0,-0.9455,-0.325586,-0.00197692,0,-0.325479,0.945317,-0.0209625,0,-0.409851,0.72207,0.596339,1], "O_dP_EE_c": [0,0,0,0,0,0], "O_ddP_EE_c": [0,0,0,0,0,0], "theta": [2.24512,0.516475,-0.354771,-1.11052,-1.82783,3.11304,-0.35609], "dtheta": [0,0,0,0,0,0,0], "current_errors": [], "last_motion_errors": ["joint_reflex"], "control_command_success_rate": 0, "robot_mode": "User stopped", "time": 21334910}