{"O_T_EE": [-0.0135945,-0.0341934,-0.999313,0,-0.99965,-0.0217735,0.0143441,0,-0.0222495,0.999178,-0.0338861,0,-0.171573,0.80633,0.596061,1], "O_T_EE_d": [-0.0135119,-0.0341423,-0.999316,0,-0.999657,-0.0215265,0.014252,0,-0.0219988,0.999185,-0.0338404,0,-0.171528,0.806339,0.596064,1], "F_T_NE": [0.7071,-0.7071,0,0,0.7071,0.7071,0,0,0,0,1,0,0,0,0.1034,1], "NE_T_EE": [1,0,0,0,0,1,0,0,0,0,1,0,0,0,0,1], "F_T_EE": [0.7071,-0.7071,0,0,0.7071,0.7071,0,0,0,0,1,0,0,0,0.1034,1], "EE_T_K": [1,0,0,0,0,1,0,0,0,0,1,0,0,0,0,1], "m_ee": 0.73, "F_x_Cee": [-0.01,0,0.03], "I_ee": [0.001,0,0,0,0.0025,0,0,0,0.0017], "m_load": 0, "F_x_Cload": [0,0,0], "I_load": [0,0,0,0,0,0,0,0,0], "m_total": 0.73, "F_x_Ctotal": [-0.01,0,0.03], "I_total": [0.001,0,0,0,0.0025,0,0,0,0.0017], "elbow": [0.307744,-1], "elbow_d": [0.307612,-1], "elbow_c": [0.307612,-1], "delbow_c": [0,0], "ddelbow_c": [0,0], "tau_J": [-0.371757,-42.1905,3.64626,21.0538,1.58429,-1.87715,-0.00986788], "tau_J_d": [0,0,0,0,0,0,0], "dtau_J": [-53.5067,-72.2896,169.392,-157.087,14.4691,-7.25411,9.29797], "q": [1.49962,0.47552,0.307744,-1.20129,-1.96598,2.9411,-0.503846], "dq": [0.000420237,0.000178767,-0.00149548,0.000397839,0.0092863,-0.00213308,0.000707083], "q_d": [1.49971,0.475446,0.307612,-1.20138,-1.96599,2.94086,-0.50384], "dq_d": [0,0,0,0,0,0,0], "ddq_d": [0,0,0,0,0,0,0], "joint_contact": [0,0,0,0,0,0,0], "cartesian_contact": [0,0,0,0,0,0], "joint_collision": [0,0,0,0,0,0,0], "cartesian_collision": [0,0,0,0,0,0], "tau_ext_hat_filtered": [-0.341672,-0.360349,-0.815305,-0.606867,-0.126669,-1.52014,-0.00229054], "O_F_ext_hat_K": [0,0,0,0,0,0], "K_F_ext_hat_K": [0,0,0,0,0,0], "O_dP_EE_d": [0,0,0,0,0,0], "O_ddP_O": [0,0,-9.81], "O_T_EE_c": [-0.0135119,-0.0341423,-0.999316,0,-0.999657,-0.0215265,0.014252,0,-0.0219988,0.999185,-0.0338404,0,-0.171528,0.806339,0.596064,1], "O_dP_EE_c": [0,0,0,0,0,0], "O_ddP_EE_c": [0,0,0,0,0,0], "theta": [1.49959,0.472559,0.308001,-1.19981,-1.96581,2.9409,-0.503846], "dtheta": [0,0,0,0,0.0375315,0,0], "current_errors": [], "last_motion_errors": [], "control_command_success_rate": 0, "robot_mode": "User stopped", "time": 26011683}