{"O_T_EE": [-0.00314874,-0.0316969,-0.999483,0,-0.986057,0.166338,-0.00216869,0,0.166324,0.985559,-0.0317793,0,-0.022682,0.819863,0.596468,1], "O_T_EE_d": [-0.00321602,-0.0316588,-0.999484,0,-0.986053,0.166362,-0.00209675,0,0.166346,0.985556,-0.0317529,0,-0.0227445,0.819861,0.596477,1], "F_T_NE": [0.7071,-0.7071,0,0,0.7071,0.7071,0,0,0,0,1,0,0,0,0.1034,1], "NE_T_EE": [1,0,0,0,0,1,0,0,0,0,1,0,0,0,0,1], "F_T_EE": [0.7071,-0.7071,0,0,0.7071,0.7071,0,0,0,0,1,0,0,0,0.1034,1], "EE_T_K": [1,0,0,0,0,1,0,0,0,0,1,0,0,0,0,1], "m_ee": 0.73, "F_x_Cee": [-0.01,0,0.03], "I_ee": [0.001,0,0,0,0.0025,0,0,0,0.0017], "m_load": 0, "F_x_Cload": [0,0,0], "I_load": [0,0,0,0,0,0,0,0,0], "m_total": 0.73, "F_x_Ctotal": [-0.01,0,0.03], "I_total": [0.001,0,0,0,0.0025,0,0,0,0.0017], "elbow": [0.204385,-1], "elbow_d": [0.204488,-1], "elbow_c": [0.204488,-1], "delbow_c": [0,0], "ddelbow_c": [0,0], "tau_J": [0.227303,-41.7739,2.97182,20.8633,1.74909,-1.66658,0.174153], "tau_J_d": [0,0,0,0,0,0,0], "dtau_J": [92.6851,-108.046,55.2873,-99.994,12.6165,7.68424,29.0526], "q": [1.3885,0.449479,0.204385,-1.21841,-1.96373,2.95574,-0.472591], "dq": [-0.000319006,0.00112853,-0.00114882,0.000531474,-6.71101e-05,-0.000189988,-0.0014709], "q_d": [1.38853,0.449453,0.204488,-1.21846,-1.96372,2.95558,-0.472561], "dq_d": [0,0,0,0,0,0,0], "ddq_d": [0,0,0,0,0,0,0], "joint_contact": [0,0,0,0,0,0,0], "cartesian_contact": [0,0,0,0,0,0], "joint_collision": [0,0,0,0,0,0,0], "cartesian_collision": [0,0,0,0,0,0], "tau_ext_hat_filtered": [0.194877,0.154464,-0.143394,-0.97273,0.0706239,-1.22687,0.142528], "O_F_ext_hat_K": [0,0,0,0,0,0], "K_F_ext_hat_K": [0,0,0,0,0,0], "O_dP_EE_d": [0,0,0,0,0,0], "O_ddP_O": [0,0,-9.81], "O_T_EE_c": [-0.00321602,-0.0316588,-0.999484,0,-0.986053,0.166362,-0.00209675,0,0.166346,0.985556,-0.0317529,0,-0.0227445,0.819861,0.596477,1], "O_dP_EE_c": [0,0,0,0,0,0], "O_ddP_EE_c": [0,0,0,0,0,0], "theta": [1.38851,0.446548,0.204595,-1.21694,-1.96353,2.95555,-0.472572], "dtheta": [0,0,0,0,0,0,0], "current_errors": [], "last_motion_errors": [], "control_command_success_rate": 0, "robot_mode": "User stopped", "time": 25946962}