{"O_T_EE": [-0.0047312,-0.0200799,-0.999778,0,-0.936773,0.3499,-0.00259447,0,0.349881,0.936571,-0.0204661,0,0.12567,0.806559,0.597107,1], "O_T_EE_d": [-0.00480808,-0.020065,-0.999777,0,-0.936739,0.349992,-0.00251923,0,0.349972,0.936536,-0.0204788,0,0.125673,0.80657,0.597075,1], "F_T_NE": [0.7071,-0.7071,0,0,0.7071,0.7071,0,0,0,0,1,0,0,0,0.1034,1], "NE_T_EE": [1,0,0,0,0,1,0,0,0,0,1,0,0,0,0,1], "F_T_EE": [0.7071,-0.7071,0,0,0.7071,0.7071,0,0,0,0,1,0,0,0,0.1034,1], "EE_T_K": [1,0,0,0,0,1,0,0,0,0,1,0,0,0,0,1], "m_ee": 0.73, "F_x_Cee": [-0.01,0,0.03], "I_ee": [0.001,0,0,0,0.0025,0,0,0,0.0017], "m_load": 0, "F_x_Cload": [0,0,0], "I_load": [0,0,0,0,0,0,0,0,0], "m_total": 0.73, "F_x_Ctotal": [-0.01,0,0.03], "I_total": [0.001,0,0,0,0.0025,0,0,0,0.0017], "elbow": [-0.156841,-1], "elbow_d": [-0.156769,-1], "elbow_c": [-0.156769,-1], "delbow_c": [0,0], "ddelbow_c": [0,0], "tau_J": [-0.669303,-41.397,-1.53105,20.2881,1.8498,-2.07765,0.184224], "tau_J_d": [0,0,0,0,0,0,0], "dtau_J": [-26.6724,-0.170515,8.28265,66.1052,-8.14983,40.6005,102.924], "q": [1.46548,0.435274,-0.156841,-1.21169,-1.95297,3.02498,-0.334912], "dq": [0.000169548,0.000150094,-0.000844385,1.30669e-05,-0.000360795,-0.000181906,-0.0025536], "q_d": [1.46547,0.43528,-0.156769,-1.21176,-1.95296,3.02482,-0.334867], "dq_d": [0,0,0,0,0,0,0], "ddq_d": [0,0,0,0,0,0,0], "joint_contact": [0,0,0,0,0,0,0], "cartesian_contact": [0,0,0,0,0,0], "joint_collision": [0,0,0,0,0,0,0], "cartesian_collision": [0,0,0,0,0,0], "tau_ext_hat_filtered": [-0.630431,0.729735,-0.591625,-1.41981,0.262693,-1.41205,0.137121], "O_F_ext_hat_K": [0,0,0,0,0,0], "K_F_ext_hat_K": [0,0,0,0,0,0], "O_dP_EE_d": [0,0,0,0,0,0], "O_ddP_O": [0,0,-9.81], "O_T_EE_c": [-0.00480808,-0.020065,-0.999777,0,-0.936739,0.349992,-0.00251923,0,0.349972,0.936536,-0.0204788,0,0.125673,0.80657,0.597075,1], "O_dP_EE_c": [0,0,0,0,0,0], "O_ddP_EE_c": [0,0,0,0,0,0], "theta": [1.46544,0.432368,-0.156949,-1.21027,-1.95277,3.02475,-0.334892], "dtheta": [0,0,0,0,0,0,0], "current_errors": [], "last_motion_errors": [], "control_command_success_rate": 0, "robot_mode": "User stopped", "time": 26127147}