{"O_T_EE": [0.00255534,0.0449482,-0.998976,0,-0.912493,0.408754,0.0160574,0,0.409065,0.911535,0.0420602,0,0.182121,0.793771,0.597245,1], "O_T_EE_d": [0.00250587,0.0448817,-0.99898,0,-0.912446,0.408857,0.0160801,0,0.409169,0.911492,0.0419775,0,0.182046,0.793826,0.597192,1], "F_T_NE": [0.7071,-0.7071,0,0,0.7071,0.7071,0,0,0,0,1,0,0,0,0.1034,1], "NE_T_EE": [1,0,0,0,0,1,0,0,0,0,1,0,0,0,0,1], "F_T_EE": [0.7071,-0.7071,0,0,0.7071,0.7071,0,0,0,0,1,0,0,0,0.1034,1], "EE_T_K": [1,0,0,0,0,1,0,0,0,0,1,0,0,0,0,1], "m_ee": 0.73, "F_x_Cee": [-0.01,0,0.03], "I_ee": [0.001,0,0,0,0.0025,0,0,0,0.0017], "m_load": 0, "F_x_Cload": [0,0,0], "I_load": [0,0,0,0,0,0,0,0,0], "m_total": 0.73, "F_x_Ctotal": [-0.01,0,0.03], "I_total": [0.001,0,0,0,0.0025,0,0,0,0.0017], "elbow": [1.64699,-1], "elbow_d": [1.64691,-1], "elbow_c": [1.64691,-1], "delbow_c": [0,0], "ddelbow_c": [0,0], "tau_J": [0.675606,-34.5376,24.7165,9.24713,0.907719,-1.26649,0.204366], "tau_J_d": [0,0,0,0,0,0,0], "dtau_J": [11.1933,-61.2084,-7.64893,-53.68,-34.6106,3.15543,6.03605], "q": [0.415683,1.09074,1.64699,-1.41526,-2.58388,2.405,-0.929553], "dq": [0.000536711,-0.000870211,-0.000292919,0.00052412,0.000298877,0.000143141,8.82658e-06], "q_d": [0.415923,1.09077,1.64691,-1.41522,-2.5839,2.40472,-0.929512], "dq_d": [0,0,0,0,0,0,0], "ddq_d": [0,0,0,0,0,0,0], "joint_contact": [0,0,0,0,0,0,0], "cartesian_contact": [0,0,0,0,0,0], "joint_collision": [0,0,0,0,0,0,0], "cartesian_collision": [0,0,0,0,0,0], "tau_ext_hat_filtered": [0.628482,0.373068,-0.701975,-0.0869946,0.188651,-1.44386,0.227619], "O_F_ext_hat_K": [-3.05972,1.40363,-1.04525,-1.67487,-1.22371,0.624785], "K_F_ext_hat_K": [1.09948,3.34899,-0.0161284,2.07606,0.142142,0.287334], "O_dP_EE_d": [0,0,0,0,0,0], "O_ddP_O": [0,0,-9.81], "O_T_EE_c": [0.00250587,0.0448817,-0.99898,0,-0.912446,0.408857,0.0160801,0,0.409169,0.911492,0.0419775,0,0.182046,0.793826,0.597192,1], "O_dP_EE_c": [0,0,0,0,0,0], "O_ddP_EE_c": [0,0,0,0,0,0], "theta": [0.415731,1.08832,1.64872,-1.41461,-2.58378,2.40486,-0.92953], "dtheta": [0,0,0,0,0,0,0], "current_errors": [], "last_motion_errors": [], "control_command_success_rate": 0, "robot_mode": "User stopped", "time": 20365181}