{"O_T_EE": [0.0158789,0.0177968,-0.999706,0,-0.860799,0.508906,-0.004613,0,0.508684,0.860635,0.0234008,0,0.277549,0.763078,0.597197,1], "O_T_EE_d": [0.0159532,0.0177024,-0.999706,0,-0.860809,0.508888,-0.00472551,0,0.508664,0.860648,0.0233572,0,0.277408,0.763098,0.597168,1], "F_T_NE": [0.7071,-0.7071,0,0,0.7071,0.7071,0,0,0,0,1,0,0,0,0.1034,1], "NE_T_EE": [1,0,0,0,0,1,0,0,0,0,1,0,0,0,0,1], "F_T_EE": [0.7071,-0.7071,0,0,0.7071,0.7071,0,0,0,0,1,0,0,0,0.1034,1], "EE_T_K": [1,0,0,0,0,1,0,0,0,0,1,0,0,0,0,1], "m_ee": 0.73, "F_x_Cee": [-0.01,0,0.03], "I_ee": [0.001,0,0,0,0.0025,0,0,0,0.0017], "m_load": 0, "F_x_Cload": [0,0,0], "I_load": [0,0,0,0,0,0,0,0,0], "m_total": 0.73, "F_x_Ctotal": [-0.01,0,0.03], "I_total": [0.001,0,0,0,0.0025,0,0,0,0.0017], "elbow": [1.73663,-1], "elbow_d": [1.73662,-1], "elbow_c": [1.73662,-1], "delbow_c": [0,0], "ddelbow_c": [0,0], "tau_J": [-0.0742106,-35.5175,26.2201,6.29546,0.715458,-0.985427,0.224507], "tau_J_d": [0,0,0,0,0,0,0], "dtau_J": [-71.8978,-80.3202,-52.058,-68.9349,51.9553,13.8127,149.351], "q": [0.293104,1.1903,1.73663,-1.43666,-2.60275,2.36463,-1.05692], "dq": [0.000902266,-7.30256e-05,-0.000870039,-0.00231975,-0.00988082,-0.000395405,-0.00240447], "q_d": [0.293159,1.19024,1.73662,-1.4369,-2.60277,2.36437,-1.05688], "dq_d": [0,0,0,0,0,0,0], "ddq_d": [0,0,0,0,0,0,0], "joint_contact": [0,0,0,0,0,0,0], "cartesian_contact": [0,0,0,0,0,0], "joint_collision": [0,0,0,0,0,0,0], "cartesian_collision": [0,0,0,0,0,0], "tau_ext_hat_filtered": [-0.0627515,0.00738271,-0.137923,-0.477913,0.0539848,-1.37433,0.151176], "O_F_ext_hat_K": [-4.00523,-4.14389,-1.64249,1.18534,-1.54254,-0.0857601], "K_F_ext_hat_K": [1.50469,1.34645,-5.64221,1.9978,0.240398,0.273719], "O_dP_EE_d": [0,0,0,0,0,0], "O_ddP_O": [0,0,-9.81], "O_T_EE_c": [0.0159532,0.0177024,-0.999706,0,-0.860809,0.508888,-0.00472551,0,0.508664,0.860648,0.0233572,0,0.277408,0.763098,0.597168,1], "O_dP_EE_c": [0,0,0,0,0,0], "O_ddP_EE_c": [0,0,0,0,0,0], "theta": [0.293099,1.18781,1.73847,-1.43622,-2.60267,2.36452,-1.05689], "dtheta": [0,0,0,0,0,0,0], "current_errors": [], "last_motion_errors": [], "control_command_success_rate": 0, "robot_mode": "User stopped", "time": 20291673}