{"O_T_EE": [-0.0255715,-0.0154111,-0.999545,0,-0.379345,0.925234,-0.0045605,0,0.9249,0.379063,-0.0295063,0,0.67524,0.4302,0.599521,1], "O_T_EE_d": [-0.0252188,-0.015333,-0.999555,0,-0.379454,0.925189,-0.00461862,0,0.924865,0.379176,-0.0291509,0,0.675073,0.430333,0.599765,1], "F_T_NE": [0.7071,-0.7071,0,0,0.7071,0.7071,0,0,0,0,1,0,0,0,0.1034,1], "NE_T_EE": [1,0,0,0,0,1,0,0,0,0,1,0,0,0,0,1], "F_T_EE": [0.7071,-0.7071,0,0,0.7071,0.7071,0,0,0,0,1,0,0,0,0.1034,1], "EE_T_K": [1,0,0,0,0,1,0,0,0,0,1,0,0,0,0,1], "m_ee": 0.73, "F_x_Cee": [-0.01,0,0.03], "I_ee": [0.001,0,0,0,0.0025,0,0,0,0.0017], "m_load": 0, "F_x_Cload": [0,0,0], "I_load": [0,0,0,0,0,0,0,0,0], "m_total": 0.73, "F_x_Ctotal": [-0.01,0,0.03], "I_total": [0.001,0,0,0,0.0025,0,0,0,0.0017], "elbow": [0.50358,-1], "elbow_d": [0.503643,-1], "elbow_c": [0.503643,-1], "delbow_c": [0,0], "ddelbow_c": [0,0], "tau_J": [0.338387,-38.4176,5.78066,20.8633,1.55683,-1.69679,0.0615432], "tau_J_d": [0,0,0,0,0,0,0], "dtau_J": [164.738,13.8816,-95.0465,96.7011,2.21374,-20.1145,-19.2811], "q": [0.12195,0.403324,0.50358,-1.32152,-2.08682,2.90659,-0.450384], "dq": [-0.00145287,0.000912106,0.000576893,-0.00185905,-0.000293261,0.000213924,0.00176649], "q_d": [0.122146,0.403015,0.503643,-1.32151,-2.08682,2.90645,-0.450381], "dq_d": [0,0,0,0,0,0,0], "ddq_d": [0,0,0,0,0,0,0], "joint_contact": [0,0,0,0,0,0,0], "cartesian_contact": [0,0,0,0,0,0], "joint_collision": [0,0,0,0,0,0,0], "cartesian_collision": [0,0,0,0,0,0], "tau_ext_hat_filtered": [0.247633,-0.702842,0.0803269,-0.747896,0.00259345,-1.21883,0.0855247], "O_F_ext_hat_K": [-6.81412,-0.619595,-2.67037,-0.411248,-3.06423,0.304408], "K_F_ext_hat_K": [2.85301,2.02385,-6.45846,2.21036,-0.852575,0.107274], "O_dP_EE_d": [0,0,0,0,0,0], "O_ddP_O": [0,0,-9.81], "O_T_EE_c": [-0.0252188,-0.015333,-0.999555,0,-0.379454,0.925189,-0.00461862,0,0.924865,0.379176,-0.0291509,0,0.675073,0.430333,0.599765,1], "O_dP_EE_c": [0,0,0,0,0,0], "O_ddP_EE_c": [0,0,0,0,0,0], "theta": [0.121974,0.400628,0.503986,-1.32005,-2.08665,2.9064,-0.450377], "dtheta": [0,0,0,0,0,0,0], "current_errors": [], "last_motion_errors": [], "control_command_success_rate": 0, "robot_mode": "User stopped", "time": 21015238}