{"O_T_EE": [-0.0261991,-0.0069307,-0.999623,0,-0.478962,0.877801,0.00646702,0,0.877442,0.47896,-0.0263176,0,0.617864,0.511939,0.600119,1], "O_T_EE_d": [-0.0260827,-0.00683234,-0.999627,0,-0.479018,0.87777,0.0064993,0,0.877415,0.479018,-0.026168,0,0.61774,0.512076,0.600196,1], "F_T_NE": [0.7071,-0.7071,0,0,0.7071,0.7071,0,0,0,0,1,0,0,0,0.1034,1], "NE_T_EE": [1,0,0,0,0,1,0,0,0,0,1,0,0,0,0,1], "F_T_EE": [0.7071,-0.7071,0,0,0.7071,0.7071,0,0,0,0,1,0,0,0,0.1034,1], "EE_T_K": [1,0,0,0,0,1,0,0,0,0,1,0,0,0,0,1], "m_ee": 0.73, "F_x_Cee": [-0.01,0,0.03], "I_ee": [0.001,0,0,0,0.0025,0,0,0,0.0017], "m_load": 0, "F_x_Cload": [0,0,0], "I_load": [0,0,0,0,0,0,0,0,0], "m_total": 0.73, "F_x_Ctotal": [-0.01,0,0.03], "I_total": [0.001,0,0,0,0.0025,0,0,0,0.0017], "elbow": [0.559375,-1], "elbow_d": [0.559506,-1], "elbow_c": [0.559506,-1], "delbow_c": [0,0], "ddelbow_c": [0,0], "tau_J": [0.151925,-37.4773,6.15755,20.903,1.6026,-1.98793,0.163167], "tau_J_d": [0,0,0,0,0,0,0], "dtau_J": [44.5692,114.723,-65.4174,-38.4888,17.4316,-21.3081,107.518], "q": [0.212144,0.414536,0.559375,-1.32407,-2.08503,2.8731,-0.464081], "dq": [-0.00031411,-0.00139553,0.000319501,-2.51542e-05,-0.000197156,0.00051718,-0.00242974], "q_d": [0.212328,0.414477,0.559506,-1.32407,-2.08503,2.87285,-0.464075], "dq_d": [0,0,0,0,0,0,0], "ddq_d": [0,0,0,0,0,0,0], "joint_contact": [0,0,0,0,0,0,0], "cartesian_contact": [0,0,0,0,0,0], "joint_collision": [0,0,0,0,0,0,0], "cartesian_collision": [0,0,0,0,0,0], "tau_ext_hat_filtered": [0.124261,-0.118168,-0.202211,-0.637821,0.086124,-1.53311,0.117775], "O_F_ext_hat_K": [-4.44388,0.459713,-2.37559,-1.08248,-1.80902,0.157755], "K_F_ext_hat_K": [2.48798,2.51667,-3.61654,2.39391,-0.747171,0.130421], "O_dP_EE_d": [0,0,0,0,0,0], "O_ddP_O": [0,0,-9.81], "O_T_EE_c": [-0.0260827,-0.00683234,-0.999627,0,-0.479018,0.87777,0.0064993,0,0.877415,0.479018,-0.026168,0,0.61774,0.512076,0.600196,1], "O_dP_EE_c": [0,0,0,0,0,0], "O_ddP_EE_c": [0,0,0,0,0,0], "theta": [0.212156,0.411906,0.559807,-1.3226,-2.08485,2.87288,-0.464063], "dtheta": [0,0,0,0,0,0,0], "current_errors": [], "last_motion_errors": [], "control_command_success_rate": 0, "robot_mode": "User stopped", "time": 20890456}