{"O_T_EE": [-0.0240935,-0.00855637,-0.999663,0,-0.529669,0.848175,0.00550614,0,0.847859,0.529634,-0.024968,0,0.584876,0.549898,0.599914,1], "O_T_EE_d": [-0.0238978,-0.0084222,-0.999669,0,-0.529823,0.848079,0.00552076,0,0.847768,0.52979,-0.02473,0,0.584681,0.550044,0.600073,1], "F_T_NE": [0.7071,-0.7071,0,0,0.7071,0.7071,0,0,0,0,1,0,0,0,0.1034,1], "NE_T_EE": [1,0,0,0,0,1,0,0,0,0,1,0,0,0,0,1], "F_T_EE": [0.7071,-0.7071,0,0,0.7071,0.7071,0,0,0,0,1,0,0,0,0.1034,1], "EE_T_K": [1,0,0,0,0,1,0,0,0,0,1,0,0,0,0,1], "m_ee": 0.73, "F_x_Cee": [-0.01,0,0.03], "I_ee": [0.001,0,0,0,0.0025,0,0,0,0.0017], "m_load": 0, "F_x_Cload": [0,0,0], "I_load": [0,0,0,0,0,0,0,0,0], "m_total": 0.73, "F_x_Ctotal": [-0.01,0,0.03], "I_total": [0.001,0,0,0,0.0025,0,0,0,0.0017], "elbow": [0.556556,-1], "elbow_d": [0.556727,-1], "elbow_c": [0.556727,-1], "delbow_c": [0,0], "ddelbow_c": [0,0], "tau_J": [0.338387,-38.1558,6.41939,21.0181,1.55683,-1.75722,0.071614], "tau_J_d": [0,0,0,0,0,0,0], "dtau_J": [44.0205,-56.8327,-125.273,-24.4487,30.1745,-23.24,-24.2413], "q": [0.278448,0.414501,0.556556,-1.32429,-2.08572,2.86774,-0.463094], "dq": [6.49707e-05,0.000718725,0.00079308,-0.00267888,-0.000415106,0.000219941,0.000414403], "q_d": [0.278628,0.414326,0.556727,-1.32429,-2.08572,2.86758,-0.463089], "dq_d": [0,0,0,0,0,0,0], "ddq_d": [0,0,0,0,0,0,0], "joint_contact": [0,0,0,0,0,0,0], "cartesian_contact": [0,0,0,0,0,0], "joint_collision": [0,0,0,0,0,0,0], "cartesian_collision": [0,0,0,0,0,0], "tau_ext_hat_filtered": [0.300263,-0.756394,0.109586,-0.502619,0.0462108,-1.30009,0.0995435], "O_F_ext_hat_K": [-5.77651,-1.06449,-2.14237,-0.0735995,-2.84331,0.344199], "K_F_ext_hat_K": [2.28998,2.14501,-5.40796,2.20315,-0.794147,0.116016], "O_dP_EE_d": [0,0,0,0,0,0], "O_ddP_O": [0,0,-9.81], "O_T_EE_c": [-0.0238978,-0.0084222,-0.999669,0,-0.529823,0.848079,0.00552076,0,0.847768,0.52979,-0.02473,0,0.584681,0.550044,0.600073,1], "O_dP_EE_c": [0,0,0,0,0,0], "O_ddP_EE_c": [0,0,0,0,0,0], "theta": [0.278472,0.411823,0.557008,-1.32281,-2.08555,2.86755,-0.463085], "dtheta": [0,0,0,0,0,0,0], "current_errors": [], "last_motion_errors": [], "control_command_success_rate": 0, "robot_mode": "User stopped", "time": 20921674}