{"O_T_EE": [-0.0298121,-0.00386958,-0.999538,0,-0.141483,0.989931,0.00038746,0,0.989492,0.141432,-0.03006,0,0.75858,0.248459,0.599839,1], "O_T_EE_d": [-0.0295596,-0.00386173,-0.999546,0,-0.14155,0.989921,0.000361529,0,0.989489,0.141499,-0.0298089,0,0.758472,0.248556,0.600025,1], "F_T_NE": [0.7071,-0.7071,0,0,0.7071,0.7071,0,0,0,0,1,0,0,0,0.1034,1], "NE_T_EE": [1,0,0,0,0,1,0,0,0,0,1,0,0,0,0,1], "F_T_EE": [0.7071,-0.7071,0,0,0.7071,0.7071,0,0,0,0,1,0,0,0,0.1034,1], "EE_T_K": [1,0,0,0,0,1,0,0,0,0,1,0,0,0,0,1], "m_ee": 0.73, "F_x_Cee": [-0.01,0,0.03], "I_ee": [0.001,0,0,0,0.0025,0,0,0,0.0017], "m_load": 0, "F_x_Cload": [0,0,0], "I_load": [0,0,0,0,0,0,0,0,0], "m_total": 0.73, "F_x_Ctotal": [-0.01,0,0.03], "I_total": [0.001,0,0,0,0.0025,0,0,0,0.0017], "elbow": [0.432639,-1], "elbow_d": [0.432726,-1], "elbow_c": [0.432726,-1], "delbow_c": [0,0], "ddelbow_c": [0,0], "tau_J": [0.413765,-38.608,5.07051,20.3278,1.56598,-1.55672,0.224507], "tau_J_d": [0,0,0,0,0,0,0], "dtau_J": [-60.1582,-22.5458,9.35902,143.027,-11.4999,-16.8408,117.482], "q": [-0.0802108,0.386271,0.432639,-1.32421,-2.08658,2.92912,-0.415178], "dq": [0.0014143,0.000359564,-0.000287281,-0.00384188,0.000210868,0.000439881,-0.00261409], "q_d": [-0.0801479,0.385968,0.432726,-1.3243,-2.08659,2.92903,-0.415145], "dq_d": [0,0,0,0,0,0,0], "ddq_d": [0,0,0,0,0,0,0], "joint_contact": [0,0,0,0,0,0,0], "cartesian_contact": [0,0,0,0,0,0], "joint_collision": [0,0,0,0,0,0,0], "cartesian_collision": [0,0,0,0,0,0], "tau_ext_hat_filtered": [0.423169,-0.622522,0.193011,-1.2941,0.027302,-1.02521,0.171714], "O_F_ext_hat_K": [-9.17146,0.601113,-3.75648,-1.03505,-3.61844,0.465497], "K_F_ext_hat_K": [4.02592,1.89124,-8.87714,2.26422,-0.994533,0.187626], "O_dP_EE_d": [0,0,0,0,0,0], "O_ddP_O": [0,0,-9.81], "O_T_EE_c": [-0.0295596,-0.00386173,-0.999546,0,-0.14155,0.989921,0.000361529,0,0.989489,0.141499,-0.0298089,0,0.758472,0.248556,0.600025,1], "O_dP_EE_c": [0,0,0,0,0,0], "O_ddP_EE_c": [0,0,0,0,0,0], "theta": [-0.0801825,0.383562,0.432995,-1.32279,-2.08641,2.92895,-0.415153], "dtheta": [0,0,0,0,0,0,0], "current_errors": [], "last_motion_errors": [], "control_command_success_rate": 0, "robot_mode": "User stopped", "time": 21114779}