{"O_T_EE": [0.0308377,0.00774484,-0.999485,0,0.170044,0.985342,0.0128817,0,0.984953,-0.170357,0.0290693,0,0.793337,-9.58367e-05,0.609514,1], "O_T_EE_d": [0.0309078,0.00772018,-0.999483,0,0.169978,0.985354,0.0128674,0,0.984963,-0.170291,0.0291435,0,0.793308,1.29013e-05,0.609574,1], "F_T_NE": [0.7071,-0.7071,0,0,0.7071,0.7071,0,0,0,0,1,0,0,0,0.1034,1], "NE_T_EE": [1,0,0,0,0,1,0,0,0,0,1,0,0,0,0,1], "F_T_EE": [0.7071,-0.7071,0,0,0.7071,0.7071,0,0,0,0,1,0,0,0,0.1034,1], "EE_T_K": [1,0,0,0,0,1,0,0,0,0,1,0,0,0,0,1], "m_ee": 0.73, "F_x_Cee": [-0.01,0,0.03], "I_ee": [0.001,0,0,0,0.0025,0,0,0,0.0017], "m_load": 0, "F_x_Cload": [0,0,0], "I_load": [0,0,0,0,0,0,0,0,0], "m_total": 0.73, "F_x_Ctotal": [-0.01,0,0.03], "I_total": [0.001,0,0,0,0.0025,0,0,0,0.0017], "elbow": [-1.64164,-1], "elbow_d": [-1.64151,-1], "elbow_c": [-1.64151,-1], "delbow_c": [0,0], "ddelbow_c": [0,0], "tau_J": [0.711312,31.1765,22.0941,13.8095,1.27393,-1.196,0.112813], "tau_J_d": [0,0,0,0,0,0,0], "dtau_J": [-2.32158,37.8046,83.2477,93.0439,10.1929,-2.45845,-70.3626], "q": [2.14055,-0.841668,-1.64164,-1.45612,-2.42668,2.53338,-0.772401], "dq": [0.000306985,-0.000778977,-0.000909031,-0.000751251,-0.000216725,0.000258879,0.00236473], "q_d": [2.1406,-0.841618,-1.64151,-1.45618,-2.42669,2.53326,-0.772414], "dq_d": [0,0,0,0,0,0,0], "ddq_d": [0,0,0,0,0,0,0], "joint_contact": [0,0,0,0,0,0,0], "cartesian_contact": [0,0,0,0,0,0], "joint_collision": [0,0,0,0,0,0,0], "cartesian_collision": [0,0,0,0,0,0], "tau_ext_hat_filtered": [0.73725,0.628832,0.546568,-0.987744,0.281942,-1.12192,0.159959], "O_F_ext_hat_K": [-5.23348,3.62522,-1.33436,-1.87903,-2.07076,0.75321], "K_F_ext_hat_K": [1.20038,2.66502,-5.8111,2.1319,0.0884316,0.253483], "O_dP_EE_d": [0,0,0,0,0,0], "O_ddP_O": [0,0,-9.81], "O_T_EE_c": [0.0309078,0.00772018,-0.999483,0,0.169978,0.985354,0.0128674,0,0.984963,-0.170291,0.0291435,0,0.793308,1.29013e-05,0.609574,1], "O_dP_EE_c": [0,0,0,0,0,0], "O_ddP_EE_c": [0,0,0,0,0,0], "theta": [2.1406,-0.839481,-1.64009,-1.45515,-2.42654,2.53324,-0.772388], "dtheta": [0,0,0,0,0,0,0], "current_errors": [], "last_motion_errors": [], "control_command_success_rate": 0, "robot_mode": "User stopped", "time": 21370700}