{"O_T_EE": [0.034024,-0.00216647,-0.999409,0,0.111534,0.99375,0.00164288,0,0.993178,-0.111526,0.0340536,0,0.791783,0.0502595,0.609713,1], "O_T_EE_d": [0.0341762,-0.00219413,-0.999404,0,0.11165,0.993737,0.00163637,0,0.99316,-0.111641,0.0342078,0,0.791757,0.0502873,0.609825,1], "F_T_NE": [0.7071,-0.7071,0,0,0.7071,0.7071,0,0,0,0,1,0,0,0,0.1034,1], "NE_T_EE": [1,0,0,0,0,1,0,0,0,0,1,0,0,0,0,1], "F_T_EE": [0.7071,-0.7071,0,0,0.7071,0.7071,0,0,0,0,1,0,0,0,0.1034,1], "EE_T_K": [1,0,0,0,0,1,0,0,0,0,1,0,0,0,0,1], "m_ee": 0.73, "F_x_Cee": [-0.01,0,0.03], "I_ee": [0.001,0,0,0,0.0025,0,0,0,0.0017], "m_load": 0, "F_x_Cload": [0,0,0], "I_load": [0,0,0,0,0,0,0,0,0], "m_total": 0.73, "F_x_Ctotal": [-0.01,0,0.03], "I_total": [0.001,0,0,0,0.0025,0,0,0,0.0017], "elbow": [-1.65443,-1], "elbow_d": [-1.65433,-1], "elbow_c": [-1.65433,-1], "delbow_c": [0,0], "ddelbow_c": [0,0], "tau_J": [0.338387,31.0258,21.5705,14.3848,1.17322,-1.38643,0.204366], "tau_J_d": [0,0,0,0,0,0,0], "dtau_J": [32.5092,89.4824,23.4567,128.338,20.8869,-14.3485,109.337], "q": [2.20658,-0.827523,-1.65443,-1.45538,-2.43017,2.53538,-0.764175], "dq": [0.000476838,-0.000284741,-0.000699111,0.0010335,-0.00124698,0.000203379,-0.00369965], "q_d": [2.2066,-0.827402,-1.65433,-1.45535,-2.43017,2.53521,-0.764156], "dq_d": [0,0,0,0,0,0,0], "ddq_d": [0,0,0,0,0,0,0], "joint_contact": [0,0,0,0,0,0,0], "cartesian_contact": [0,0,0,0,0,0], "joint_collision": [0,0,0,0,0,0,0], "cartesian_collision": [0,0,0,0,0,0], "tau_ext_hat_filtered": [0.489132,0.55424,0.303251,-0.782621,0.184635,-1.27489,0.154406], "O_F_ext_hat_K": [-4.97108,3.11994,-1.61247,-1.68117,-1.89321,0.505618], "K_F_ext_hat_K": [1.43564,2.5434,-5.34003,2.22384,-0.108129,0.240172], "O_dP_EE_d": [0,0,0,0,0,0], "O_ddP_O": [0,0,-9.81], "O_T_EE_c": [0.0341762,-0.00219413,-0.999404,0,0.11165,0.993737,0.00163637,0,0.99316,-0.111641,0.0342078,0,0.791757,0.0502873,0.609825,1], "O_dP_EE_c": [0,0,0,0,0,0], "O_ddP_EE_c": [0,0,0,0,0,0], "theta": [2.20661,-0.825346,-1.65292,-1.45437,-2.43004,2.53523,-0.764153], "dtheta": [0,0,0,0,0,0,0], "current_errors": [], "last_motion_errors": [], "control_command_success_rate": 0, "robot_mode": "User stopped", "time": 21392294}