{"O_T_EE": [0.0106988,-0.00287661,-0.999929,0,0.274909,0.96146,0.000175467,0,0.96141,-0.274896,0.0110775,0,0.787367,-0.0997622,0.608743,1], "O_T_EE_d": [0.0108274,-0.0030424,-0.999927,0,0.274931,0.961454,5.16711e-05,0,0.961402,-0.274917,0.0112467,0,0.787301,-0.0996856,0.608869,1], "F_T_NE": [0.7071,-0.7071,0,0,0.7071,0.7071,0,0,0,0,1,0,0,0,0.1034,1], "NE_T_EE": [1,0,0,0,0,1,0,0,0,0,1,0,0,0,0,1], "F_T_EE": [0.7071,-0.7071,0,0,0.7071,0.7071,0,0,0,0,1,0,0,0,0.1034,1], "EE_T_K": [1,0,0,0,0,1,0,0,0,0,1,0,0,0,0,1], "m_ee": 0.73, "F_x_Cee": [-0.01,0,0.03], "I_ee": [0.001,0,0,0,0.0025,0,0,0,0.0017], "m_load": 0, "F_x_Cload": [0,0,0], "I_load": [0,0,0,0,0,0,0,0,0], "m_total": 0.73, "F_x_Ctotal": [-0.01,0,0.03], "I_total": [0.001,0,0,0,0.0025,0,0,0,0.0017], "elbow": [-1.57111,-1], "elbow_d": [-1.57094,-1], "elbow_c": [-1.57094,-1], "delbow_c": [0,0], "ddelbow_c": [0,0], "tau_J": [0.711312,31.7438,23.4073,11.8179,1.18238,-0.995498,0.214436], "tau_J_d": [0,0,0,0,0,0,0], "dtau_J": [61.2859,37.3501,1.35734,153.203,-26.2043,-24.3862,16.2553], "q": [2.00744,-0.92484,-1.57111,-1.46062,-2.42646,2.5129,-0.882279], "dq": [2.5033e-05,-0.000900243,0.000209234,-0.000865168,0.000550462,0.000284922,-0.000777306], "q_d": [2.00731,-0.924603,-1.57094,-1.46079,-2.42647,2.51277,-0.882238], "dq_d": [0,0,0,0,0,0,0], "ddq_d": [0,0,0,0,0,0,0], "joint_contact": [0,0,0,0,0,0,0], "cartesian_contact": [0,0,0,0,0,0], "joint_collision": [0,0,0,0,0,0,0], "cartesian_collision": [0,0,0,0,0,0], "tau_ext_hat_filtered": [0.686836,0.450277,0.241027,-1.23846,0.198019,-1.12419,0.209279], "O_F_ext_hat_K": [-5.36991,4.2669,-2.06655,-2.07617,-1.71471,0.691441], "K_F_ext_hat_K": [1.99672,2.62591,-6.35854,2.13592,0.016036,0.299381], "O_dP_EE_d": [0,0,0,0,0,0], "O_ddP_O": [0,0,-9.81], "O_T_EE_c": [0.0108274,-0.0030424,-0.999927,0,0.274931,0.961454,5.16711e-05,0,0.961402,-0.274917,0.0112467,0,0.787301,-0.0996856,0.608869,1], "O_dP_EE_c": [0,0,0,0,0,0], "O_ddP_EE_c": [0,0,0,0,0,0], "theta": [2.00749,-0.922613,-1.56946,-1.45979,-2.42633,2.51279,-0.882255], "dtheta": [0,0,0,0,0,0,0], "current_errors": [], "last_motion_errors": [], "control_command_success_rate": 0, "robot_mode": "User stopped", "time": 21316307}