{"O_T_EE": [-0.0297686,0.0370368,-0.998861,0,0.461538,0.886903,0.0191306,0,0.886619,-0.460451,-0.0434966,0,0.759588,-0.2462,0.598556,1], "O_T_EE_d": [-0.0295697,0.0368014,-0.998875,0,0.461648,0.886849,0.0190079,0,0.886568,-0.460576,-0.0432139,0,0.759468,-0.246171,0.598788,1], "F_T_NE": [0.7071,-0.7071,0,0,0.7071,0.7071,0,0,0,0,1,0,0,0,0.1034,1], "NE_T_EE": [1,0,0,0,0,1,0,0,0,0,1,0,0,0,0,1], "F_T_EE": [0.7071,-0.7071,0,0,0.7071,0.7071,0,0,0,0,1,0,0,0,0.1034,1], "EE_T_K": [1,0,0,0,0,1,0,0,0,0,1,0,0,0,0,1], "m_ee": 0.73, "F_x_Cee": [-0.01,0,0.03], "I_ee": [0.001,0,0,0,0.0025,0,0,0,0.0017], "m_load": 0, "F_x_Cload": [0,0,0], "I_load": [0,0,0,0,0,0,0,0,0], "m_total": 0.73, "F_x_Ctotal": [-0.01,0,0.03], "I_total": [0.001,0,0,0,0.0025,0,0,0,0.0017], "elbow": [0.304761,-1], "elbow_d": [0.304715,-1], "elbow_c": [0.304715,-1], "delbow_c": [0,0], "ddelbow_c": [0,0], "tau_J": [0.263009,-39.9291,3.60659,19.8675,1.63923,-1.27657,0.071614], "tau_J_d": [0,0,0,0,0,0,0], "dtau_J": [-0.552851,45.956,-122.988,59.397,5.95241,26.246,-70.6729], "q": [-0.618883,0.379173,0.304761,-1.31117,-2.04134,2.9751,-0.396163], "dq": [-0.000288044,-0.000826873,0.00481311,-9.14461e-05,-0.0016343,-0.000601218,0.000670262], "q_d": [-0.618904,0.378663,0.304715,-1.31144,-2.04135,2.97499,-0.396146], "dq_d": [0,0,0,0,0,0,0], "ddq_d": [0,0,0,0,0,0,0], "joint_contact": [0,0,0,0,0,0,0], "cartesian_contact": [0,0,0,0,0,0], "joint_collision": [0,0,0,0,0,0,0], "cartesian_collision": [0,0,0,0,0,0], "tau_ext_hat_filtered": [0.139836,-0.802321,-0.0427278,-1.89694,-0.00258035,-0.807375,0.120165], "O_F_ext_hat_K": [0,0,0,0,0,0], "K_F_ext_hat_K": [0,0,0,0,0,0], "O_dP_EE_d": [0,0,0,0,0,0], "O_ddP_O": [0,0,-9.81], "O_T_EE_c": [-0.0295697,0.0368014,-0.998875,0,0.461648,0.886849,0.0190079,0,0.886568,-0.460576,-0.0432139,0,0.759468,-0.246171,0.598788,1], "O_dP_EE_c": [0,0,0,0,0,0], "O_ddP_EE_c": [0,0,0,0,0,0], "theta": [-0.618865,0.376372,0.305013,-1.30978,-2.04115,2.97495,-0.396155], "dtheta": [0,0,0,0,0,0,0], "current_errors": [], "last_motion_errors": [], "control_command_success_rate": 0, "robot_mode": "User stopped", "time": 22134578}