{"O_T_EE": [-0.0261083,0.0306851,-0.999178,0,0.749651,0.661818,0.000736456,0,0.661309,-0.749031,-0.0402828,0,0.619272,-0.509682,0.597097,1], "O_T_EE_d": [-0.0259891,0.0303749,-0.999191,0,0.749983,0.661442,0.000600324,0,0.660938,-0.749375,-0.0399717,0,0.618963,-0.509841,0.597361,1], "F_T_NE": [0.7071,-0.7071,0,0,0.7071,0.7071,0,0,0,0,1,0,0,0,0.1034,1], "NE_T_EE": [1,0,0,0,0,1,0,0,0,0,1,0,0,0,0,1], "F_T_EE": [0.7071,-0.7071,0,0,0.7071,0.7071,0,0,0,0,1,0,0,0,0.1034,1], "EE_T_K": [1,0,0,0,0,1,0,0,0,0,1,0,0,0,0,1], "m_ee": 0.73, "F_x_Cee": [-0.01,0,0.03], "I_ee": [0.001,0,0,0,0.0025,0,0,0,0.0017], "m_load": 0, "F_x_Cload": [0,0,0], "I_load": [0,0,0,0,0,0,0,0,0], "m_total": 0.73, "F_x_Ctotal": [-0.01,0,0.03], "I_total": [0.001,0,0,0,0.0025,0,0,0,0.0017], "elbow": [0.117218,-1], "elbow_d": [0.116979,-1], "elbow_c": [0.116979,-1], "delbow_c": [0,0], "ddelbow_c": [0,0], "tau_J": [-0.0345378,-42.1508,1.69435,20.4785,1.73078,-1.49629,0.0514724], "tau_J_d": [0,0,0,0,0,0,0], "dtau_J": [-74.9649,-46.7042,-132.646,118.745,-24.4141,35.7015,-74.5966], "q": [-0.852332,0.387202,0.117218,-1.27561,-2.0406,3.02333,-0.352208], "dq": [0.00105526,0.000934062,0.00093463,-0.00159522,0.00138967,4.22077e-05,0.000937772], "q_d": [-0.852557,0.386642,0.116979,-1.2759,-2.04063,3.02325,-0.352195], "dq_d": [0,0,0,0,0,0,0], "ddq_d": [0,0,0,0,0,0,0], "joint_contact": [0,0,0,0,0,0,0], "cartesian_contact": [0,0,0,0,0,0], "joint_collision": [0,0,0,0,0,0,0], "cartesian_collision": [0,0,0,0,0,0], "tau_ext_hat_filtered": [-0.0165563,-1.69318,-0.134296,-1.26184,0.112013,-0.900298,0.102499], "O_F_ext_hat_K": [0,0,0,0,0,0], "K_F_ext_hat_K": [0,0,0,0,0,0], "O_dP_EE_d": [0,0,0,0,0,0], "O_ddP_O": [0,0,-9.81], "O_T_EE_c": [-0.0259891,0.0303749,-0.999191,0,0.749983,0.661442,0.000600324,0,0.660938,-0.749375,-0.0399717,0,0.618963,-0.509841,0.597361,1], "O_dP_EE_c": [0,0,0,0,0,0], "O_ddP_EE_c": [0,0,0,0,0,0], "theta": [-0.852334,0.384243,0.117337,-1.27418,-2.04041,3.02316,-0.352202], "dtheta": [0,0,0,0,0,0,0], "current_errors": [], "last_motion_errors": [], "control_command_success_rate": 0, "robot_mode": "User stopped", "time": 22236479}