{"O_T_EE": [0.0386409,-0.0207793,-0.999027,0,0.929761,0.367046,0.0283274,0,0.366108,-0.929969,0.0335034,0,0.403357,-0.697929,0.595306,1], "O_T_EE_d": [0.0385845,-0.0208129,-0.999029,0,0.929893,0.366717,0.0282745,0,0.365779,-0.930098,0.033504,0,0.403222,-0.698002,0.59531,1], "F_T_NE": [0.7071,-0.7071,0,0,0.7071,0.7071,0,0,0,0,1,0,0,0,0.1034,1], "NE_T_EE": [1,0,0,0,0,1,0,0,0,0,1,0,0,0,0,1], "F_T_EE": [0.7071,-0.7071,0,0,0.7071,0.7071,0,0,0,0,1,0,0,0,0.1034,1], "EE_T_K": [1,0,0,0,0,1,0,0,0,0,1,0,0,0,0,1], "m_ee": 0.73, "F_x_Cee": [-0.01,0,0.03], "I_ee": [0.001,0,0,0,0.0025,0,0,0,0.0017], "m_load": 0, "F_x_Cload": [0,0,0], "I_load": [0,0,0,0,0,0,0,0,0], "m_total": 0.73, "F_x_Ctotal": [-0.01,0,0.03], "I_total": [0.001,0,0,0,0.0025,0,0,0,0.0017], "elbow": [1.61379,-1], "elbow_d": [1.6138,-1], "elbow_c": [1.6138,-1], "delbow_c": [0,0], "ddelbow_c": [0,0], "tau_J": [-0.109916,-34.0099,24.9823,10.3619,0.898563,-1.15572,0.143025], "tau_J_d": [0,0,0,0,0,0,0], "dtau_J": [-31.6072,34.5801,-98.7156,67.5326,5.62507,-25.4148,-35.5644], "q": [-2.01693,1.03868,1.61379,-1.43887,-2.53779,2.48234,-0.883119], "dq": [0.000226077,-3.90744e-05,0.00355575,0.00338057,2.36488e-05,-0.000134966,0.00181893], "q_d": [-2.01712,1.03864,1.6138,-1.43894,-2.53782,2.48211,-0.88311], "dq_d": [0,0,0,0,0,0,0], "ddq_d": [0,0,0,0,0,0,0], "joint_contact": [0,0,0,0,0,0,0], "cartesian_contact": [0,0,0,0,0,0], "joint_collision": [0,0,0,0,0,0,0], "cartesian_collision": [0,0,0,0,0,0], "tau_ext_hat_filtered": [-0.134621,-0.389232,0.134302,-0.326724,-0.0190195,-1.29137,0.181538], "O_F_ext_hat_K": [-0.488611,5.58448,-1.46019,-2.35858,-0.0800913,-0.136272], "K_F_ext_hat_K": [1.32387,1.55414,-5.4212,2.05163,-0.246361,0.263621], "O_dP_EE_d": [0,0,0,0,0,0], "O_ddP_O": [0,0,-9.81], "O_T_EE_c": [0.0385845,-0.0208129,-0.999029,0,0.929893,0.366717,0.0282745,0,0.365779,-0.930098,0.033504,0,0.403222,-0.698002,0.59531,1], "O_dP_EE_c": [0,0,0,0,0,0], "O_ddP_EE_c": [0,0,0,0,0,0], "theta": [-2.01694,1.03629,1.61554,-1.43814,-2.53769,2.48222,-0.883103], "dtheta": [0,0,0,0,0,0,0], "current_errors": [], "last_motion_errors": [], "control_command_success_rate": 0, "robot_mode": "User stopped", "time": 22683142}