{"O_T_EE": [0.0162224,0.0356212,-0.999224,0,0.981402,0.190565,0.0227264,0,0.19123,-0.981028,-0.0318679,0,0.274732,-0.761432,0.593908,1], "O_T_EE_d": [0.0162887,0.0354236,-0.99923,0,0.981501,0.19005,0.0227371,0,0.190713,-0.981135,-0.0316733,0,0.274377,-0.761464,0.594078,1], "F_T_NE": [0.7071,-0.7071,0,0,0.7071,0.7071,0,0,0,0,1,0,0,0,0.1034,1], "NE_T_EE": [1,0,0,0,0,1,0,0,0,0,1,0,0,0,0,1], "F_T_EE": [0.7071,-0.7071,0,0,0.7071,0.7071,0,0,0,0,1,0,0,0,0.1034,1], "EE_T_K": [1,0,0,0,0,1,0,0,0,0,1,0,0,0,0,1], "m_ee": 0.73, "F_x_Cee": [-0.01,0,0.03], "I_ee": [0.001,0,0,0,0.0025,0,0,0,0.0017], "m_load": 0, "F_x_Cload": [0,0,0], "I_load": [0,0,0,0,0,0,0,0,0], "m_total": 0.73, "F_x_Ctotal": [-0.01,0,0.03], "I_total": [0.001,0,0,0,0.0025,0,0,0,0.0017], "elbow": [-0.136027,-1], "elbow_d": [-0.136232,-1], "elbow_c": [-0.136232,-1], "delbow_c": [0,0], "ddelbow_c": [0,0], "tau_J": [-0.296379,-42.8689,-1.07878,19.9033,1.70331,-1.55672,0.143025], "tau_J_d": [0,0,0,0,0,0,0], "dtau_J": [29.05,-180.446,-78.9697,-62.0928,44.3717,19.1181,29.4907], "q": [-1.20175,0.42464,-0.136027,-1.211,-2.0542,3.08447,-0.220967], "dq": [-0.000424904,0.00020401,0.00115948,0.000998508,-0.000871239,0.000122788,-0.0015378], "q_d": [-1.20197,0.424257,-0.136232,-1.21126,-2.05419,3.08436,-0.220934], "dq_d": [0,0,0,0,0,0,0], "ddq_d": [0,0,0,0,0,0,0], "joint_contact": [0,0,0,0,0,0,0], "cartesian_contact": [0,0,0,0,0,0], "joint_collision": [0,0,0,0,0,0,0], "cartesian_collision": [0,0,0,0,0,0], "tau_ext_hat_filtered": [-0.313948,-1.10781,-0.327093,-1.66067,0.149321,-0.774868,0.123206], "O_F_ext_hat_K": [0,0,0,0,0,0], "K_F_ext_hat_K": [0,0,0,0,0,0], "O_dP_EE_d": [0,0,0,0,0,0], "O_ddP_O": [0,0,-9.81], "O_T_EE_c": [0.0162887,0.0354236,-0.99923,0,0.981501,0.19005,0.0227371,0,0.190713,-0.981135,-0.0316733,0,0.274377,-0.761464,0.594078,1], "O_dP_EE_c": [0,0,0,0,0,0], "O_ddP_EE_c": [0,0,0,0,0,0], "theta": [-1.20177,0.421631,-0.136102,-1.2096,-2.05401,3.0843,-0.220951], "dtheta": [0,0,0,0,0,0,0], "current_errors": [], "last_motion_errors": [], "control_command_success_rate": 0, "robot_mode": "User stopped", "time": 1905538}