{"O_T_EE": [0.0243066,-0.0263232,-0.999348,0,0.948184,0.31735,0.014703,0,0.316762,-0.947942,0.0326736,0,0.359685,-0.72253,0.594403,1], "O_T_EE_d": [0.0243487,-0.026405,-0.999345,0,0.948335,0.316897,0.0147328,0,0.316306,-0.948091,0.0327574,0,0.359455,-0.722643,0.594485,1], "F_T_NE": [0.7071,-0.7071,0,0,0.7071,0.7071,0,0,0,0,1,0,0,0,0.1034,1], "NE_T_EE": [1,0,0,0,0,1,0,0,0,0,1,0,0,0,0,1], "F_T_EE": [0.7071,-0.7071,0,0,0.7071,0.7071,0,0,0,0,1,0,0,0,0.1034,1], "EE_T_K": [1,0,0,0,0,1,0,0,0,0,1,0,0,0,0,1], "m_ee": 0.73, "F_x_Cee": [-0.01,0,0.03], "I_ee": [0.001,0,0,0,0.0025,0,0,0,0.0017], "m_load": 0, "F_x_Cload": [0,0,0], "I_load": [0,0,0,0,0,0,0,0,0], "m_total": 0.73, "F_x_Ctotal": [-0.01,0,0.03], "I_total": [0.001,0,0,0,0.0025,0,0,0,0.0017], "elbow": [1.67317,-1], "elbow_d": [1.67324,-1], "elbow_c": [1.67324,-1], "delbow_c": [0,0], "ddelbow_c": [0,0], "tau_J": [-0.597892,-34.6883,25.9543,8.63616,1.03589,-1.10628,0.102742], "tau_J_d": [0,0,0,0,0,0,0], "dtau_J": [125.492,-49.2938,76.3345,-61.5788,22.541,-27.7773,-72.9354], "q": [-2.07313,1.11671,1.67317,-1.44309,-2.56824,2.45993,-0.964976], "dq": [-0.00154114,-0.00045889,-0.000490809,0.000692771,-0.00073757,0.0004638,0.00134508], "q_d": [-2.07338,1.11665,1.67324,-1.44301,-2.56826,2.45974,-0.964962], "dq_d": [0,0,0,0,0,0,0], "ddq_d": [0,0,0,0,0,0,0], "joint_contact": [0,0,0,0,0,0,0], "cartesian_contact": [0,0,0,0,0,0], "joint_collision": [0,0,0,0,0,0,0], "cartesian_collision": [0,0,0,0,0,0], "tau_ext_hat_filtered": [-0.658528,-0.2747,0.105226,-0.14177,0.148896,-1.34423,0.14167], "O_F_ext_hat_K": [-1.27105,6.06806,-0.972469,-2.51214,-0.568294,-0.666], "K_F_ext_hat_K": [0.781225,0.706221,-6.18656,1.94279,0.291744,0.215229], "O_dP_EE_d": [0,0,0,0,0,0], "O_ddP_O": [0,0,-9.81], "O_T_EE_c": [0.0243487,-0.026405,-0.999345,0,0.948335,0.316897,0.0147328,0,0.316306,-0.948091,0.0327574,0,0.359455,-0.722643,0.594485,1], "O_dP_EE_c": [0,0,0,0,0,0], "O_ddP_EE_c": [0,0,0,0,0,0], "theta": [-2.07318,1.11428,1.675,-1.44249,-2.56813,2.45981,-0.964965], "dtheta": [0,0,0,0,0,0,0], "current_errors": [], "last_motion_errors": [], "control_command_success_rate": 0, "robot_mode": "User stopped", "time": 22638916}