{"O_T_EE": [0.000831622,0.0285367,-0.999583,0,0.997906,0.0644745,0.00267088,0,0.064525,-0.997511,-0.0284238,0,0.176026,-0.792937,0.594895,1], "O_T_EE_d": [0.00079889,0.0283986,-0.999587,0,0.997931,0.0640897,0.00261838,0,0.0641388,-0.99754,-0.0282892,0,0.17589,-0.79296,0.594963,1], "F_T_NE": [0.7071,-0.7071,0,0,0.7071,0.7071,0,0,0,0,1,0,0,0,0.1034,1], "NE_T_EE": [1,0,0,0,0,1,0,0,0,0,1,0,0,0,0,1], "F_T_EE": [0.7071,-0.7071,0,0,0.7071,0.7071,0,0,0,0,1,0,0,0,0.1034,1], "EE_T_K": [1,0,0,0,0,1,0,0,0,0,1,0,0,0,0,1], "m_ee": 0.73, "F_x_Cee": [-0.01,0,0.03], "I_ee": [0.001,0,0,0,0.0025,0,0,0,0.0017], "m_load": 0, "F_x_Cload": [0,0,0], "I_load": [0,0,0,0,0,0,0,0,0], "m_total": 0.73, "F_x_Ctotal": [-0.01,0,0.03], "I_total": [0.001,0,0,0,0.0025,0,0,0,0.0017], "elbow": [0.819458,-1], "elbow_d": [0.819431,-1], "elbow_c": [0.819431,-1], "delbow_c": [0,0], "ddelbow_c": [0,0], "tau_J": [0.263009,-36.9497,10.3946,19.9429,1.58429,-1.70686,0.194295], "tau_J_d": [0,0,0,0,0,0,0], "dtau_J": [-50.3094,-100.425,7.11913,-230.011,-12.9988,-5.66548,86.1742], "q": [-1.99681,0.525767,0.819458,-1.29085,-2.1471,2.84354,-0.566084], "dq": [0.000296766,0.00131418,0.00345594,0.000810449,0.000454829,2.8842e-05,-0.00149328], "q_d": [-1.99692,0.525654,0.819431,-1.29087,-2.1471,2.84327,-0.566061], "dq_d": [0,0,0,0,0,0,0], "ddq_d": [0,0,0,0,0,0,0], "joint_contact": [0,0,0,0,0,0,0], "cartesian_contact": [0,0,0,0,0,0], "joint_collision": [0,0,0,0,0,0,0], "cartesian_collision": [0,0,0,0,0,0], "tau_ext_hat_filtered": [0.243272,-0.350461,-0.0891822,-0.597876,0.0189983,-1.43068,0.159337], "O_F_ext_hat_K": [2.25843,4.57011,-2.55384,-1.53266,1.62187,0.281622], "K_F_ext_hat_K": [2.68512,2.54158,-4.34042,2.30711,-0.854485,0.1824], "O_dP_EE_d": [0,0,0,0,0,0], "O_ddP_O": [0,0,-9.81], "O_T_EE_c": [0.00079889,0.0283986,-0.999587,0,0.997931,0.0640897,0.00261838,0,0.0641388,-0.99754,-0.0282892,0,0.17589,-0.79296,0.594963,1], "O_dP_EE_c": [0,0,0,0,0,0], "O_ddP_EE_c": [0,0,0,0,0,0], "theta": [-1.99679,0.523174,0.820188,-1.28945,-2.14693,2.84335,-0.566063], "dtheta": [0,0,0,0,0,0,0], "current_errors": [], "last_motion_errors": [], "control_command_success_rate": 0, "robot_mode": "User stopped", "time": 23110923}