{"O_T_EE": [0.0157381,0.0208482,-0.999649,0,0.992867,-0.118414,0.0131617,0,-0.1181,-0.992745,-0.0225635,0,0.0271371,-0.814943,0.594623,1], "O_T_EE_d": [0.0156227,0.0208391,-0.999651,0,0.992815,-0.118866,0.013038,0,-0.118555,-0.992691,-0.0225468,0,0.0269771,-0.814971,0.594582,1], "F_T_NE": [0.7071,-0.7071,0,0,0.7071,0.7071,0,0,0,0,1,0,0,0,0.1034,1], "NE_T_EE": [1,0,0,0,0,1,0,0,0,0,1,0,0,0,0,1], "F_T_EE": [0.7071,-0.7071,0,0,0.7071,0.7071,0,0,0,0,1,0,0,0,0.1034,1], "EE_T_K": [1,0,0,0,0,1,0,0,0,0,1,0,0,0,0,1], "m_ee": 0.73, "F_x_Cee": [-0.01,0,0.03], "I_ee": [0.001,0,0,0,0.0025,0,0,0,0.0017], "m_load": 0, "F_x_Cload": [0,0,0], "I_load": [0,0,0,0,0,0,0,0,0], "m_total": 0.73, "F_x_Ctotal": [-0.01,0,0.03], "I_total": [0.001,0,0,0,0.0025,0,0,0,0.0017], "elbow": [0.774055,-1], "elbow_d": [0.773868,-1], "elbow_c": [0.773868,-1], "delbow_c": [0,0], "ddelbow_c": [0,0], "tau_J": [0.413765,-37.9296,10.0931,20.1334,1.53852,-1.727,0.214436], "tau_J_d": [0,0,0,0,0,0,0], "dtau_J": [39.2288,88.0182,-11.6092,216.015,0.899865,22.8117,124.99], "q": [-2.1464,0.526829,0.774055,-1.26985,-2.15185,2.85735,-0.536438], "dq": [0.00053846,-0.00132844,-0.000959453,-0.00261099,0.000142498,-0.000601682,-0.00267052], "q_d": [-2.1464,0.526786,0.773868,-1.26993,-2.15187,2.85702,-0.536409], "dq_d": [0,0,0,0,0,0,0], "ddq_d": [0,0,0,0,0,0,0], "joint_contact": [0,0,0,0,0,0,0], "cartesian_contact": [0,0,0,0,0,0], "joint_collision": [0,0,0,0,0,0,0], "cartesian_collision": [0,0,0,0,0,0], "tau_ext_hat_filtered": [0.314231,-0.70136,0.052658,-0.407346,-0.0232185,-1.41986,0.161412], "O_F_ext_hat_K": [3.11375,4.90427,-2.53667,-1.91345,1.91882,0.344872], "K_F_ext_hat_K": [2.68708,2.47746,-5.17919,2.30817,-1.08742,0.179708], "O_dP_EE_d": [0,0,0,0,0,0], "O_ddP_O": [0,0,-9.81], "O_T_EE_c": [0.0156227,0.0208391,-0.999651,0,0.992815,-0.118866,0.013038,0,-0.118555,-0.992691,-0.0225468,0,0.0269771,-0.814971,0.594582,1], "O_dP_EE_c": [0,0,0,0,0,0], "O_ddP_EE_c": [0,0,0,0,0,0], "theta": [-2.14637,0.524168,0.774763,-1.26844,-2.15168,2.85716,-0.536414], "dtheta": [0,0,0,0,0,0,0], "current_errors": [], "last_motion_errors": [], "control_command_success_rate": 0, "robot_mode": "User stopped", "time": 23167807}