{"O_T_EE": [-0.00887236,0.0291609,-0.999526,0,0.998712,-0.0494901,-0.010309,0,-0.0497682,-0.998349,-0.0286848,0,0.0776745,-0.810773,0.594837,1], "O_T_EE_d": [-0.00899733,0.029062,-0.999527,0,0.99869,-0.0498961,-0.0104406,0,-0.0501769,-0.998331,-0.0285755,0,0.077532,-0.810792,0.594879,1], "F_T_NE": [0.7071,-0.7071,0,0,0.7071,0.7071,0,0,0,0,1,0,0,0,0.1034,1], "NE_T_EE": [1,0,0,0,0,1,0,0,0,0,1,0,0,0,0,1], "F_T_EE": [0.7071,-0.7071,0,0,0.7071,0.7071,0,0,0,0,1,0,0,0,0.1034,1], "EE_T_K": [1,0,0,0,0,1,0,0,0,0,1,0,0,0,0,1], "m_ee": 0.73, "F_x_Cee": [-0.01,0,0.03], "I_ee": [0.001,0,0,0,0.0025,0,0,0,0.0017], "m_load": 0, "F_x_Cload": [0,0,0], "I_load": [0,0,0,0,0,0,0,0,0], "m_total": 0.73, "F_x_Ctotal": [-0.01,0,0.03], "I_total": [0.001,0,0,0,0.0025,0,0,0,0.0017], "elbow": [0.827074,-1], "elbow_d": [0.826917,-1], "elbow_c": [0.826917,-1], "delbow_c": [0,0], "ddelbow_c": [0,0], "tau_J": [0.298714,-37.2115,10.8429,20.0977,1.64838,-1.71693,0.0926712], "tau_J_d": [0,0,0,0,0,0,0], "dtau_J": [9.26366,140.017,128.584,125.879,40.6198,21.0993,60.4294], "q": [-2.12049,0.540738,0.827074,-1.27665,-2.14689,2.85134,-0.593316], "dq": [-0.000408465,-0.00125535,-0.00481814,-0.000485758,-0.00130096,-0.000316388,-0.00220516], "q_d": [-2.12051,0.540632,0.826917,-1.27665,-2.14689,2.85108,-0.593324], "dq_d": [0,0,0,0,0,0,0], "ddq_d": [0,0,0,0,0,0,0], "joint_contact": [0,0,0,0,0,0,0], "cartesian_contact": [0,0,0,0,0,0], "joint_collision": [0,0,0,0,0,0,0], "cartesian_collision": [0,0,0,0,0,0], "tau_ext_hat_filtered": [0.29241,-0.491932,0.0543454,-0.415131,0.0247628,-1.46391,0.0687571], "O_F_ext_hat_K": [2.9932,3.52836,-1.78597,-1.2409,1.90115,0.365474], "K_F_ext_hat_K": [1.86149,2.83319,-3.62027,2.33904,-0.564437,0.114374], "O_dP_EE_d": [0,0,0,0,0,0], "O_ddP_O": [0,0,-9.81], "O_T_EE_c": [-0.00899733,0.029062,-0.999527,0,0.99869,-0.0498961,-0.0104406,0,-0.0501769,-0.998331,-0.0285755,0,0.077532,-0.810792,0.594879,1], "O_dP_EE_c": [0,0,0,0,0,0], "O_ddP_EE_c": [0,0,0,0,0,0], "theta": [-2.12047,0.538127,0.827835,-1.27524,-2.14671,2.85115,-0.593305], "dtheta": [0,0,0,0,0,0,0], "current_errors": [], "last_motion_errors": [], "control_command_success_rate": 0, "robot_mode": "User stopped", "time": 23056301}