{"O_T_EE": [0.00771066,0.0167076,-0.999821,0,0.972766,-0.23172,0.00362983,0,-0.231622,-0.972639,-0.0180397,0,-0.0724971,-0.814126,0.594399,1], "O_T_EE_d": [0.00764184,0.01673,-0.999821,0,0.972696,-0.232016,0.0035522,0,-0.23192,-0.972568,-0.0180465,0,-0.0726073,-0.814118,0.59437,1], "F_T_NE": [0.7071,-0.7071,0,0,0.7071,0.7071,0,0,0,0,1,0,0,0,0.1034,1], "NE_T_EE": [1,0,0,0,0,1,0,0,0,0,1,0,0,0,0,1], "F_T_EE": [0.7071,-0.7071,0,0,0.7071,0.7071,0,0,0,0,1,0,0,0,0.1034,1], "EE_T_K": [1,0,0,0,0,1,0,0,0,0,1,0,0,0,0,1], "m_ee": 0.73, "F_x_Cee": [-0.01,0,0.03], "I_ee": [0.001,0,0,0,0.0025,0,0,0,0.0017], "m_load": 0, "F_x_Cload": [0,0,0], "I_load": [0,0,0,0,0,0,0,0,0], "m_total": 0.73, "F_x_Ctotal": [-0.01,0,0.03], "I_total": [0.001,0,0,0,0.0025,0,0,0,0.0017], "elbow": [0.689574,-1], "elbow_d": [0.689497,-1], "elbow_c": [0.689497,-1], "delbow_c": [0,0], "ddelbow_c": [0,0], "tau_J": [0.485177,-39.2468,9.08144,20.2881,1.58429,-1.65651,0.0313308], "tau_J_d": [0,0,0,0,0,0,0], "dtau_J": [18.1691,-61.6502,-74.1345,95.9603,-10.4796,-17.165,-81.5136], "q": [-2.21124,0.516005,0.689574,-1.24765,-2.15169,2.88926,-0.508777], "dq": [-0.000576223,0.000510261,0.000525548,0.000117143,-0.00909562,0.000144479,0.0021649], "q_d": [-2.2113,0.515929,0.689497,-1.24779,-2.15169,2.88904,-0.508754], "dq_d": [0,0,0,0,0,0,0], "ddq_d": [0,0,0,0,0,0,0], "joint_contact": [0,0,0,0,0,0,0], "cartesian_contact": [0,0,0,0,0,0], "joint_collision": [0,0,0,0,0,0,0], "cartesian_collision": [0,0,0,0,0,0], "tau_ext_hat_filtered": [0.477616,-0.786983,0.190611,-0.56137,0.00104892,-1.23891,0.0804251], "O_F_ext_hat_K": [3.88568,5.18911,-2.28374,-1.99866,2.26826,0.510619], "K_F_ext_hat_K": [2.40004,2.5692,-5.90594,2.27235,-0.789574,0.0994492], "O_dP_EE_d": [0,0,0,0,0,0], "O_ddP_O": [0,0,-9.81], "O_T_EE_c": [0.00764184,0.01673,-0.999821,0,0.972696,-0.232016,0.0035522,0,-0.23192,-0.972568,-0.0180465,0,-0.0726073,-0.814118,0.59437,1], "O_dP_EE_c": [0,0,0,0,0,0], "O_ddP_EE_c": [0,0,0,0,0,0], "theta": [-2.2112,0.513251,0.690212,-1.24623,-2.15151,2.88908,-0.508774], "dtheta": [0,0,0,0,-0.0386065,0,0], "current_errors": [], "last_motion_errors": [], "control_command_success_rate": 0, "robot_mode": "User stopped", "time": 23221691}