{"O_T_EE": [0.00135932,0.0227719,-0.99973,0,0.986452,-0.163976,-0.00239379,0,-0.16399,-0.986201,-0.0226867,0,-0.0223175,-0.815721,0.594308,1], "O_T_EE_d": [0.00132674,0.0228074,-0.999729,0,0.986398,-0.164297,-0.00243915,0,-0.164311,-0.986147,-0.0227156,0,-0.0224479,-0.81573,0.594262,1], "F_T_NE": [0.7071,-0.7071,0,0,0.7071,0.7071,0,0,0,0,1,0,0,0,0.1034,1], "NE_T_EE": [1,0,0,0,0,1,0,0,0,0,1,0,0,0,0,1], "F_T_EE": [0.7071,-0.7071,0,0,0.7071,0.7071,0,0,0,0,1,0,0,0,0.1034,1], "EE_T_K": [1,0,0,0,0,1,0,0,0,0,1,0,0,0,0,1], "m_ee": 0.73, "F_x_Cee": [-0.01,0,0.03], "I_ee": [0.001,0,0,0,0.0025,0,0,0,0.0017], "m_load": 0, "F_x_Cload": [0,0,0], "I_load": [0,0,0,0,0,0,0,0,0], "m_total": 0.73, "F_x_Ctotal": [-0.01,0,0.03], "I_total": [0.001,0,0,0,0.0025,0,0,0,0.0017], "elbow": [0.73213,-1], "elbow_d": [0.732002,-1], "elbow_c": [0.732002,-1], "delbow_c": [0,0], "ddelbow_c": [0,0], "tau_J": [0.298714,-38.3422,9.41866,19.9826,1.58429,-1.56679,0.214436], "tau_J_d": [0,0,0,0,0,0,0], "dtau_J": [-62.2519,-83.3978,-64.766,190.394,53.8547,31.5976,147.503], "q": [-2.18134,0.523468,0.73213,-1.255,-2.15179,2.8886,-0.535537], "dq": [0.000395339,6.13011e-05,0.00114239,-0.00249875,-0.000721145,-0.000375084,-0.00262764], "q_d": [-2.18138,0.523425,0.732002,-1.2551,-2.15179,2.88839,-0.535484], "dq_d": [0,0,0,0,0,0,0], "ddq_d": [0,0,0,0,0,0,0], "joint_contact": [0,0,0,0,0,0,0], "cartesian_contact": [0,0,0,0,0,0], "joint_collision": [0,0,0,0,0,0,0], "cartesian_collision": [0,0,0,0,0,0], "tau_ext_hat_filtered": [0.332096,-0.419242,-0.0125003,-0.839218,-0.0461949,-1.21321,0.167496], "O_F_ext_hat_K": [3.30598,5.93868,-3.32072,-1.91555,1.9386,0.356527], "K_F_ext_hat_K": [3.45962,2.29538,-6.32354,2.20673,-1.08277,0.182364], "O_dP_EE_d": [0,0,0,0,0,0], "O_ddP_O": [0,0,-9.81], "O_T_EE_c": [0.00132674,0.0228074,-0.999729,0,0.986398,-0.164297,-0.00243915,0,-0.164311,-0.986147,-0.0227156,0,-0.0224479,-0.81573,0.594262,1], "O_dP_EE_c": [0,0,0,0,0,0], "O_ddP_EE_c": [0,0,0,0,0,0], "theta": [-2.18132,0.520777,0.732792,-1.2536,-2.15161,2.88843,-0.535513], "dtheta": [0,0,0,0,0,0,0], "current_errors": [], "last_motion_errors": [], "control_command_success_rate": 0, "robot_mode": "User stopped", "time": 23192989}