{"O_T_EE": [-0.00291217,0.017801,-0.999828,0,0.957244,-0.289139,-0.00793599,0,-0.289236,-0.957121,-0.0161982,0,-0.122027,-0.809082,0.594051,1], "O_T_EE_d": [-0.0030216,0.0177407,-0.999828,0,0.957155,-0.289433,-0.00802825,0,-0.289531,-0.957033,-0.0161063,0,-0.122125,-0.809058,0.59409,1], "F_T_NE": [0.7071,-0.7071,0,0,0.7071,0.7071,0,0,0,0,1,0,0,0,0.1034,1], "NE_T_EE": [1,0,0,0,0,1,0,0,0,0,1,0,0,0,0,1], "F_T_EE": [0.7071,-0.7071,0,0,0.7071,0.7071,0,0,0,0,1,0,0,0,0.1034,1], "EE_T_K": [1,0,0,0,0,1,0,0,0,0,1,0,0,0,0,1], "m_ee": 0.73, "F_x_Cee": [-0.01,0,0.03], "I_ee": [0.001,0,0,0,0.0025,0,0,0,0.0017], "m_load": 0, "F_x_Cload": [0,0,0], "I_load": [0,0,0,0,0,0,0,0,0], "m_total": 0.73, "F_x_Ctotal": [-0.01,0,0.03], "I_total": [0.001,0,0,0,0.0025,0,0,0,0.0017], "elbow": [0.648515,-1], "elbow_d": [0.648402,-1], "elbow_c": [0.648402,-1], "delbow_c": [0,0], "ddelbow_c": [0,0], "tau_J": [0.263009,-39.1357,8.44271,19.9826,1.6026,-1.61714,0.102742], "tau_J_d": [0,0,0,0,0,0,0], "dtau_J": [28.9991,-24.1941,30.3867,-59.9818,-21.4234,44.1547,-56.4557], "q": [-2.24381,0.51103,0.648515,-1.23859,-2.15141,2.90151,-0.502079], "dq": [-3.67652e-05,0.000832613,-0.000200306,-0.00339488,0.000522154,-0.000782434,0.00075921], "q_d": [-2.24383,0.510901,0.648402,-1.23866,-2.1514,2.90129,-0.502062], "dq_d": [0,0,0,0,0,0,0], "ddq_d": [0,0,0,0,0,0,0], "joint_contact": [0,0,0,0,0,0,0], "cartesian_contact": [0,0,0,0,0,0], "joint_collision": [0,0,0,0,0,0,0], "cartesian_collision": [0,0,0,0,0,0], "tau_ext_hat_filtered": [0.253325,-0.266143,0.0156609,-0.980539,0.0175415,-1.20073,0.130423], "O_F_ext_hat_K": [4.03568,5.69752,-3.21099,-1.64462,2.12512,0.323709], "K_F_ext_hat_K": [3.30016,2.24127,-6.56847,2.2505,-0.838104,0.170115], "O_dP_EE_d": [0,0,0,0,0,0], "O_ddP_O": [0,0,-9.81], "O_T_EE_c": [-0.0030216,0.0177407,-0.999828,0,0.957155,-0.289433,-0.00802825,0,-0.289531,-0.957033,-0.0161063,0,-0.122125,-0.809058,0.59409,1], "O_dP_EE_c": [0,0,0,0,0,0], "O_ddP_EE_c": [0,0,0,0,0,0], "theta": [-2.2438,0.508285,0.649107,-1.23718,-2.15123,2.90133,-0.502067], "dtheta": [0,0,0,0,0,0,0], "current_errors": [], "last_motion_errors": [], "control_command_success_rate": 0, "robot_mode": "User stopped", "time": 23244374}