{"O_T_EE": [0.0360118,0.0226793,-0.999084,0,0.708126,-0.706009,0.00949773,0,-0.705161,-0.707833,-0.0414852,0,-0.491672,-0.664869,0.594287,1], "O_T_EE_d": [0.0357965,0.0224321,-0.999098,0,0.708074,-0.706061,0.00951672,0,-0.705224,-0.707789,-0.0411589,0,-0.491601,-0.664852,0.594521,1], "F_T_NE": [0.7071,-0.7071,0,0,0.7071,0.7071,0,0,0,0,1,0,0,0,0.1034,1], "NE_T_EE": [1,0,0,0,0,1,0,0,0,0,1,0,0,0,0,1], "F_T_EE": [0.7071,-0.7071,0,0,0.7071,0.7071,0,0,0,0,1,0,0,0,0.1034,1], "EE_T_K": [1,0,0,0,0,1,0,0,0,0,1,0,0,0,0,1], "m_ee": 0.73, "F_x_Cee": [-0.01,0,0.03], "I_ee": [0.001,0,0,0,0.0025,0,0,0,0.0017], "m_load": 0, "F_x_Cload": [0,0,0], "I_load": [0,0,0,0,0,0,0,0,0], "m_total": 0.73, "F_x_Ctotal": [-0.01,0,0.03], "I_total": [0.001,0,0,0,0.0025,0,0,0,0.0017], "elbow": [0.215026,-1], "elbow_d": [0.215031,-1], "elbow_c": [0.215031,-1], "delbow_c": [0,0], "ddelbow_c": [0,0], "tau_J": [0.973153,-44.3765,4.13423,21.2482,2.01368,-1.33607,0.122884], "tau_J_d": [0,0,0,0,0,0,0], "dtau_J": [0.278888,-60.5893,-124.589,-61.9613,-11.5724,-16.4175,-96.8415], "q": [-2.43596,0.49378,0.215026,-1.16054,-1.93862,3.02163,-0.502986], "dq": [1.29648e-05,0.00040954,0.00143359,0.000227296,2.81324e-05,0.000378006,0.00645441], "q_d": [-2.43589,0.493524,0.215031,-1.16051,-1.9386,3.02147,-0.502961], "dq_d": [0,0,0,0,0,0,0], "ddq_d": [0,0,0,0,0,0,0], "joint_contact": [0,0,0,0,0,0,0], "cartesian_contact": [0,0,0,0,0,0], "joint_collision": [0,0,0,0,0,0,0], "cartesian_collision": [0,0,0,0,0,0], "tau_ext_hat_filtered": [0.961531,-1.62067,0.710362,-0.349454,0.168012,-0.971386,0.15818], "O_F_ext_hat_K": [0,0,0,0,0,0], "K_F_ext_hat_K": [0,0,0,0,0,0], "O_dP_EE_d": [0,0,0,0,0,0], "O_ddP_O": [0,0,-9.81], "O_T_EE_c": [0.0357965,0.0224321,-0.999098,0,0.708074,-0.706061,0.00951672,0,-0.705224,-0.707789,-0.0411589,0,-0.491601,-0.664852,0.594521,1], "O_dP_EE_c": [0,0,0,0,0,0], "O_ddP_EE_c": [0,0,0,0,0,0], "theta": [-2.4359,0.490666,0.215317,-1.15905,-1.9384,3.02148,-0.502973], "dtheta": [0,0,0,0,0,0,0], "current_errors": [], "last_motion_errors": [], "control_command_success_rate": 0, "robot_mode": "User stopped", "time": 23848820}