{"O_T_EE": [-0.0288759,-0.0475997,-0.998439,0,0.787068,-0.616815,0.00664327,0,-0.61618,-0.785663,0.0552763,0,-0.404334,-0.713146,0.606181,1], "O_T_EE_d": [-0.0291902,-0.0476882,-0.998426,0,0.786973,-0.616938,0.00645898,0,-0.616287,-0.785561,0.0555389,0,-0.40429,-0.713105,0.606355,1], "F_T_NE": [0.7071,-0.7071,0,0,0.7071,0.7071,0,0,0,0,1,0,0,0,0.1034,1], "NE_T_EE": [1,0,0,0,0,1,0,0,0,0,1,0,0,0,0,1], "F_T_EE": [0.7071,-0.7071,0,0,0.7071,0.7071,0,0,0,0,1,0,0,0,0.1034,1], "EE_T_K": [1,0,0,0,0,1,0,0,0,0,1,0,0,0,0,1], "m_ee": 0.73, "F_x_Cee": [-0.01,0,0.03], "I_ee": [0.001,0,0,0,0.0025,0,0,0,0.0017], "m_load": 0, "F_x_Cload": [0,0,0], "I_load": [0,0,0,0,0,0,0,0,0], "m_total": 0.73, "F_x_Ctotal": [-0.01,0,0.03], "I_total": [0.001,0,0,0,0.0025,0,0,0,0.0017], "elbow": [-2.09198,-1], "elbow_d": [-2.09203,-1], "elbow_c": [-2.09203,-1], "delbow_c": [0,0], "ddelbow_c": [0,0], "tau_J": [0.151925,37.3576,15.08,18.2568,1.45612,-1.53657,0.153096], "tau_J_d": [0,0,0,0,0,0,0], "dtau_J": [-61.3167,63.2192,100.743,24.1326,-3.84367,0.48363,36.7906], "q": [0.30923,-0.643186,-2.09198,-1.26148,-2.36664,2.75282,-0.533157], "dq": [0.000956068,-0.000659327,-0.000339063,-1.03207e-05,-0.00014476,-0.000207233,-0.000426183], "q_d": [0.309219,-0.642837,-2.09203,-1.26153,-2.36663,2.75267,-0.53312], "dq_d": [0,0,0,0,0,0,0], "ddq_d": [0,0,0,0,0,0,0], "joint_contact": [0,0,0,0,0,0,0], "cartesian_contact": [0,0,0,0,0,0], "joint_collision": [0,0,0,0,0,0,0], "cartesian_collision": [0,0,0,0,0,0], "tau_ext_hat_filtered": [0.219918,1.23944,0.747733,-0.704578,0.149068,-1.00932,0.150275], "O_F_ext_hat_K": [7.43339,7.04398,-2.54383,-3.21863,3.595,0.31911], "K_F_ext_hat_K": [1.98996,1.48888,-10.2551,2.14698,-0.68722,0.259709], "O_dP_EE_d": [0,0,0,0,0,0], "O_ddP_O": [0,0,-9.81], "O_T_EE_c": [-0.0291902,-0.0476882,-0.998426,0,0.786973,-0.616938,0.00645898,0,-0.616287,-0.785561,0.0555389,0,-0.40429,-0.713105,0.606355,1], "O_dP_EE_c": [0,0,0,0,0,0], "O_ddP_EE_c": [0,0,0,0,0,0], "theta": [0.309241,-0.640565,-2.09092,-1.2602,-2.36648,2.75265,-0.53314], "dtheta": [0,0,0,0,0,0,0], "current_errors": [], "last_motion_errors": [], "control_command_success_rate": 0, "robot_mode": "User stopped", "time": 23586429}