{"O_T_EE": [0.0279676,0.0290391,-0.999177,0,0.617619,-0.786445,-0.00556898,0,-0.785975,-0.616967,-0.0399309,0,-0.569684,-0.602019,0.593945,1], "O_T_EE_d": [0.0277844,0.0289048,-0.999186,0,0.617582,-0.786474,-0.00557828,0,-0.786011,-0.616937,-0.0397035,0,-0.569612,-0.602003,0.594126,1], "F_T_NE": [0.7071,-0.7071,0,0,0.7071,0.7071,0,0,0,0,1,0,0,0,0.1034,1], "NE_T_EE": [1,0,0,0,0,1,0,0,0,0,1,0,0,0,0,1], "F_T_EE": [0.7071,-0.7071,0,0,0.7071,0.7071,0,0,0,0,1,0,0,0,0.1034,1], "EE_T_K": [1,0,0,0,0,1,0,0,0,0,1,0,0,0,0,1], "m_ee": 0.73, "F_x_Cee": [-0.01,0,0.03], "I_ee": [0.001,0,0,0,0.0025,0,0,0,0.0017], "m_load": 0, "F_x_Cload": [0,0,0], "I_load": [0,0,0,0,0,0,0,0,0], "m_total": 0.73, "F_x_Ctotal": [-0.01,0,0.03], "I_total": [0.001,0,0,0,0.0025,0,0,0,0.0017], "elbow": [0.227924,-1], "elbow_d": [0.227932,-1], "elbow_c": [0.227932,-1], "delbow_c": [0,0], "ddelbow_c": [0,0], "tau_J": [0.862069,-44.3765,4.3564,21.2839,2.09607,-1.27657,0.194295], "tau_J_d": [0,0,0,0,0,0,0], "dtau_J": [-53.1667,128.57,1.27291,90.9515,5.63999,-11.9245,81.3575], "q": [-2.56401,0.502291,0.227924,-1.15212,-1.93824,3.01698,-0.526043], "dq": [-0.00014276,-0.000895241,0.000103552,-0.000934328,-0.000250044,0.000253883,-0.00121417], "q_d": [-2.56397,0.502022,0.227932,-1.15219,-1.93824,3.01687,-0.52602], "dq_d": [0,0,0,0,0,0,0], "ddq_d": [0,0,0,0,0,0,0], "joint_contact": [0,0,0,0,0,0,0], "cartesian_contact": [0,0,0,0,0,0], "joint_collision": [0,0,0,0,0,0,0], "cartesian_collision": [0,0,0,0,0,0], "tau_ext_hat_filtered": [0.829756,-1.52421,0.675095,-0.339458,0.235433,-0.931422,0.163888], "O_F_ext_hat_K": [0,0,0,0,0,0], "K_F_ext_hat_K": [0,0,0,0,0,0], "O_dP_EE_d": [0,0,0,0,0,0], "O_ddP_O": [0,0,-9.81], "O_T_EE_c": [0.0277844,0.0289048,-0.999186,0,0.617582,-0.786474,-0.00557828,0,-0.786011,-0.616937,-0.0397035,0,-0.569612,-0.602003,0.594126,1], "O_dP_EE_c": [0,0,0,0,0,0], "O_ddP_EE_c": [0,0,0,0,0,0], "theta": [-2.56395,0.499177,0.228231,-1.15062,-1.93801,3.01684,-0.526021], "dtheta": [0,0,0,0,0,0,0], "current_errors": [], "last_motion_errors": [], "control_command_success_rate": 0, "robot_mode": "User stopped", "time": 23816474}