{"O_T_EE": [-0.0405159,0.0344337,-0.998576,0,-0.90633,-0.421962,0.0222228,0,-0.420604,0.905957,0.0483054,0,-0.460791,0.639251,0.70551,1], "O_T_EE_d": [-0.0405671,0.034427,-0.998574,0,-0.906557,-0.421472,0.0222981,0,-0.420111,0.906186,0.0483088,0,-0.460571,0.639434,0.705548,1], "F_T_NE": [0.7071,-0.7071,0,0,0.7071,0.7071,0,0,0,0,1,0,0,0,0.1034,1], "NE_T_EE": [1,0,0,0,0,1,0,0,0,0,1,0,0,0,0,1], "F_T_EE": [0.7071,-0.7071,0,0,0.7071,0.7071,0,0,0,0,1,0,0,0,0.1034,1], "EE_T_K": [1,0,0,0,0,1,0,0,0,0,1,0,0,0,0,1], "m_ee": 0.73, "F_x_Cee": [-0.01,0,0.03], "I_ee": [0.001,0,0,0,0.0025,0,0,0,0.0017], "m_load": 0, "F_x_Cload": [0,0,0], "I_load": [0,0,0,0,0,0,0,0,0], "m_total": 0.73, "F_x_Ctotal": [-0.01,0,0.03], "I_total": [0.001,0,0,0,0.0025,0,0,0,0.0017], "elbow": [-1.41183,-1], "elbow_d": [-1.41185,-1], "elbow_c": [-1.41185,-1], "delbow_c": [0,0], "ddelbow_c": [0,0], "tau_J": [-0.633598,33.6283,23.1455,9.97711,0.889408,-0.855422,0.122884], "tau_J_d": [0,0,0,0,0,0,0], "dtau_J": [36.4653,-78.876,-5.26851,54.8102,-13.13,-13.261,-73.3244], "q": [-1.86239,-0.988416,-1.41183,-1.30084,-2.35294,2.41602,-1.13038], "dq": [-0.000573295,0.0010273,0.00310246,0.000343694,0.000201178,0.000172234,0.00101179], "q_d": [-1.86258,-0.988383,-1.41185,-1.30066,-2.35297,2.41582,-1.13034], "dq_d": [0,0,0,0,0,0,0], "ddq_d": [0,0,0,0,0,0,0], "joint_contact": [0,0,0,0,0,0,0], "cartesian_contact": [0,0,0,0,0,0], "joint_collision": [0,0,0,0,0,0,0], "cartesian_collision": [0,0,0,0,0,0], "tau_ext_hat_filtered": [-0.697778,0.318203,0.318297,0.180211,0.0771252,-1.33947,0.16417], "O_F_ext_hat_K": [2.12781,-4.82769,-0.808745,2.25486,1.21581,-0.721404], "K_F_ext_hat_K": [0.555158,0.0906313,-5.30771,1.61221,0.502606,0.269192], "O_dP_EE_d": [0,0,0,0,0,0], "O_ddP_O": [0,0,-9.81], "O_T_EE_c": [-0.0405671,0.034427,-0.998574,0,-0.906557,-0.421472,0.0222981,0,-0.420111,0.906186,0.0483088,0,-0.460571,0.639434,0.705548,1], "O_dP_EE_c": [0,0,0,0,0,0], "O_ddP_EE_c": [0,0,0,0,0,0], "theta": [-1.86244,-0.986056,-1.41021,-1.30014,-2.35284,2.41593,-1.13036], "dtheta": [0,0,0,0,0,0,0], "current_errors": [], "last_motion_errors": [], "control_command_success_rate": 0, "robot_mode": "User stopped", "time": 26333846}