{"O_T_EE": [-0.0271249,0.00933533,-0.999579,0,-0.808192,-0.588673,0.0164336,0,-0.588283,0.808313,0.0235129,0,-0.575276,0.541437,0.706407,1], "O_T_EE_d": [-0.0271646,0.00942943,-0.999577,0,-0.808338,-0.588474,0.0164162,0,-0.588081,0.808457,0.0236083,0,-0.575202,0.541463,0.706494,1], "F_T_NE": [0.7071,-0.7071,0,0,0.7071,0.7071,0,0,0,0,1,0,0,0,0.1034,1], "NE_T_EE": [1,0,0,0,0,1,0,0,0,0,1,0,0,0,0,1], "F_T_EE": [0.7071,-0.7071,0,0,0.7071,0.7071,0,0,0,0,1,0,0,0,0.1034,1], "EE_T_K": [1,0,0,0,0,1,0,0,0,0,1,0,0,0,0,1], "m_ee": 0.73, "F_x_Cee": [-0.01,0,0.03], "I_ee": [0.001,0,0,0,0.0025,0,0,0,0.0017], "m_load": 0, "F_x_Cload": [0,0,0], "I_load": [0,0,0,0,0,0,0,0,0], "m_total": 0.73, "F_x_Ctotal": [-0.01,0,0.03], "I_total": [0.001,0,0,0,0.0025,0,0,0,0.0017], "elbow": [-1.7358,-1], "elbow_d": [-1.73575,-1], "elbow_c": [-1.73575,-1], "delbow_c": [0,0], "ddelbow_c": [0,0], "tau_J": [-0.82006,32.0811,17.742,15.6503,1.47443,-0.82521,0.102742], "tau_J_d": [0,0,0,0,0,0,0], "dtau_J": [16.2091,-93.1848,-49.1888,-49.6294,9.17572,33.8215,-43.7317], "q": [-1.64411,-0.715757,-1.7358,-1.2374,-2.08323,2.60351,-1.01523], "dq": [0.000227955,-0.000300135,0.00107829,0.000939283,1.15904e-05,-0.000135556,0.00161888], "q_d": [-1.64423,-0.71561,-1.73575,-1.2374,-2.08324,2.60334,-1.01518], "dq_d": [0,0,0,0,0,0,0], "ddq_d": [0,0,0,0,0,0,0], "joint_contact": [0,0,0,0,0,0,0], "cartesian_contact": [0,0,0,0,0,0], "joint_collision": [0,0,0,0,0,0,0], "cartesian_collision": [0,0,0,0,0,0], "tau_ext_hat_filtered": [-0.820745,0.575853,0.236914,-0.310996,0.180348,-1.18504,0.137829], "O_F_ext_hat_K": [5.49992,-6.44476,-1.90082,2.94021,2.68676,-0.773471], "K_F_ext_hat_K": [1.6907,-0.682388,-8.48958,1.51734,0.508334,0.222956], "O_dP_EE_d": [0,0,0,0,0,0], "O_ddP_O": [0,0,-9.81], "O_T_EE_c": [-0.0271646,0.00942943,-0.999577,0,-0.808338,-0.588474,0.0164162,0,-0.588081,0.808457,0.0236083,0,-0.575202,0.541463,0.706494,1], "O_dP_EE_c": [0,0,0,0,0,0], "O_ddP_EE_c": [0,0,0,0,0,0], "theta": [-1.64417,-0.713506,-1.73456,-1.2363,-2.08307,2.60342,-1.01522], "dtheta": [0,0,0,0,0,0,0], "current_errors": [], "last_motion_errors": [], "control_command_success_rate": 0, "robot_mode": "User stopped", "time": 26473537}