{"O_T_EE": [-0.0297919,-0.00850374,-0.99951,0,-0.998037,-0.0546868,0.0302133,0,-0.054918,0.998467,-0.00685796,0,-0.188217,0.760405,0.69708,1], "O_T_EE_d": [-0.0297462,-0.00845854,-0.999512,0,-0.998036,-0.054721,0.0301654,0,-0.0549505,0.998466,-0.00681432,0,-0.188309,0.760336,0.697133,1], "F_T_NE": [0.7071,-0.7071,0,0,0.7071,0.7071,0,0,0,0,1,0,0,0,0.1034,1], "NE_T_EE": [1,0,0,0,0,1,0,0,0,0,1,0,0,0,0,1], "F_T_EE": [0.7071,-0.7071,0,0,0.7071,0.7071,0,0,0,0,1,0,0,0,0.1034,1], "EE_T_K": [1,0,0,0,0,1,0,0,0,0,1,0,0,0,0,1], "m_ee": 0.73, "F_x_Cee": [-0.01,0,0.03], "I_ee": [0.001,0,0,0,0.0025,0,0,0,0.0017], "m_load": 0, "F_x_Cload": [0,0,0], "I_load": [0,0,0,0,0,0,0,0,0], "m_total": 0.73, "F_x_Ctotal": [-0.01,0,0.03], "I_total": [0.001,0,0,0,0.0025,0,0,0,0.0017], "elbow": [0.504698,-1], "elbow_d": [0.504759,-1], "elbow_c": [0.504759,-1], "delbow_c": [0,0], "ddelbow_c": [0,0], "tau_J": [0.675606,-36.1205,5.5942,19.8279,2.04114,-0.805984,0.071614], "tau_J_d": [0,0,0,0,0,0,0], "dtau_J": [66.7958,47.2636,-84.0753,-51.4256,-15.4558,-25.4835,-56.0044], "q": [1.36072,0.354916,0.504698,-1.24424,-1.64783,2.92995,-0.847609], "dq": [-0.0039914,4.27287e-05,0.000715305,0.000927386,7.3777e-06,0.000196749,0.00285281], "q_d": [1.36078,0.354741,0.504759,-1.24436,-1.64784,2.92984,-0.847603], "dq_d": [0,0,0,0,0,0,0], "ddq_d": [0,0,0,0,0,0,0], "joint_contact": [0,0,0,0,0,0,0], "cartesian_contact": [0,0,0,0,0,0], "joint_collision": [0,0,0,0,0,0,0], "cartesian_collision": [0,0,0,0,0,0], "tau_ext_hat_filtered": [0.788578,-0.142213,0.578917,-1.54682,0.0461747,-0.963378,0.120889], "O_F_ext_hat_K": [-2.06918,-6.44915,-2.43689,2.0705,-1.81927,0.885457], "K_F_ext_hat_K": [2.55224,2.34422,-6.30891,1.91723,0.508918,0.126113], "O_dP_EE_d": [0,0,0,0,0,0], "O_ddP_O": [0,0,-9.81], "O_T_EE_c": [-0.0297462,-0.00845854,-0.999512,0,-0.998036,-0.054721,0.0301654,0,-0.0549505,0.998466,-0.00681432,0,-0.188309,0.760336,0.697133,1], "O_dP_EE_c": [0,0,0,0,0,0], "O_ddP_EE_c": [0,0,0,0,0,0], "theta": [1.36076,0.352381,0.505092,-1.24285,-1.64761,2.92986,-0.847601], "dtheta": [0,0,0,0,0,0,0], "current_errors": [], "last_motion_errors": [], "control_command_success_rate": 0, "robot_mode": "User stopped", "time": 5122503}