{"O_T_EE": [-0.0308794,0.0136746,-0.99942,0,-0.960156,0.277421,0.0334621,0,0.277723,0.96065,0.0045632,0,0.0641439,0.773243,0.69908,1], "O_T_EE_d": [-0.0308897,0.013588,-0.999421,0,-0.960137,0.277487,0.0334482,0,0.277786,0.960632,0.00447497,0,0.0641067,0.773256,0.69903,1], "F_T_NE": [0.7071,-0.7071,0,0,0.7071,0.7071,0,0,0,0,1,0,0,0,0.1034,1], "NE_T_EE": [1,0,0,0,0,1,0,0,0,0,1,0,0,0,0,1], "F_T_EE": [0.7071,-0.7071,0,0,0.7071,0.7071,0,0,0,0,1,0,0,0,0.1034,1], "EE_T_K": [1,0,0,0,0,1,0,0,0,0,1,0,0,0,0,1], "m_ee": 0.73, "F_x_Cee": [-0.01,0,0.03], "I_ee": [0.001,0,0,0,0.0025,0,0,0,0.0017], "m_load": 0, "F_x_Cload": [0,0,0], "I_load": [0,0,0,0,0,0,0,0,0], "m_total": 0.73, "F_x_Ctotal": [-0.01,0,0.03], "I_total": [0.001,0,0,0,0.0025,0,0,0,0.0017], "elbow": [1.35089,-1], "elbow_d": [1.35086,-1], "elbow_c": [1.35086,-1], "delbow_c": [0,0], "ddelbow_c": [0,0], "tau_J": [0.112252,-28.4676,15.568,17.4515,1.63923,-0.976272,0.174153], "tau_J_d": [0,0,0,0,0,0,0], "dtau_J": [19.4157,30.8236,112.814,-62.5734,40.1252,46.4934,50.3713], "q": [0.540548,0.606006,1.35089,-1.31822,-2.01716,2.63646,-0.920307], "dq": [0.000950536,0.000302583,-0.00110548,-0.00671412,0.000204278,-0.000554874,-0.000346656], "q_d": [0.540606,0.605986,1.35086,-1.31831,-2.01716,2.6363,-0.920263], "dq_d": [0,0,0,0,0,0,0], "ddq_d": [0,0,0,0,0,0,0], "joint_contact": [0,0,0,0,0,0,0], "cartesian_contact": [0,0,0,0,0,0], "joint_collision": [0,0,0,0,0,0,0], "cartesian_collision": [0,0,0,0,0,0], "tau_ext_hat_filtered": [0.0958033,-0.318657,-0.0129992,-0.446051,0.252816,-1.25991,0.167193], "O_F_ext_hat_K": [-2.60645,-2.09989,-0.609061,0.54196,-1.4265,0.13175], "K_F_ext_hat_K": [0.660491,1.8997,-2.74391,1.76691,0.477311,0.208152], "O_dP_EE_d": [0,0,0,0,0,0], "O_ddP_O": [0,0,-9.81], "O_T_EE_c": [-0.0308897,0.013588,-0.999421,0,-0.960137,0.277487,0.0334482,0,0.277786,0.960632,0.00447497,0,0.0641067,0.773256,0.69903,1], "O_dP_EE_c": [0,0,0,0,0,0], "O_ddP_EE_c": [0,0,0,0,0,0], "theta": [0.540556,0.604008,1.35198,-1.317,-2.01698,2.63635,-0.920288], "dtheta": [0,0,0,-0.024845,0,0,0], "current_errors": [], "last_motion_errors": [], "control_command_success_rate": 0, "robot_mode": "User stopped", "time": 1120069}