{"O_T_EE": [-0.0320439,-0.0161714,-0.999346,0,-0.922932,0.384227,0.0233761,0,0.383605,0.923096,-0.0272377,0,0.155645,0.757165,0.699144,1], "O_T_EE_d": [-0.0321236,-0.0161116,-0.999344,0,-0.922881,0.384344,0.0234692,0,0.383721,0.923048,-0.0272161,0,0.15567,0.757122,0.699207,1], "F_T_NE": [0.7071,-0.7071,0,0,0.7071,0.7071,0,0,0,0,1,0,0,0,0.1034,1], "NE_T_EE": [1,0,0,0,0,1,0,0,0,0,1,0,0,0,0,1], "F_T_EE": [0.7071,-0.7071,0,0,0.7071,0.7071,0,0,0,0,1,0,0,0,0.1034,1], "EE_T_K": [1,0,0,0,0,1,0,0,0,0,1,0,0,0,0,1], "m_ee": 0.73, "F_x_Cee": [-0.01,0,0.03], "I_ee": [0.001,0,0,0,0.0025,0,0,0,0.0017], "m_load": 0, "F_x_Cload": [0,0,0], "I_load": [0,0,0,0,0,0,0,0,0], "m_total": 0.73, "F_x_Ctotal": [-0.01,0,0.03], "I_total": [0.001,0,0,0,0.0025,0,0,0,0.0017], "elbow": [-0.582824,-1], "elbow_d": [-0.582764,-1], "elbow_c": [-0.582764,-1], "delbow_c": [0,0], "ddelbow_c": [0,0], "tau_J": [-0.41143,-37.1362,-4.26848,20.0977,2.27002,-0.82521,0.0615432], "tau_J_d": [0,0,0,0,0,0,0], "dtau_J": [-227.374,-85.1917,-154.119,-58.3763,14.3085,3.65018,101.604], "q": [1.73977,0.312672,-0.582824,-1.33537,-1.1505,3.14382,-1.01218], "dq": [0.00182115,0.000690316,0.00298256,-0.00175987,9.87122e-06,-0.000209309,-0.0027218], "q_d": [1.73977,0.312517,-0.582764,-1.33543,-1.1505,3.14365,-1.01218], "dq_d": [0,0,0,0,0,0,0], "ddq_d": [0,0,0,0,0,0,0], "joint_contact": [0,0,0,0,0,0,0], "cartesian_contact": [0,0,0,0,0,0], "joint_collision": [0,0,0,0,0,0,0], "cartesian_collision": [0,0,0,0,0,0], "tau_ext_hat_filtered": [-0.431524,-1.35382,-0.452152,-0.911094,-0.183223,-1.30047,0.0125372], "O_F_ext_hat_K": [0,0,0,0,0,0], "K_F_ext_hat_K": [0,0,0,0,0,0], "O_dP_EE_d": [0,0,0,0,0,0], "O_ddP_O": [0,0,-9.81], "O_T_EE_c": [-0.0321236,-0.0161116,-0.999344,0,-0.922881,0.384344,0.0234692,0,0.383721,0.923048,-0.0272161,0,0.15567,0.757122,0.699207,1], "O_dP_EE_c": [0,0,0,0,0,0], "O_ddP_EE_c": [0,0,0,0,0,0], "theta": [1.73975,0.310065,-0.583124,-1.33396,-1.15025,3.14373,-1.01218], "dtheta": [0,0,0,0,0,0,0], "current_errors": [], "last_motion_errors": [], "control_command_success_rate": 0, "robot_mode": "User stopped", "time": 2051374}