{"O_T_EE": [-0.0323106,0.0630314,-0.997479,0,-0.894346,0.443707,0.0570081,0,0.44619,0.89395,0.0420363,0,0.211163,0.741278,0.700075,1], "O_T_EE_d": [-0.0321725,0.0629962,-0.997485,0,-0.894378,0.443661,0.0568663,0,0.446137,0.893975,0.0420696,0,0.211023,0.741284,0.700096,1], "F_T_NE": [0.7071,-0.7071,0,0,0.7071,0.7071,0,0,0,0,1,0,0,0,0.1034,1], "NE_T_EE": [1,0,0,0,0,1,0,0,0,0,1,0,0,0,0,1], "F_T_EE": [0.7071,-0.7071,0,0,0.7071,0.7071,0,0,0,0,1,0,0,0,0.1034,1], "EE_T_K": [1,0,0,0,0,1,0,0,0,0,1,0,0,0,0,1], "m_ee": 0.73, "F_x_Cee": [-0.01,0,0.03], "I_ee": [0.001,0,0,0,0.0025,0,0,0,0.0017], "m_load": 0, "F_x_Cload": [0,0,0], "I_load": [0,0,0,0,0,0,0,0,0], "m_total": 0.73, "F_x_Ctotal": [-0.01,0,0.03], "I_total": [0.001,0,0,0,0.0025,0,0,0,0.0017], "elbow": [1.32402,-1], "elbow_d": [1.32406,-1], "elbow_c": [1.32406,-1], "delbow_c": [0,0], "ddelbow_c": [0,0], "tau_J": [-0.109916,-27.7496,14.7071,17.9117,1.62091,-1.03578,0.153096], "tau_J_d": [0,0,0,0,0,0,0], "dtau_J": [-79.2586,-57.2773,-122.49,-38.8035,-0.728921,28.8442,-31.9331], "q": [0.328877,0.568629,1.32402,-1.33503,-2.07692,2.68253,-0.798959], "dq": [0.000295146,8.94025e-05,0.00126562,0.000942211,0.000103004,-0.000848991,0.000264243], "q_d": [0.328935,0.568456,1.32406,-1.33515,-2.07692,2.68243,-0.798945], "dq_d": [0,0,0,0,0,0,0], "ddq_d": [0,0,0,0,0,0,0], "joint_contact": [0,0,0,0,0,0,0], "cartesian_contact": [0,0,0,0,0,0], "joint_collision": [0,0,0,0,0,0,0], "cartesian_collision": [0,0,0,0,0,0], "tau_ext_hat_filtered": [-0.131225,-0.411779,0.0649978,-0.49151,0.216696,-1.07969,0.16949], "O_F_ext_hat_K": [-3.08398,-3.54614,-1.39946,1.35186,-1.49243,-0.0858722], "K_F_ext_hat_K": [1.27208,1.10494,-4.60494,1.64548,0.155516,0.221853], "O_dP_EE_d": [0,0,0,0,0,0], "O_ddP_O": [0,0,-9.81], "O_T_EE_c": [-0.0321725,0.0629962,-0.997485,0,-0.894378,0.443661,0.0568663,0,0.446137,0.893975,0.0420696,0,0.211023,0.741284,0.700096,1], "O_dP_EE_c": [0,0,0,0,0,0], "O_ddP_EE_c": [0,0,0,0,0,0], "theta": [0.32887,0.566681,1.32506,-1.33377,-2.07674,2.68241,-0.79894], "dtheta": [0,0,0,0,0,0,0], "current_errors": [], "last_motion_errors": [], "control_command_success_rate": 0, "robot_mode": "User stopped", "time": 1413953}