{"O_T_EE": [-0.0233467,0.0492957,-0.998502,0,-0.862118,0.504681,0.0450737,0,0.506156,0.861895,0.0307167,0,0.259154,0.724926,0.699859,1], "O_T_EE_d": [-0.0233556,0.049329,-0.9985,0,-0.862201,0.504536,0.0450931,0,0.506013,0.861978,0.0307484,0,0.258964,0.724963,0.699898,1], "F_T_NE": [0.7071,-0.7071,0,0,0.7071,0.7071,0,0,0,0,1,0,0,0,0.1034,1], "NE_T_EE": [1,0,0,0,0,1,0,0,0,0,1,0,0,0,0,1], "F_T_EE": [0.7071,-0.7071,0,0,0.7071,0.7071,0,0,0,0,1,0,0,0,0.1034,1], "EE_T_K": [1,0,0,0,0,1,0,0,0,0,1,0,0,0,0,1], "m_ee": 0.73, "F_x_Cee": [-0.01,0,0.03], "I_ee": [0.001,0,0,0,0.0025,0,0,0,0.0017], "m_load": 0, "F_x_Cload": [0,0,0], "I_load": [0,0,0,0,0,0,0,0,0], "m_total": 0.73, "F_x_Ctotal": [-0.01,0,0.03], "I_total": [0.001,0,0,0,0.0025,0,0,0,0.0017], "elbow": [1.51041,-1], "elbow_d": [1.51055,-1], "elbow_c": [1.51055,-1], "delbow_c": [0,0], "ddelbow_c": [0,0], "tau_J": [0.112252,-27.9003,18.3054,15.69,1.34626,-0.985427,0.184224], "tau_J_d": [0,0,0,0,0,0,0], "dtau_J": [28.3762,110.075,82.887,138.997,18.0856,40.4377,91.4687], "q": [0.213535,0.70455,1.51041,-1.36345,-2.15014,2.57257,-0.913314], "dq": [-0.000608169,-0.000266762,-0.000372669,-0.000930067,0.00286755,-0.000572103,-0.00231088], "q_d": [0.213687,0.704507,1.51055,-1.36352,-2.15015,2.57243,-0.913288], "dq_d": [0,0,0,0,0,0,0], "ddq_d": [0,0,0,0,0,0,0], "joint_contact": [0,0,0,0,0,0,0], "cartesian_contact": [0,0,0,0,0,0], "joint_collision": [0,0,0,0,0,0,0], "cartesian_collision": [0,0,0,0,0,0], "tau_ext_hat_filtered": [0.123021,-0.442964,0.034753,-0.623979,0.164351,-1.21367,0.133887], "O_F_ext_hat_K": [-3.64205,-2.73251,-1.38853,0.74587,-1.80523,0.137846], "K_F_ext_hat_K": [1.3368,1.69828,-4.24123,1.81422,0.250669,0.194783], "O_dP_EE_d": [0,0,0,0,0,0], "O_ddP_O": [0,0,-9.81], "O_T_EE_c": [-0.0233556,0.049329,-0.9985,0,-0.862201,0.504536,0.0450931,0,0.506013,0.861978,0.0307484,0,0.258964,0.724963,0.699898,1], "O_dP_EE_c": [0,0,0,0,0,0], "O_ddP_EE_c": [0,0,0,0,0,0], "theta": [0.213543,0.702592,1.5117,-1.36235,-2.14999,2.57246,-0.913294], "dtheta": [0,0,0,0,0,0,0], "current_errors": [], "last_motion_errors": [], "control_command_success_rate": 0, "robot_mode": "User stopped", "time": 1365920}