{"O_T_EE": [-0.0247312,0.0382148,-0.998954,0,-0.828008,0.559133,0.0418886,0,0.560159,0.828193,0.0178145,0,0.30553,0.704942,0.699394,1], "O_T_EE_d": [-0.0245972,0.0382165,-0.998957,0,-0.828058,0.559067,0.041777,0,0.560091,0.828238,0.0178943,0,0.305343,0.704955,0.699463,1], "F_T_NE": [0.7071,-0.7071,0,0,0.7071,0.7071,0,0,0,0,1,0,0,0,0.1034,1], "NE_T_EE": [1,0,0,0,0,1,0,0,0,0,1,0,0,0,0,1], "F_T_EE": [0.7071,-0.7071,0,0,0.7071,0.7071,0,0,0,0,1,0,0,0,0.1034,1], "EE_T_K": [1,0,0,0,0,1,0,0,0,0,1,0,0,0,0,1], "m_ee": 0.73, "F_x_Cee": [-0.01,0,0.03], "I_ee": [0.001,0,0,0,0.0025,0,0,0,0.0017], "m_load": 0, "F_x_Cload": [0,0,0], "I_load": [0,0,0,0,0,0,0,0,0], "m_total": 0.73, "F_x_Ctotal": [-0.01,0,0.03], "I_total": [0.001,0,0,0,0.0025,0,0,0,0.0017], "elbow": [1.61933,-1], "elbow_d": [1.61948,-1], "elbow_c": [1.61948,-1], "delbow_c": [0,0], "ddelbow_c": [0,0], "tau_J": [-0.41143,-27.94,20.1422,13.7738,1.3371,-0.956131,0.112813], "tau_J_d": [0,0,0,0,0,0,0], "dtau_J": [-92.8301,0.893679,23.4942,-165.033,9.36161,1.96447,-55.6546], "q": [0.134326,0.801289,1.61933,-1.38589,-2.19397,2.49957,-0.993107], "dq": [0.0016806,-0.000990144,-0.000284992,0.000855248,0.00590161,-8.21142e-05,0.0010515], "q_d": [0.134356,0.801115,1.61948,-1.38605,-2.19398,2.49939,-0.993077], "dq_d": [0,0,0,0,0,0,0], "ddq_d": [0,0,0,0,0,0,0], "joint_contact": [0,0,0,0,0,0,0], "cartesian_contact": [0,0,0,0,0,0], "joint_collision": [0,0,0,0,0,0,0], "cartesian_collision": [0,0,0,0,0,0], "tau_ext_hat_filtered": [-0.346166,0.0646701,-0.248224,-0.582228,0.314967,-1.32252,0.157313], "O_F_ext_hat_K": [-3.32995,-3.60623,-1.65841,0.989968,-1.23579,-0.349891], "K_F_ext_hat_K": [1.60125,0.6714,-4.8815,1.62524,0.561692,0.25387], "O_dP_EE_d": [0,0,0,0,0,0], "O_ddP_O": [0,0,-9.81], "O_T_EE_c": [-0.0245972,0.0382165,-0.998957,0,-0.828058,0.559067,0.041777,0,0.560091,0.828238,0.0178943,0,0.305343,0.704955,0.699463,1], "O_dP_EE_c": [0,0,0,0,0,0], "O_ddP_EE_c": [0,0,0,0,0,0], "theta": [0.134297,0.799329,1.62074,-1.38492,-2.19383,2.49946,-0.993094], "dtheta": [0,0,0,0,0,0,0], "current_errors": [], "last_motion_errors": [], "control_command_success_rate": 0, "robot_mode": "User stopped", "time": 1330905}