{"O_T_EE": [-0.0154452,0.044296,-0.998889,0,-0.698589,0.714248,0.0424753,0,0.71535,0.698482,0.0199133,0,0.435393,0.628655,0.699788,1], "O_T_EE_d": [-0.0154401,0.0442863,-0.99889,0,-0.698764,0.714078,0.04246,0,0.715179,0.698657,0.0199206,0,0.435181,0.628739,0.699808,1], "F_T_NE": [0.7071,-0.7071,0,0,0.7071,0.7071,0,0,0,0,1,0,0,0,0.1034,1], "NE_T_EE": [1,0,0,0,0,1,0,0,0,0,1,0,0,0,0,1], "F_T_EE": [0.7071,-0.7071,0,0,0.7071,0.7071,0,0,0,0,1,0,0,0,0.1034,1], "EE_T_K": [1,0,0,0,0,1,0,0,0,0,1,0,0,0,0,1], "m_ee": 0.73, "F_x_Cee": [-0.01,0,0.03], "I_ee": [0.001,0,0,0,0.0025,0,0,0,0.0017], "m_load": 0, "F_x_Cload": [0,0,0], "I_load": [0,0,0,0,0,0,0,0,0], "m_total": 0.73, "F_x_Ctotal": [-0.01,0,0.03], "I_total": [0.001,0,0,0,0.0025,0,0,0,0.0017], "elbow": [1.67168,-1], "elbow_d": [1.67188,-1], "elbow_c": [1.67188,-1], "delbow_c": [0,0], "ddelbow_c": [0,0], "tau_J": [0.0765462,-28.2772,21.3443,13.1985,1.25562,-0.835281,0.174153], "tau_J_d": [0,0,0,0,0,0,0], "dtau_J": [-28.8958,68.748,102.908,77.0635,-4.44286,-6.69784,-54.6842], "q": [-0.0758703,0.840628,1.67168,-1.41061,-2.2298,2.45845,-1.00745], "dq": [2.91047e-05,-0.000696528,-0.000721152,-0.000241898,0.000151391,0.000377188,0.00135952], "q_d": [-0.0757772,0.840615,1.67188,-1.41082,-2.22983,2.45831,-1.00743], "dq_d": [0,0,0,0,0,0,0], "ddq_d": [0,0,0,0,0,0,0], "joint_contact": [0,0,0,0,0,0,0], "cartesian_contact": [0,0,0,0,0,0], "joint_collision": [0,0,0,0,0,0,0], "cartesian_collision": [0,0,0,0,0,0], "tau_ext_hat_filtered": [0.0884457,-0.367419,0.110135,-0.452739,0.343567,-1.21003,0.210154], "O_F_ext_hat_K": [-3.99605,-1.77714,-0.743651,0.523287,-1.78594,0.0797592], "K_F_ext_hat_K": [0.725839,1.49072,-4.11468,1.69112,0.596586,0.265733], "O_dP_EE_d": [0,0,0,0,0,0], "O_ddP_O": [0,0,-9.81], "O_T_EE_c": [-0.0154401,0.0442863,-0.99889,0,-0.698764,0.714078,0.04246,0,0.715179,0.698657,0.0199206,0,0.435181,0.628739,0.699808,1], "O_dP_EE_c": [0,0,0,0,0,0], "O_ddP_EE_c": [0,0,0,0,0,0], "theta": [-0.0758649,0.838643,1.67318,-1.40969,-2.22967,2.45836,-1.00743], "dtheta": [0,0,0,0,0,0,0], "current_errors": [], "last_motion_errors": [], "control_command_success_rate": 0, "robot_mode": "User stopped", "time": 1598375}