{"O_T_EE": [0.00663302,0.057097,-0.998337,0,-0.594612,0.802905,0.0419692,0,0.803981,0.593356,0.039277,0,0.52453,0.552093,0.700779,1], "O_T_EE_d": [0.00672455,0.0571747,-0.998332,0,-0.594698,0.802841,0.0419731,0,0.803917,0.593435,0.0394012,0,0.524376,0.552179,0.700878,1], "F_T_NE": [0.7071,-0.7071,0,0,0.7071,0.7071,0,0,0,0,1,0,0,0,0.1034,1], "NE_T_EE": [1,0,0,0,0,1,0,0,0,0,1,0,0,0,0,1], "F_T_EE": [0.7071,-0.7071,0,0,0.7071,0.7071,0,0,0,0,1,0,0,0,0.1034,1], "EE_T_K": [1,0,0,0,0,1,0,0,0,0,1,0,0,0,0,1], "m_ee": 0.73, "F_x_Cee": [-0.01,0,0.03], "I_ee": [0.001,0,0,0,0.0025,0,0,0,0.0017], "m_load": 0, "F_x_Cload": [0,0,0], "I_load": [0,0,0,0,0,0,0,0,0], "m_total": 0.73, "F_x_Ctotal": [-0.01,0,0.03], "I_total": [0.001,0,0,0,0.0025,0,0,0,0.0017], "elbow": [1.55138,-1], "elbow_d": [1.55152,-1], "elbow_c": [1.55152,-1], "delbow_c": [0,0], "ddelbow_c": [0,0], "tau_J": [0.0765462,-26.4285,18.4561,15.6503,1.39203,-1.00557,0.224507], "tau_J_d": [0,0,0,0,0,0,0], "dtau_J": [32.1618,-42.818,-80.5148,-28.1195,3.64039,-5.68869,51.6587], "q": [-0.248773,0.706907,1.55138,-1.40084,-2.17222,2.57753,-0.899364], "dq": [-0.00106868,0.000503862,0.000191996,-0.000132388,0.00083537,-0.000149374,-0.000200241], "q_d": [-0.248648,0.70679,1.55152,-1.40084,-2.17222,2.57739,-0.899327], "dq_d": [0,0,0,0,0,0,0], "ddq_d": [0,0,0,0,0,0,0], "joint_contact": [0,0,0,0,0,0,0], "cartesian_contact": [0,0,0,0,0,0], "joint_collision": [0,0,0,0,0,0,0], "cartesian_collision": [0,0,0,0,0,0], "tau_ext_hat_filtered": [0.0644111,-0.283983,-0.0259093,-0.557768,0.214905,-1.17191,0.198293], "O_F_ext_hat_K": [-3.96577,-0.781804,-1.40865,-0.12213,-1.62647,0.0732292], "K_F_ext_hat_K": [1.33539,1.67129,-3.70762,1.72769,0.196535,0.265097], "O_dP_EE_d": [0,0,0,0,0,0], "O_ddP_O": [0,0,-9.81], "O_T_EE_c": [0.00672455,0.0571747,-0.998332,0,-0.594698,0.802841,0.0419731,0,0.803917,0.593435,0.0394012,0,0.524376,0.552179,0.700878,1], "O_dP_EE_c": [0,0,0,0,0,0], "O_ddP_EE_c": [0,0,0,0,0,0], "theta": [-0.248767,0.705053,1.55268,-1.39974,-2.17206,2.57741,-0.899339], "dtheta": [0,0,0,0,0,0,0], "current_errors": [], "last_motion_errors": [], "control_command_success_rate": 0, "robot_mode": "User stopped", "time": 1816120}