{"O_T_EE": [-0.00384687,0.0563712,-0.998393,0,-0.544467,0.837316,0.0493744,0,0.83877,0.543793,0.0274718,0,0.558909,0.515181,0.700485,1], "O_T_EE_d": [-0.00355956,0.0561438,-0.998407,0,-0.544607,0.837246,0.0490229,0,0.83868,0.543924,0.0275966,0,0.558661,0.515335,0.700558,1], "F_T_NE": [0.7071,-0.7071,0,0,0.7071,0.7071,0,0,0,0,1,0,0,0,0.1034,1], "NE_T_EE": [1,0,0,0,0,1,0,0,0,0,1,0,0,0,0,1], "F_T_EE": [0.7071,-0.7071,0,0,0.7071,0.7071,0,0,0,0,1,0,0,0,0.1034,1], "EE_T_K": [1,0,0,0,0,1,0,0,0,0,1,0,0,0,0,1], "m_ee": 0.73, "F_x_Cee": [-0.01,0,0.03], "I_ee": [0.001,0,0,0,0.0025,0,0,0,0.0017], "m_load": 0, "F_x_Cload": [0,0,0], "I_load": [0,0,0,0,0,0,0,0,0], "m_total": 0.73, "F_x_Ctotal": [-0.01,0,0.03], "I_total": [0.001,0,0,0,0.0025,0,0,0,0.0017], "elbow": [1.57152,-1], "elbow_d": [1.57157,-1], "elbow_c": [1.57157,-1], "delbow_c": [0,0], "ddelbow_c": [0,0], "tau_J": [-0.185295,-26.0912,18.4958,14.8053,1.27393,-0.94606,0.112813], "tau_J_d": [0,0,0,0,0,0,0], "dtau_J": [76.1172,21.5155,-0.523613,-116.668,-22.6601,22.6868,37.9137], "q": [-0.323497,0.720865,1.57152,-1.40789,-2.15713,2.57087,-0.920713], "dq": [0.000347678,-0.000307239,-0.00224505,8.65228e-06,0.000125094,0.000235193,-0.000458194], "q_d": [-0.323413,0.72046,1.57157,-1.4081,-2.15712,2.57076,-0.920687], "dq_d": [0,0,0,0,0,0,0], "ddq_d": [0,0,0,0,0,0,0], "joint_contact": [0,0,0,0,0,0,0], "cartesian_contact": [0,0,0,0,0,0], "joint_collision": [0,0,0,0,0,0,0], "cartesian_collision": [0,0,0,0,0,0], "tau_ext_hat_filtered": [-0.203557,-0.0522379,-0.309987,-0.972578,0.0960254,-1.17496,0.1245], "O_F_ext_hat_K": [-4.99494,-2.01507,-2.76402,0.143877,-1.70757,-0.195735], "K_F_ext_hat_K": [2.66525,0.895881,-5.36132,1.65346,0.0400913,0.220022], "O_dP_EE_d": [0,0,0,0,0,0], "O_ddP_O": [0,0,-9.81], "O_T_EE_c": [-0.00355956,0.0561438,-0.998407,0,-0.544607,0.837246,0.0490229,0,0.83868,0.543924,0.0275966,0,0.558661,0.515335,0.700558,1], "O_dP_EE_c": [0,0,0,0,0,0], "O_ddP_EE_c": [0,0,0,0,0,0], "theta": [-0.32351,0.719034,1.57282,-1.40686,-2.15699,2.57077,-0.9207], "dtheta": [0,0,0,0,0,0,0], "current_errors": [], "last_motion_errors": [], "control_command_success_rate": 0, "robot_mode": "User stopped", "time": 1799150}