{"O_T_EE": [0.050669,0.0548088,-0.997201,0,-0.295545,0.954584,0.0374494,0,0.953983,0.292826,0.0645676,0,0.66559,0.352203,0.707976,1], "O_T_EE_d": [0.0508655,0.0546149,-0.997201,0,-0.295633,0.954567,0.0372002,0,0.953945,0.292919,0.0647017,0,0.665407,0.35235,0.708067,1], "F_T_NE": [0.7071,-0.7071,0,0,0.7071,0.7071,0,0,0,0,1,0,0,0,0.1034,1], "NE_T_EE": [1,0,0,0,0,1,0,0,0,0,1,0,0,0,0,1], "F_T_EE": [0.7071,-0.7071,0,0,0.7071,0.7071,0,0,0,0,1,0,0,0,0.1034,1], "EE_T_K": [1,0,0,0,0,1,0,0,0,0,1,0,0,0,0,1], "m_ee": 0.73, "F_x_Cee": [-0.01,0,0.03], "I_ee": [0.001,0,0,0,0.0025,0,0,0,0.0017], "m_load": 0, "F_x_Cload": [0,0,0], "I_load": [0,0,0,0,0,0,0,0,0], "m_total": 0.73, "F_x_Ctotal": [-0.01,0,0.03], "I_total": [0.001,0,0,0,0.0025,0,0,0,0.0017], "elbow": [-1.43908,-1], "elbow_d": [-1.4389,-1], "elbow_c": [-1.4389,-1], "delbow_c": [0,0], "ddelbow_c": [0,0], "tau_J": [-0.109916,26.991,21.7172,13.2739,1.27393,-1.10628,0.02126], "tau_J_d": [0,0,0,0,0,0,0], "dtau_J": [-63.0168,-22.1442,65.3408,163.407,-26.6585,-37.3635,-54.1039], "q": [2.53987,-0.829297,-1.43908,-1.45134,-2.28859,2.46612,-0.951627], "dq": [0.000345134,-0.00042324,-0.000782354,-0.00103702,0.0165759,0.000258167,0.000614103], "q_d": [2.53984,-0.829011,-1.4389,-1.45157,-2.28858,2.46594,-0.951627], "dq_d": [0,0,0,0,0,0,0], "ddq_d": [0,0,0,0,0,0,0], "joint_contact": [0,0,0,0,0,0,0], "cartesian_contact": [0,0,0,0,0,0], "joint_collision": [0,0,0,0,0,0,0], "cartesian_collision": [0,0,0,0,0,0], "tau_ext_hat_filtered": [-0.0798611,0.5389,0.546527,-0.755949,0.386719,-1.28507,0.0622647], "O_F_ext_hat_K": [-7.22324,-1.28797,-1.26282,0.51658,-3.36622,-0.107793], "K_F_ext_hat_K": [0.822713,0.858044,-7.34953,1.84179,0.784029,0.196983], "O_dP_EE_d": [0,0,0,0,0,0], "O_ddP_O": [0,0,-9.81], "O_T_EE_c": [0.0508655,0.0546149,-0.997201,0,-0.295633,0.954567,0.0372002,0,0.953945,0.292919,0.0647017,0,0.665407,0.35235,0.708067,1], "O_dP_EE_c": [0,0,0,0,0,0], "O_ddP_EE_c": [0,0,0,0,0,0], "theta": [2.53986,-0.827404,-1.43756,-1.4504,-2.28845,2.466,-0.951624], "dtheta": [0,0,0,0,0.0376797,0,0], "current_errors": [], "last_motion_errors": [], "control_command_success_rate": 0, "robot_mode": "User stopped", "time": 1183478}