{"O_T_EE": [0.0445289,0.0398228,-0.998204,0,-0.107422,0.993593,0.0348468,0,0.993216,0.10568,0.0485224,0,0.726887,0.20938,0.697567,1], "O_T_EE_d": [0.0447518,0.039867,-0.998193,0,-0.107689,0.993564,0.0348541,0,0.993177,0.105937,0.0487579,0,0.726686,0.209522,0.697741,1], "F_T_NE": [0.7071,-0.7071,0,0,0.7071,0.7071,0,0,0,0,1,0,0,0,0.1034,1], "NE_T_EE": [1,0,0,0,0,1,0,0,0,0,1,0,0,0,0,1], "F_T_EE": [0.7071,-0.7071,0,0,0.7071,0.7071,0,0,0,0,1,0,0,0,0.1034,1], "EE_T_K": [1,0,0,0,0,1,0,0,0,0,1,0,0,0,0,1], "m_ee": 0.73, "F_x_Cee": [-0.01,0,0.03], "I_ee": [0.001,0,0,0,0.0025,0,0,0,0.0017], "m_load": 0, "F_x_Cload": [0,0,0], "I_load": [0,0,0,0,0,0,0,0,0], "m_total": 0.73, "F_x_Ctotal": [-0.01,0,0.03], "I_total": [0.001,0,0,0,0.0025,0,0,0,0.0017], "elbow": [1.90527,-1], "elbow_d": [1.90563,-1], "elbow_c": [1.90563,-1], "delbow_c": [0,0], "ddelbow_c": [0,0], "tau_J": [-0.0742106,-31.4074,25.3552,6.33514,0.752079,-0.615554,0.174153], "tau_J_d": [0,0,0,0,0,0,0], "dtau_J": [25.344,97.975,-58.377,62.7382,-16.514,7.4885,48.1261], "q": [-0.736996,1.12531,1.90527,-1.49914,-2.4516,2.30184,-1.15686], "dq": [0.000366603,-0.00114738,9.80013e-05,0.000403573,3.77317e-05,8.47293e-05,-0.00195696], "q_d": [-0.737064,1.12523,1.90563,-1.49947,-2.45161,2.30172,-1.15684], "dq_d": [0,0,0,0,0,0,0], "ddq_d": [0,0,0,0,0,0,0], "joint_contact": [0,0,0,0,0,0,0], "cartesian_contact": [0,0,0,0,0,0], "joint_collision": [0,0,0,0,0,0,0], "cartesian_collision": [0,0,0,0,0,0], "tau_ext_hat_filtered": [-0.0701275,-0.481793,0.336353,-1.23312,0.22784,-1.16663,0.137878], "O_F_ext_hat_K": [-8.77659,-0.375565,-2.56069,-0.0362645,-3.59131,-0.113209], "K_F_ext_hat_K": [2.15036,0.480421,-8.88098,1.71211,0.581197,0.225647], "O_dP_EE_d": [0,0,0,0,0,0], "O_ddP_O": [0,0,-9.81], "O_T_EE_c": [0.0447518,0.039867,-0.998193,0,-0.107689,0.993564,0.0348541,0,0.993177,0.105937,0.0487579,0,0.726686,0.209522,0.697741,1], "O_dP_EE_c": [0,0,0,0,0,0], "O_ddP_EE_c": [0,0,0,0,0,0], "theta": [-0.737001,1.12311,1.90705,-1.4987,-2.45151,2.30177,-1.15684], "dtheta": [0,0,0,0,0,0,0], "current_errors": [], "last_motion_errors": [], "control_command_success_rate": 0, "robot_mode": "User stopped", "time": 2106389}