{"O_T_EE": [0.0331773,0.0559621,-0.997872,0,0.0753455,0.99544,0.0583308,0,0.996605,-0.0771219,0.02881,0,0.752408,0.0611038,0.698835,1], "O_T_EE_d": [0.0333274,0.0559427,-0.997868,0,0.0751706,0.995454,0.058318,0,0.996614,-0.0769554,0.0289712,0,0.752272,0.0612209,0.698968,1], "F_T_NE": [0.7071,-0.7071,0,0,0.7071,0.7071,0,0,0,0,1,0,0,0,0.1034,1], "NE_T_EE": [1,0,0,0,0,1,0,0,0,0,1,0,0,0,0,1], "F_T_EE": [0.7071,-0.7071,0,0,0.7071,0.7071,0,0,0,0,1,0,0,0,0.1034,1], "EE_T_K": [1,0,0,0,0,1,0,0,0,0,1,0,0,0,0,1], "m_ee": 0.73, "F_x_Cee": [-0.01,0,0.03], "I_ee": [0.001,0,0,0,0.0025,0,0,0,0.0017], "m_load": 0, "F_x_Cload": [0,0,0], "I_load": [0,0,0,0,0,0,0,0,0], "m_total": 0.73, "F_x_Ctotal": [-0.01,0,0.03], "I_total": [0.001,0,0,0,0.0025,0,0,0,0.0017], "elbow": [1.77359,-1], "elbow_d": [1.77396,-1], "elbow_c": [1.77396,-1], "delbow_c": [0,0], "ddelbow_c": [0,0], "tau_J": [-0.522514,-28.7295,23.5184,10.477,1.19153,-0.605484,0.071614], "tau_J_d": [0,0,0,0,0,0,0], "dtau_J": [-12.002,-61.5733,1.45866,6.0874,1.28114,1.30426,56.4714], "q": [-0.993938,0.937535,1.77359,-1.46853,-2.29411,2.42996,-1.03855], "dq": [0.000472424,0.000865406,-5.54412e-05,0.000906372,-0.00107447,0.000193821,-0.00160721], "q_d": [-0.994121,0.937462,1.77396,-1.46881,-2.29412,2.42985,-1.03854], "dq_d": [0,0,0,0,0,0,0], "ddq_d": [0,0,0,0,0,0,0], "joint_contact": [0,0,0,0,0,0,0], "cartesian_contact": [0,0,0,0,0,0], "joint_collision": [0,0,0,0,0,0,0], "cartesian_collision": [0,0,0,0,0,0], "tau_ext_hat_filtered": [-0.506751,-0.635979,0.541901,-1.28209,0.344945,-1.04823,0.0571684], "O_F_ext_hat_K": [-10.8669,0.468429,-2.68598,-0.259485,-4.82789,-0.531048], "K_F_ext_hat_K": [2.34598,-0.509168,-10.9436,1.59362,0.669045,0.129137], "O_dP_EE_d": [0,0,0,0,0,0], "O_ddP_O": [0,0,-9.81], "O_T_EE_c": [0.0333274,0.0559427,-0.997868,0,0.0751706,0.995454,0.058318,0,0.996614,-0.0769554,0.0289712,0,0.752272,0.0612209,0.698968,1], "O_dP_EE_c": [0,0,0,0,0,0], "O_ddP_EE_c": [0,0,0,0,0,0], "theta": [-0.993975,0.935517,1.77523,-1.46779,-2.29398,2.42989,-1.03854], "dtheta": [0,0,0,0,0,0,0], "current_errors": [], "last_motion_errors": [], "control_command_success_rate": 0, "robot_mode": "User stopped", "time": 2409536}