{"O_T_EE": [0.0541886,0.00521305,-0.998507,0,0.749253,0.660799,0.0441116,0,0.660056,-0.750539,0.0319025,0,0.575128,-0.496817,0.698387,1], "O_T_EE_d": [0.0541935,0.00505484,-0.998508,0,0.749612,0.660397,0.044028,0,0.659646,-0.750894,0.0320007,0,0.574953,-0.496998,0.698466,1], "F_T_NE": [0.7071,-0.7071,0,0,0.7071,0.7071,0,0,0,0,1,0,0,0,0.1034,1], "NE_T_EE": [1,0,0,0,0,1,0,0,0,0,1,0,0,0,0,1], "F_T_EE": [0.7071,-0.7071,0,0,0.7071,0.7071,0,0,0,0,1,0,0,0,0.1034,1], "EE_T_K": [1,0,0,0,0,1,0,0,0,0,1,0,0,0,0,1], "m_ee": 0.73, "F_x_Cee": [-0.01,0,0.03], "I_ee": [0.001,0,0,0,0.0025,0,0,0,0.0017], "m_load": 0, "F_x_Cload": [0,0,0], "I_load": [0,0,0,0,0,0,0,0,0], "m_total": 0.73, "F_x_Ctotal": [-0.01,0,0.03], "I_total": [0.001,0,0,0,0.0025,0,0,0,0.0017], "elbow": [1.56564,-1], "elbow_d": [1.56565,-1], "elbow_c": [1.56565,-1], "delbow_c": [0,0], "ddelbow_c": [0,0], "tau_J": [-0.633598,-26.6943,18.718,15.6503,1.45612,-1.10628,0.122884], "tau_J_d": [0,0,0,0,0,0,0], "dtau_J": [48.0184,15.7075,30.1338,-33.3537,1.20174,-3.94971,73.2601], "q": [-1.78581,0.727354,1.56564,-1.4053,-2.16039,2.61583,-0.925857], "dq": [-0.000605623,0.000727489,-0.000404172,-0.000931054,-2.05124e-05,-3.16921e-05,-0.00204423], "q_d": [-1.78611,0.727214,1.56565,-1.40523,-2.1604,2.61562,-0.925859], "dq_d": [0,0,0,0,0,0,0], "ddq_d": [0,0,0,0,0,0,0], "joint_contact": [0,0,0,0,0,0,0], "cartesian_contact": [0,0,0,0,0,0], "joint_collision": [0,0,0,0,0,0,0], "cartesian_collision": [0,0,0,0,0,0], "tau_ext_hat_filtered": [-0.668443,-0.397893,-0.199367,-0.263407,0.172162,-1.32931,0.0750147], "O_F_ext_hat_K": [-2.8989,4.45098,-1.18763,-2.0252,-1.1611,-0.663235], "K_F_ext_hat_K": [1.052,0.716824,-5.29196,1.80793,0.410093,0.133307], "O_dP_EE_d": [0,0,0,0,0,0], "O_ddP_O": [0,0,-9.81], "O_T_EE_c": [0.0541935,0.00505484,-0.998508,0,0.749612,0.660397,0.044028,0,0.659646,-0.750894,0.0320007,0,0.574953,-0.496998,0.698466,1], "O_dP_EE_c": [0,0,0,0,0,0], "O_ddP_EE_c": [0,0,0,0,0,0], "theta": [-1.78585,0.72548,1.56695,-1.4042,-2.16023,2.61571,-0.925844], "dtheta": [0,0,0,0,0,0,0], "current_errors": [], "last_motion_errors": [], "control_command_success_rate": 0, "robot_mode": "User stopped", "time": 3107245}