{"O_T_EE": [0.0223824,-0.0574199,-0.99809,0,0.993447,0.113117,0.0157707,0,0.111998,-0.991921,0.0595766,0,0.191429,-0.743169,0.704887,1], "O_T_EE_d": [0.0223648,-0.0574263,-0.99809,0,0.993474,0.112877,0.0157668,0,0.111758,-0.991948,0.0595772,0,0.191365,-0.743165,0.704923,1], "F_T_NE": [0.7071,-0.7071,0,0,0.7071,0.7071,0,0,0,0,1,0,0,0,0.1034,1], "NE_T_EE": [1,0,0,0,0,1,0,0,0,0,1,0,0,0,0,1], "F_T_EE": [0.7071,-0.7071,0,0,0.7071,0.7071,0,0,0,0,1,0,0,0,0.1034,1], "EE_T_K": [1,0,0,0,0,1,0,0,0,0,1,0,0,0,0,1], "m_ee": 0.73, "F_x_Cee": [-0.01,0,0.03], "I_ee": [0.001,0,0,0,0.0025,0,0,0,0.0017], "m_load": 0, "F_x_Cload": [0,0,0], "I_load": [0,0,0,0,0,0,0,0,0], "m_total": 0.73, "F_x_Ctotal": [-0.01,0,0.03], "I_total": [0.001,0,0,0,0.0025,0,0,0,0.0017], "elbow": [-1.36894,-1], "elbow_d": [-1.36887,-1], "elbow_c": [-1.36887,-1], "delbow_c": [0,0], "ddelbow_c": [0,0], "tau_J": [-0.149589,31.1011,23.6295,9.78668,1.12745,-0.925918,0.224507], "tau_J_d": [0,0,0,0,0,0,0], "dtau_J": [7.40437,46.967,-22.3761,36.5933,4.14785,27.1205,93.8301], "q": [0.811246,-0.986841,-1.36894,-1.39987,-2.3472,2.45657,-1.11271], "dq": [0.00103201,0.000209917,-0.00013795,-0.00093034,-0.000126018,-0.000208265,0.000101981], "q_d": [0.811147,-0.986772,-1.36887,-1.39992,-2.34721,2.45634,-1.11268], "dq_d": [0,0,0,0,0,0,0], "ddq_d": [0,0,0,0,0,0,0], "joint_contact": [0,0,0,0,0,0,0], "cartesian_contact": [0,0,0,0,0,0], "joint_collision": [0,0,0,0,0,0,0], "cartesian_collision": [0,0,0,0,0,0], "tau_ext_hat_filtered": [-0.0958719,0.448491,0.329856,-0.626512,0.205708,-1.3459,0.18285], "O_F_ext_hat_K": [0.642748,6.73799,-1.55988,-2.90536,0.411677,-0.130312], "K_F_ext_hat_K": [1.18441,1.37614,-6.7045,1.92907,0.611956,0.300888], "O_dP_EE_d": [0,0,0,0,0,0], "O_ddP_O": [0,0,-9.81], "O_T_EE_c": [0.0223648,-0.0574263,-0.99809,0,0.993474,0.112877,0.0157668,0,0.111758,-0.991948,0.0595772,0,0.191365,-0.743165,0.704923,1], "O_dP_EE_c": [0,0,0,0,0,0], "O_ddP_EE_c": [0,0,0,0,0,0], "theta": [0.811236,-0.984659,-1.36728,-1.39918,-2.34707,2.45647,-1.11269], "dtheta": [0,0,0,0,0,0,0], "current_errors": [], "last_motion_errors": [], "control_command_success_rate": 0, "robot_mode": "User stopped", "time": 3938751}