{"O_T_EE": [0.0332576,0.00734592,-0.99941,0,0.951449,0.305902,0.0339101,0,0.305976,-0.952034,0.00318435,0,0.329744,-0.689213,0.704896,1], "O_T_EE_d": [0.0332471,0.00738451,-0.99941,0,0.951569,0.305529,0.0339131,0,0.305605,-0.952153,0.00313115,0,0.329592,-0.689282,0.704909,1], "F_T_NE": [0.7071,-0.7071,0,0,0.7071,0.7071,0,0,0,0,1,0,0,0,0.1034,1], "NE_T_EE": [1,0,0,0,0,1,0,0,0,0,1,0,0,0,0,1], "F_T_EE": [0.7071,-0.7071,0,0,0.7071,0.7071,0,0,0,0,1,0,0,0,0.1034,1], "EE_T_K": [1,0,0,0,0,1,0,0,0,0,1,0,0,0,0,1], "m_ee": 0.73, "F_x_Cee": [-0.01,0,0.03], "I_ee": [0.001,0,0,0,0.0025,0,0,0,0.0017], "m_load": 0, "F_x_Cload": [0,0,0], "I_load": [0,0,0,0,0,0,0,0,0], "m_total": 0.73, "F_x_Ctotal": [-0.01,0,0.03], "I_total": [0.001,0,0,0,0.0025,0,0,0,0.0017], "elbow": [-1.36894,-1], "elbow_d": [-1.36889,-1], "elbow_c": [-1.36889,-1], "delbow_c": [0,0], "ddelbow_c": [0,0], "tau_J": [-0.260673,30.3474,23.2923,10.1318,1.1366,-0.705276,0.0926712], "tau_J_d": [0,0,0,0,0,0,0], "dtau_J": [-245.395,9.28519,-69.5093,-117.221,20.3197,19.0747,-74.1533], "q": [0.992747,-0.963977,-1.36894,-1.40496,-2.2388,2.44255,-1.15749], "dq": [0.00216695,-0.000517656,-0.000258627,0.00109203,-0.000603495,-0.000144575,0.000307383], "q_d": [0.992562,-0.963946,-1.36889,-1.40497,-2.23881,2.44229,-1.15747], "dq_d": [0,0,0,0,0,0,0], "ddq_d": [0,0,0,0,0,0,0], "joint_contact": [0,0,0,0,0,0,0], "cartesian_contact": [0,0,0,0,0,0], "joint_collision": [0,0,0,0,0,0,0], "cartesian_collision": [0,0,0,0,0,0], "tau_ext_hat_filtered": [-0.167595,0.437566,0.345775,-0.633231,0.193311,-1.34501,0.126829], "O_F_ext_hat_K": [-0.944455,6.51232,-1.23655,-2.90047,-0.259568,-0.210723], "K_F_ext_hat_K": [1.25228,1.05162,-6.49287,1.73405,0.73867,0.252403], "O_dP_EE_d": [0,0,0,0,0,0], "O_ddP_O": [0,0,-9.81], "O_T_EE_c": [0.0332471,0.00738451,-0.99941,0,0.951569,0.305529,0.0339131,0,0.305605,-0.952153,0.00313115,0,0.329592,-0.689282,0.704909,1], "O_dP_EE_c": [0,0,0,0,0,0], "O_ddP_EE_c": [0,0,0,0,0,0], "theta": [0.992729,-0.961848,-1.3673,-1.40425,-2.23868,2.44247,-1.15747], "dtheta": [0,0,0,0,0,0,0], "current_errors": [], "last_motion_errors": [], "control_command_success_rate": 0, "robot_mode": "User stopped", "time": 3531005}