{"O_T_EE": [0.0296275,0.034504,-0.998956,0,0.984559,0.171438,0.035122,0,0.172475,-0.98459,-0.0288925,0,0.239775,-0.726942,0.70803,1], "O_T_EE_d": [0.0292867,0.0342852,-0.998973,0,0.984635,0.171077,0.0347378,0,0.172095,-0.984661,-0.0287487,0,0.23972,-0.726872,0.708147,1], "F_T_NE": [0.7071,-0.7071,0,0,0.7071,0.7071,0,0,0,0,1,0,0,0,0.1034,1], "NE_T_EE": [1,0,0,0,0,1,0,0,0,0,1,0,0,0,0,1], "F_T_EE": [0.7071,-0.7071,0,0,0.7071,0.7071,0,0,0,0,1,0,0,0,0.1034,1], "EE_T_K": [1,0,0,0,0,1,0,0,0,0,1,0,0,0,0,1], "m_ee": 0.73, "F_x_Cee": [-0.01,0,0.03], "I_ee": [0.001,0,0,0,0.0025,0,0,0,0.0017], "m_load": 0, "F_x_Cload": [0,0,0], "I_load": [0,0,0,0,0,0,0,0,0], "m_total": 0.73, "F_x_Ctotal": [-0.01,0,0.03], "I_total": [0.001,0,0,0,0.0025,0,0,0,0.0017], "elbow": [-2.17077,-1], "elbow_d": [-2.17085,-1], "elbow_c": [-2.17085,-1], "delbow_c": [0,0], "ddelbow_c": [0,0], "tau_J": [0.263009,30.3474,9.56942,19.4073,1.85895,-0.654922,0.071614], "tau_J_d": [0,0,0,0,0,0,0], "dtau_J": [101.089,197.351,-76.414,73.801,-14.433,34.649,-0.012104], "q": [1.07785,-0.39194,-2.17077,-1.31345,-1.68094,2.87737,-0.960678], "dq": [-0.00155374,-0.0016297,0.000358498,-0.00662052,0.000335385,-0.000531814,-0.00117701], "q_d": [1.07774,-0.391484,-2.17085,-1.31362,-1.68095,2.87712,-0.960693], "dq_d": [0,0,0,0,0,0,0], "ddq_d": [0,0,0,0,0,0,0], "joint_contact": [0,0,0,0,0,0,0], "cartesian_contact": [0,0,0,0,0,0], "joint_collision": [0,0,0,0,0,0,0], "cartesian_collision": [0,0,0,0,0,0], "tau_ext_hat_filtered": [0.363638,1.26623,0.664079,-1.18715,-0.0878303,-1.0662,0.0732777], "O_F_ext_hat_K": [0.598226,8.52844,-2.21038,-3.93933,1.00443,0.517054], "K_F_ext_hat_K": [2.52011,1.97349,-8.22997,1.97704,0.424317,0.0915186], "O_dP_EE_d": [0,0,0,0,0,0], "O_ddP_O": [0,0,-9.81], "O_T_EE_c": [0.0292867,0.0342852,-0.998973,0,0.984635,0.171077,0.0347378,0,0.172095,-0.984661,-0.0287487,0,0.23972,-0.726872,0.708147,1], "O_dP_EE_c": [0,0,0,0,0,0], "O_ddP_EE_c": [0,0,0,0,0,0], "theta": [1.07786,-0.38981,-2.1701,-1.31209,-1.68073,2.87729,-0.96067], "dtheta": [0,0,0,-0.0255515,0,0,0], "current_errors": [], "last_motion_errors": [], "control_command_success_rate": 0, "robot_mode": "User stopped", "time": 5553507}