{"O_T_EE": [0.0118006,-0.0350391,-0.999307,0,0.999875,-0.00914788,0.0121281,0,-0.00956668,-0.999344,0.0349275,0,0.0935487,-0.764755,0.704365,1], "O_T_EE_d": [0.0118006,-0.0350359,-0.999307,0,0.999873,-0.00938548,0.0121364,0,-0.00980438,-0.999342,0.0349213,0,0.0934691,-0.764744,0.704402,1], "F_T_NE": [0.7071,-0.7071,0,0,0.7071,0.7071,0,0,0,0,1,0,0,0,0.1034,1], "NE_T_EE": [1,0,0,0,0,1,0,0,0,0,1,0,0,0,0,1], "F_T_EE": [0.7071,-0.7071,0,0,0.7071,0.7071,0,0,0,0,1,0,0,0,0.1034,1], "EE_T_K": [1,0,0,0,0,1,0,0,0,0,1,0,0,0,0,1], "m_ee": 0.73, "F_x_Cee": [-0.01,0,0.03], "I_ee": [0.001,0,0,0,0.0025,0,0,0,0.0017], "m_load": 0, "F_x_Cload": [0,0,0], "I_load": [0,0,0,0,0,0,0,0,0], "m_total": 0.73, "F_x_Ctotal": [-0.01,0,0.03], "I_total": [0.001,0,0,0,0.0025,0,0,0,0.0017], "elbow": [-1.26374,-1], "elbow_d": [-1.26367,-1], "elbow_c": [-1.26367,-1], "delbow_c": [0,0], "ddelbow_c": [0,0], "tau_J": [-0.260673,33.176,24.7919,6.25976,0.953495,-0.545059,0.112813], "tau_J_d": [0,0,0,0,0,0,0], "dtau_J": [-117.677,-94.9449,0.430678,-34.186,-32.1845,-1.70759,-67.1383], "q": [0.72718,-1.1175,-1.26374,-1.40164,-2.38745,2.3767,-1.24807], "dq": [0.00145649,0.000180462,-0.000236759,-0.00423666,0.000594136,0.000428532,0.0011138], "q_d": [0.727077,-1.11745,-1.26367,-1.40167,-2.38747,2.37649,-1.24805], "dq_d": [0,0,0,0,0,0,0], "ddq_d": [0,0,0,0,0,0,0], "joint_contact": [0,0,0,0,0,0,0], "cartesian_contact": [0,0,0,0,0,0], "joint_collision": [0,0,0,0,0,0,0], "cartesian_collision": [0,0,0,0,0,0], "tau_ext_hat_filtered": [-0.104004,0.260709,0.318581,-0.915652,0.223274,-1.20523,0.147662], "O_F_ext_hat_K": [0.864164,7.70784,-2.08192,-3.05889,0.457789,-0.165109], "K_F_ext_hat_K": [1.82063,0.768311,-7.78376,1.56728,0.762299,0.283954], "O_dP_EE_d": [0,0,0,0,0,0], "O_ddP_O": [0,0,-9.81], "O_T_EE_c": [0.0118006,-0.0350359,-0.999307,0,0.999873,-0.00938548,0.0121364,0,-0.00980438,-0.999342,0.0349213,0,0.0934691,-0.764744,0.704402,1], "O_dP_EE_c": [0,0,0,0,0,0], "O_ddP_EE_c": [0,0,0,0,0,0], "theta": [0.727161,-1.11517,-1.262,-1.4012,-2.38734,2.37664,-1.24806], "dtheta": [0,0,0,-0.0249333,0,0,0], "current_errors": [], "last_motion_errors": [], "control_command_success_rate": 0, "robot_mode": "User stopped", "time": 3886046}