{"O_T_EE": [0.0283913,0.0153875,-0.999469,0,0.940577,-0.338871,0.0215012,0,-0.338366,-0.940706,-0.0240945,0,-0.155214,-0.761511,0.705443,1], "O_T_EE_d": [0.0282711,0.0153082,-0.999473,0,0.940635,-0.338716,0.021419,0,-0.338216,-0.940763,-0.0239757,0,-0.154996,-0.761476,0.705557,1], "F_T_NE": [0.7071,-0.7071,0,0,0.7071,0.7071,0,0,0,0,1,0,0,0,0.1034,1], "NE_T_EE": [1,0,0,0,0,1,0,0,0,0,1,0,0,0,0,1], "F_T_EE": [0.7071,-0.7071,0,0,0.7071,0.7071,0,0,0,0,1,0,0,0,0.1034,1], "EE_T_K": [1,0,0,0,0,1,0,0,0,0,1,0,0,0,0,1], "m_ee": 0.73, "F_x_Cee": [-0.01,0,0.03], "I_ee": [0.001,0,0,0,0.0025,0,0,0,0.0017], "m_load": 0, "F_x_Cload": [0,0,0], "I_load": [0,0,0,0,0,0,0,0,0], "m_total": 0.73, "F_x_Ctotal": [-0.01,0,0.03], "I_total": [0.001,0,0,0,0.0025,0,0,0,0.0017], "elbow": [-1.38789,-1], "elbow_d": [-1.38775,-1], "elbow_c": [-1.38775,-1], "delbow_c": [0,0], "ddelbow_c": [0,0], "tau_J": [0.78669,32.9499,23.8953,8.63616,1.28308,-0.144058,0.143025], "tau_J_d": [0,0,0,0,0,0,0], "dtau_J": [-39.8748,-91.8664,-63.3237,-50.6695,-4.00428,11.3669,-19.5004], "q": [0.407906,-0.975559,-1.38789,-1.33641,-2.20343,2.42572,-1.23006], "dq": [-0.000265446,0.000518135,0.000884205,-0.000498343,-0.000904641,8.43725e-05,0.000111238], "q_d": [0.407995,-0.975373,-1.38775,-1.33653,-2.20342,2.4256,-1.23003], "dq_d": [0,0,0,0,0,0,0], "ddq_d": [0,0,0,0,0,0,0], "joint_contact": [0,0,0,0,0,0,0], "cartesian_contact": [0,0,0,0,0,0], "joint_collision": [0,0,0,0,0,0,0], "cartesian_collision": [0,0,0,0,0,0], "tau_ext_hat_filtered": [0.726697,1.12684,1.13666,-1.5073,0.353154,-0.947461,0.174903], "O_F_ext_hat_K": [4.56863,8.33676,-1.46337,-3.9341,2.44142,0.694193], "K_F_ext_hat_K": [1.72062,1.44063,-9.35306,1.50521,0.938847,0.275669], "O_dP_EE_d": [0,0,0,0,0,0], "O_ddP_O": [0,0,-9.81], "O_T_EE_c": [0.0282711,0.0153082,-0.999473,0,0.940635,-0.338716,0.021419,0,-0.338216,-0.940763,-0.0239757,0,-0.154996,-0.761476,0.705557,1], "O_dP_EE_c": [0,0,0,0,0,0], "O_ddP_EE_c": [0,0,0,0,0,0], "theta": [0.407962,-0.973247,-1.38622,-1.3358,-2.20329,2.42571,-1.23004], "dtheta": [0,0,0,0,0,0,0], "current_errors": [], "last_motion_errors": [], "control_command_success_rate": 0, "robot_mode": "User stopped", "time": 4175093}