{"O_T_EE": [0.0247586,-0.00331266,-0.999678,0,0.921904,-0.386643,0.0241137,0,-0.386606,-0.922222,-0.00651891,0,-0.20261,-0.751048,0.707316,1], "O_T_EE_d": [0.0246635,-0.00328331,-0.999681,0,0.921874,-0.386719,0.0240141,0,-0.386682,-0.92219,-0.00651118,0,-0.20255,-0.751034,0.70735,1], "F_T_NE": [0.7071,-0.7071,0,0,0.7071,0.7071,0,0,0,0,1,0,0,0,0.1034,1], "NE_T_EE": [1,0,0,0,0,1,0,0,0,0,1,0,0,0,0,1], "F_T_EE": [0.7071,-0.7071,0,0,0.7071,0.7071,0,0,0,0,1,0,0,0,0.1034,1], "EE_T_K": [1,0,0,0,0,1,0,0,0,0,1,0,0,0,0,1], "m_ee": 0.73, "F_x_Cee": [-0.01,0,0.03], "I_ee": [0.001,0,0,0,0.0025,0,0,0,0.0017], "m_load": 0, "F_x_Cload": [0,0,0], "I_load": [0,0,0,0,0,0,0,0,0], "m_total": 0.73, "F_x_Ctotal": [-0.01,0,0.03], "I_total": [0.001,0,0,0,0.0025,0,0,0,0.0017], "elbow": [-1.76933,-1], "elbow_d": [-1.76926,-1], "elbow_c": [-1.76926,-1], "delbow_c": [0,0], "ddelbow_c": [0,0], "tau_J": [0.338387,30.4981,17.143,16.3406,1.72162,-0.635696,0.0926712], "tau_J_d": [0,0,0,0,0,0,0], "dtau_J": [-4.33149,-101.257,15.9304,-47.0641,-25.0903,-1.5001,16.4201], "q": [0.366783,-0.652166,-1.76933,-1.27779,-1.95288,2.69553,-1.04517], "dq": [0.000324322,0.00152649,-0.00696634,0.000583034,0.000386141,-0.000114241,-0.000278279], "q_d": [0.366756,-0.652034,-1.76926,-1.27789,-1.95287,2.69536,-1.04517], "dq_d": [0,0,0,0,0,0,0], "ddq_d": [0,0,0,0,0,0,0], "joint_contact": [0,0,0,0,0,0,0], "cartesian_contact": [0,0,0,0,0,0], "joint_collision": [0,0,0,0,0,0,0], "cartesian_collision": [0,0,0,0,0,0], "tau_ext_hat_filtered": [0.384785,1.09917,0.774973,-0.772163,0.173393,-1.10626,0.11799], "O_F_ext_hat_K": [4.44591,5.50892,-0.812615,-2.61147,2.50977,0.438963], "K_F_ext_hat_K": [0.904196,1.94916,-6.79396,1.80168,0.760788,0.184434], "O_dP_EE_d": [0,0,0,0,0,0], "O_ddP_O": [0,0,-9.81], "O_T_EE_c": [0.0246635,-0.00328331,-0.999681,0,0.921874,-0.386719,0.0240141,0,-0.386682,-0.92219,-0.00651118,0,-0.20255,-0.751034,0.70735,1], "O_dP_EE_c": [0,0,0,0,0,0], "O_ddP_EE_c": [0,0,0,0,0,0], "theta": [0.366807,-0.650024,-1.76813,-1.27665,-1.95269,2.69546,-1.04516], "dtheta": [0,0,-0.0249136,0,0,0,0], "current_errors": [], "last_motion_errors": [], "control_command_success_rate": 0, "robot_mode": "User stopped", "time": 4300179}