{"O_T_EE": [-0.0110918,0.00229014,-0.999926,0,-0.958104,-0.286215,0.00997238,0,-0.286176,0.958162,0.00536893,0,-0.335838,0.649916,0.805584,1], "O_T_EE_d": [-0.0111078,0.00235592,-0.999926,0,-0.958116,-0.286172,0.00996912,0,-0.286133,0.958175,0.0054361,0,-0.335829,0.649862,0.805658,1], "F_T_NE": [0.7071,-0.7071,0,0,0.7071,0.7071,0,0,0,0,1,0,0,0,0.1034,1], "NE_T_EE": [1,0,0,0,0,1,0,0,0,0,1,0,0,0,0,1], "F_T_EE": [0.7071,-0.7071,0,0,0.7071,0.7071,0,0,0,0,1,0,0,0,0.1034,1], "EE_T_K": [1,0,0,0,0,1,0,0,0,0,1,0,0,0,0,1], "m_ee": 0.73, "F_x_Cee": [-0.01,0,0.03], "I_ee": [0.001,0,0,0,0.0025,0,0,0,0.0017], "m_load": 0, "F_x_Cload": [0,0,0], "I_load": [0,0,0,0,0,0,0,0,0], "m_total": 0.73, "F_x_Ctotal": [-0.01,0,0.03], "I_total": [0.001,0,0,0,0.0025,0,0,0,0.0017], "elbow": [-1.26302,-1], "elbow_d": [-1.26291,-1], "elbow_c": [-1.26291,-1], "delbow_c": [0,0], "ddelbow_c": [0,0], "tau_J": [-0.109916,29.7443,20.9674,9.17175,0.861942,-0.244766,0.0816849], "tau_J_d": [0,0,0,0,0,0,0], "dtau_J": [-20.1621,69.2358,-102.111,-96.6135,15.4669,5.81032,-73.7024], "q": [-2.06237,-0.889141,-1.26302,-1.26097,-2.09117,2.31955,-1.37356], "dq": [0.00045149,-0.000644492,0.00186788,-0.00288152,-2.94929e-06,1.10166e-05,-0.000295395], "q_d": [-2.06241,-0.889057,-1.26291,-1.26098,-2.09118,2.31945,-1.37356], "dq_d": [0,0,0,0,0,0,0], "ddq_d": [0,0,0,0,0,0,0], "joint_contact": [0,0,0,0,0,0,0], "cartesian_contact": [0,0,0,0,0,0], "joint_collision": [0,0,0,0,0,0,0], "cartesian_collision": [0,0,0,0,0,0], "tau_ext_hat_filtered": [-0.11165,0.982775,0.895237,-0.704329,0.225385,-1.15883,0.12716], "O_F_ext_hat_K": [2.55917,-8.02161,-1.9784,4.18297,1.30373,-0.162551], "K_F_ext_hat_K": [1.93154,-0.175779,-8.429,1.20398,0.966452,0.188298], "O_dP_EE_d": [0,0,0,0,0,0], "O_ddP_O": [0,0,-9.81], "O_T_EE_c": [-0.0111078,0.00235592,-0.999926,0,-0.958116,-0.286172,0.00996912,0,-0.286133,0.958175,0.0054361,0,-0.335829,0.649862,0.805658,1], "O_dP_EE_c": [0,0,0,0,0,0], "O_ddP_EE_c": [0,0,0,0,0,0], "theta": [-2.06238,-0.887053,-1.26155,-1.26033,-2.09108,2.31952,-1.37356], "dtheta": [0,0,0,0,0,0,0], "current_errors": [], "last_motion_errors": [], "control_command_success_rate": 0, "robot_mode": "User stopped", "time": 5617386}