{"O_T_EE": [-0.0338148,0.0604697,-0.997587,0,-0.98696,-0.159132,0.0238086,0,-0.157311,0.985403,0.0650635,0,-0.242822,0.68828,0.804986,1], "O_T_EE_d": [-0.033739,0.0604905,-0.997589,0,-0.986958,-0.159161,0.0237285,0,-0.157345,0.985397,0.0650727,0,-0.242901,0.688196,0.805004,1], "F_T_NE": [0.7071,-0.7071,0,0,0.7071,0.7071,0,0,0,0,1,0,0,0,0.1034,1], "NE_T_EE": [1,0,0,0,0,1,0,0,0,0,1,0,0,0,0,1], "F_T_EE": [0.7071,-0.7071,0,0,0.7071,0.7071,0,0,0,0,1,0,0,0,0.1034,1], "EE_T_K": [1,0,0,0,0,1,0,0,0,0,1,0,0,0,0,1], "m_ee": 0.73, "F_x_Cee": [-0.01,0,0.03], "I_ee": [0.001,0,0,0,0.0025,0,0,0,0.0017], "m_load": 0, "F_x_Cload": [0,0,0], "I_load": [0,0,0,0,0,0,0,0,0], "m_total": 0.73, "F_x_Ctotal": [-0.01,0,0.03], "I_total": [0.001,0,0,0,0.0025,0,0,0,0.0017], "elbow": [-1.06549,-1], "elbow_d": [-1.06544,-1], "elbow_c": [-1.06544,-1], "delbow_c": [0,0], "ddelbow_c": [0,0], "tau_J": [-0.260673,33.4022,22.844,3.88336,0.469181,-0.314346,0.224507], "tau_J_d": [0,0,0,0,0,0,0], "dtau_J": [-111.572,119.278,0.38779,-75.4176,32.316,36.2881,14.7892], "q": [-2.12252,-1.11535,-1.06549,-1.32304,-2.37785,2.21017,-1.42081], "dq": [0.000838914,-0.00102754,-0.000750406,0.000838427,-0.00721731,-0.000607951,0.00116696], "q_d": [-2.12254,-1.11528,-1.06544,-1.32324,-2.37786,2.21001,-1.42075], "dq_d": [0,0,0,0,0,0,0], "ddq_d": [0,0,0,0,0,0,0], "joint_contact": [0,0,0,0,0,0,0], "cartesian_contact": [0,0,0,0,0,0], "joint_collision": [0,0,0,0,0,0,0], "cartesian_collision": [0,0,0,0,0,0], "tau_ext_hat_filtered": [-0.166365,0.748315,0.833249,-0.732977,0.136597,-1.18553,0.224157], "O_F_ext_hat_K": [1.28881,-7.93837,-2.28515,3.87332,0.737598,-0.245381], "K_F_ext_hat_K": [1.75606,-0.0631635,-8.17392,1.33018,0.860532,0.316145], "O_dP_EE_d": [0,0,0,0,0,0], "O_ddP_O": [0,0,-9.81], "O_T_EE_c": [-0.033739,0.0604905,-0.997589,0,-0.986958,-0.159161,0.0237285,0,-0.157345,0.985397,0.0650727,0,-0.242901,0.688196,0.805004,1], "O_dP_EE_c": [0,0,0,0,0,0], "O_ddP_EE_c": [0,0,0,0,0,0], "theta": [-2.12254,-1.11301,-1.06389,-1.32276,-2.3778,2.21014,-1.42078], "dtheta": [0,0,0,0,0,0,0], "current_errors": [], "last_motion_errors": [], "control_command_success_rate": 0, "robot_mode": "User stopped", "time": 5538190}