{"O_T_EE": [0.0128129,0.0213178,-0.999681,0,-0.978515,0.205968,-0.00814941,0,0.205732,0.978326,0.0234993,0,0.00566125,0.726167,0.800266,1], "O_T_EE_d": [0.0129363,0.021195,-0.999682,0,-0.97842,0.206414,-0.00828482,0,0.206176,0.978235,0.0234083,0,0.00581867,0.726174,0.800233,1], "F_T_NE": [0.7071,-0.7071,0,0,0.7071,0.7071,0,0,0,0,1,0,0,0,0.1034,1], "NE_T_EE": [1,0,0,0,0,1,0,0,0,0,1,0,0,0,0,1], "F_T_EE": [0.7071,-0.7071,0,0,0.7071,0.7071,0,0,0,0,1,0,0,0,0.1034,1], "EE_T_K": [1,0,0,0,0,1,0,0,0,0,1,0,0,0,0,1], "m_ee": 0.73, "F_x_Cee": [-0.01,0,0.03], "I_ee": [0.001,0,0,0,0.0025,0,0,0,0.0017], "m_load": 0, "F_x_Cload": [0,0,0], "I_load": [0,0,0,0,0,0,0,0,0], "m_total": 0.73, "F_x_Ctotal": [-0.01,0,0.03], "I_total": [0.001,0,0,0,0.0025,0,0,0,0.0017], "elbow": [1.62654,-1], "elbow_d": [1.62647,-1], "elbow_c": [1.62647,-1], "delbow_c": [0,0], "ddelbow_c": [0,0], "tau_J": [-1.15728,-22.6992,15.1554,16.416,1.42865,-1.04585,0.0514724], "tau_J_d": [0,0,0,0,0,0,0], "dtau_J": [-73.3104,-33.9119,-13.9818,82.5012,-1.08491,-27.8098,-47.1095], "q": [0.490172,0.618781,1.62654,-1.28117,-1.86138,2.52847,-1.23233], "dq": [0.000814841,0.000422824,-0.000999468,-0.00116091,0.000354331,0.000401858,0.00106712], "q_d": [0.489976,0.618665,1.62647,-1.28122,-1.8614,2.52821,-1.23231], "dq_d": [0,0,0,0,0,0,0], "ddq_d": [0,0,0,0,0,0,0], "joint_contact": [0,0,0,0,0,0,0], "cartesian_contact": [0,0,0,0,0,0], "joint_collision": [0,0,0,0,0,0,0], "cartesian_collision": [0,0,0,0,0,0], "tau_ext_hat_filtered": [-1.10438,0.319256,-0.71882,0.352069,0.286027,-1.68054,0.0928261], "O_F_ext_hat_K": [-0.3928,-1.70416,0.580757,0.562617,0.101111,-1.11127], "K_F_ext_hat_K": [-0.621946,0.0286258,-1.73439,1.3797,1.29417,0.125488], "O_dP_EE_d": [0,0,0,0,0,0], "O_ddP_O": [0,0,-9.81], "O_T_EE_c": [0.0129363,0.021195,-0.999682,0,-0.97842,0.206414,-0.00828482,0,0.206176,0.978235,0.0234083,0,0.00581867,0.726174,0.800233,1], "O_dP_EE_c": [0,0,0,0,0,0], "O_ddP_EE_c": [0,0,0,0,0,0], "theta": [0.490091,0.617188,1.6276,-1.28001,-1.86122,2.52835,-1.23233], "dtheta": [0,0,0,0,0,0,0], "current_errors": [], "last_motion_errors": ["cartesian_velocity_violation"], "control_command_success_rate": 0, "robot_mode": "User stopped", "time": 6527934}