{"O_T_EE": [-0.0170189,0.00401358,-0.999837,0,-0.943741,0.330198,0.0173896,0,0.330221,0.943902,-0.00183187,0,0.106061,0.716784,0.801032,1], "O_T_EE_d": [-0.0169578,0.00389731,-0.999839,0,-0.943528,0.330812,0.0172922,0,0.330832,0.943688,-0.00193265,0,0.106353,0.716766,0.801009,1], "F_T_NE": [0.7071,-0.7071,0,0,0.7071,0.7071,0,0,0,0,1,0,0,0,0.1034,1], "NE_T_EE": [1,0,0,0,0,1,0,0,0,0,1,0,0,0,0,1], "F_T_EE": [0.7071,-0.7071,0,0,0.7071,0.7071,0,0,0,0,1,0,0,0,0.1034,1], "EE_T_K": [1,0,0,0,0,1,0,0,0,0,1,0,0,0,0,1], "m_ee": 0.73, "F_x_Cee": [-0.01,0,0.03], "I_ee": [0.001,0,0,0,0.0025,0,0,0,0.0017], "m_load": 0, "F_x_Cload": [0,0,0], "I_load": [0,0,0,0,0,0,0,0,0], "m_total": 0.73, "F_x_Ctotal": [-0.01,0,0.03], "I_total": [0.001,0,0,0,0.0025,0,0,0,0.0017], "elbow": [1.51092,-1], "elbow_d": [1.51075,-1], "elbow_c": [1.51075,-1], "delbow_c": [0,0], "ddelbow_c": [0,0], "tau_J": [-1.41912,-21.4535,12.4576,17.872,1.59345,-0.885635,0.0414016], "tau_J_d": [0,0,0,0,0,0,0], "dtau_J": [-98.5421,-131.099,-46.7218,-1.54893,26.9061,10.0369,121.114], "q": [0.348441,0.515287,1.51092,-1.2737,-1.69047,2.60907,-1.23399], "dq": [0.000118221,0.00140112,0.000416255,0.000692412,-0.000389264,-0.000234374,-0.00196921], "q_d": [0.348222,0.515214,1.51075,-1.27364,-1.69048,2.60878,-1.23401], "dq_d": [0,0,0,0,0,0,0], "ddq_d": [0,0,0,0,0,0,0], "joint_contact": [0,0,0,0,0,0,0], "cartesian_contact": [0,0,0,0,0,0], "joint_collision": [0,0,0,0,0,0,0], "cartesian_collision": [0,0,0,0,0,0], "tau_ext_hat_filtered": [-1.41165,0.214963,-0.97547,0.291795,0.213592,-1.64609,-0.0135416], "O_F_ext_hat_K": [-0.186894,-2.34288,0.615355,1.06411,0.214019,-1.40457], "K_F_ext_hat_K": [-0.621489,-0.586547,-2.2743,1.31291,1.30236,-0.00670351], "O_dP_EE_d": [0,0,0,0,0,0], "O_ddP_O": [0,0,-9.81], "O_T_EE_c": [-0.0169578,0.00389731,-0.999839,0,-0.943528,0.330812,0.0172922,0,0.330832,0.943688,-0.00193265,0,0.106353,0.716766,0.801009,1], "O_dP_EE_c": [0,0,0,0,0,0], "O_ddP_EE_c": [0,0,0,0,0,0], "theta": [0.348341,0.513781,1.51179,-1.27244,-1.69029,2.60898,-1.23399], "dtheta": [0,0,0,0,0,0,0], "current_errors": [], "last_motion_errors": ["joint_reflex"], "control_command_success_rate": 0, "robot_mode": "User stopped", "time": 22895577}