{"O_T_EE": [-0.00269895,0.0286748,-0.999576,0,-0.96422,0.26487,0.0102018,0,0.265056,0.963857,0.0269344,0,0.0559768,0.722499,0.800496,1], "O_T_EE_d": [-0.00264526,0.0286302,-0.999577,0,-0.964176,0.265032,0.0101427,0,0.265215,0.963814,0.026904,0,0.0559962,0.722496,0.800497,1], "F_T_NE": [0.7071,-0.7071,0,0,0.7071,0.7071,0,0,0,0,1,0,0,0,0.1034,1], "NE_T_EE": [1,0,0,0,0,1,0,0,0,0,1,0,0,0,0,1], "F_T_EE": [0.7071,-0.7071,0,0,0.7071,0.7071,0,0,0,0,1,0,0,0,0.1034,1], "EE_T_K": [1,0,0,0,0,1,0,0,0,0,1,0,0,0,0,1], "m_ee": 0.73, "F_x_Cee": [-0.01,0,0.03], "I_ee": [0.001,0,0,0,0.0025,0,0,0,0.0017], "m_load": 0, "F_x_Cload": [0,0,0], "I_load": [0,0,0,0,0,0,0,0,0], "m_total": 0.73, "F_x_Ctotal": [-0.01,0,0.03], "I_total": [0.001,0,0,0,0.0025,0,0,0,0.0017], "elbow": [1.56362,-1], "elbow_d": [1.5636,-1], "elbow_c": [1.5636,-1], "delbow_c": [0,0], "ddelbow_c": [0,0], "tau_J": [-0.558219,-22.3223,14.2548,16.9913,1.49274,-0.715347,0.0816849], "tau_J_d": [0,0,0,0,0,0,0], "dtau_J": [-83.4783,-129.737,7.04131,170.486,36.9091,-16.6655,102.365], "q": [0.408916,0.559006,1.56362,-1.28257,-1.79755,2.58931,-1.19635], "dq": [0.000339162,0.00142019,3.66467e-05,-0.00131022,0.000242831,0.000301117,-0.00327939], "q_d": [0.408909,0.558942,1.5636,-1.28258,-1.79755,2.58916,-1.19635], "dq_d": [0,0,0,0,0,0,0], "ddq_d": [0,0,0,0,0,0,0], "joint_contact": [0,0,0,0,0,0,0], "cartesian_contact": [0,0,0,0,0,0], "joint_collision": [0,0,0,0,0,0,0], "cartesian_collision": [0,0,0,0,0,0], "tau_ext_hat_filtered": [-0.550819,-0.206497,-0.290165,-0.128417,0.179422,-1.32649,0.0285172], "O_F_ext_hat_K": [-1.23467,-2.66846,-0.0309899,1.12494,-0.627452,-0.546966], "K_F_ext_hat_K": [-0.0422091,0.483393,-2.9001,1.30208,1.03534,0.0493678], "O_dP_EE_d": [0,0,0,0,0,0], "O_ddP_O": [0,0,-9.81], "O_T_EE_c": [-0.00264526,0.0286302,-0.999577,0,-0.964176,0.265032,0.0101427,0,0.265215,0.963814,0.026904,0,0.0559962,0.722496,0.800497,1], "O_dP_EE_c": [0,0,0,0,0,0], "O_ddP_EE_c": [0,0,0,0,0,0], "theta": [0.408876,0.557439,1.56462,-1.28138,-1.79738,2.58924,-1.19634], "dtheta": [0,0,0,0,0,0,0], "current_errors": [], "last_motion_errors": ["cartesian_velocity_violation"], "control_command_success_rate": 0, "robot_mode": "User stopped", "time": 6575986}