{"O_T_EE": [-0.0111038,0.00845896,-0.999893,0,-0.991602,0.128688,0.0121004,0,0.128779,0.991649,0.00695913,0,-0.0432762,0.727238,0.799645,1], "O_T_EE_d": [-0.011059,0.00839565,-0.999894,0,-0.991593,0.128762,0.0120483,0,0.128852,0.99164,0.00690122,0,-0.0433477,0.727217,0.799653,1], "F_T_NE": [0.7071,-0.7071,0,0,0.7071,0.7071,0,0,0,0,1,0,0,0,0.1034,1], "NE_T_EE": [1,0,0,0,0,1,0,0,0,0,1,0,0,0,0,1], "F_T_EE": [0.7071,-0.7071,0,0,0.7071,0.7071,0,0,0,0,1,0,0,0,0.1034,1], "EE_T_K": [1,0,0,0,0,1,0,0,0,0,1,0,0,0,0,1], "m_ee": 0.73, "F_x_Cee": [-0.01,0,0.03], "I_ee": [0.001,0,0,0,0.0025,0,0,0,0.0017], "m_load": 0, "F_x_Cload": [0,0,0], "I_load": [0,0,0,0,0,0,0,0,0], "m_total": 0.73, "F_x_Ctotal": [-0.01,0,0.03], "I_total": [0.001,0,0,0,0.0025,0,0,0,0.0017], "elbow": [1.68208,-1], "elbow_d": [1.68213,-1], "elbow_c": [1.68213,-1], "delbow_c": [0,0], "ddelbow_c": [0,0], "tau_J": [-0.296379,-24.6194,17.1073,14.6545,1.42865,-0.615554,0.0926712], "tau_J_d": [0,0,0,0,0,0,0], "dtau_J": [31.5729,-129.986,-17.0654,-83.2437,10.3311,-9.54472,100.263], "q": [0.577213,0.682182,1.68208,-1.27349,-1.88883,2.48369,-1.26527], "dq": [-0.000899762,0.000608465,-0.00010659,-0.00428741,6.1536e-07,7.14814e-05,-0.00145379], "q_d": [0.577273,0.682103,1.68213,-1.27353,-1.88883,2.48346,-1.26526], "dq_d": [0,0,0,0,0,0,0], "ddq_d": [0,0,0,0,0,0,0], "joint_contact": [0,0,0,0,0,0,0], "cartesian_contact": [0,0,0,0,0,0], "joint_collision": [0,0,0,0,0,0,0], "cartesian_collision": [0,0,0,0,0,0], "tau_ext_hat_filtered": [-0.354611,-0.25503,0.027924,-0.0627482,0.380009,-1.37843,0.056156], "O_F_ext_hat_K": [-0.938793,-3.12921,0.596836,1.50669,-0.44142,-0.369923], "K_F_ext_hat_K": [-0.61283,0.53545,-3.21982,1.20623,1.43968,0.0887142], "O_dP_EE_d": [0,0,0,0,0,0], "O_ddP_O": [0,0,-9.81], "O_T_EE_c": [-0.011059,0.00839565,-0.999894,0,-0.991593,0.128762,0.0120483,0,0.128852,0.99164,0.00690122,0,-0.0433477,0.727217,0.799653,1], "O_dP_EE_c": [0,0,0,0,0,0], "O_ddP_EE_c": [0,0,0,0,0,0], "theta": [0.577192,0.680455,1.68328,-1.27246,-1.88868,2.48362,-1.26526], "dtheta": [0,0,0,0,0,0,0], "current_errors": [], "last_motion_errors": ["cartesian_velocity_violation"], "control_command_success_rate": 0, "robot_mode": "User stopped", "time": 6473266}