{"O_T_EE": [-0.0247069,0.00950098,-0.99964,0,-0.81825,0.574272,0.0256818,0,0.57432,0.818606,-0.0064144,0,0.297369,0.654985,0.800107,1], "O_T_EE_d": [-0.0245604,0.00933402,-0.999645,0,-0.818245,0.574289,0.0254659,0,0.574334,0.818595,-0.0064674,0,0.297242,0.655022,0.800086,1], "F_T_NE": [0.7071,-0.7071,0,0,0.7071,0.7071,0,0,0,0,1,0,0,0,0.1034,1], "NE_T_EE": [1,0,0,0,0,1,0,0,0,0,1,0,0,0,0,1], "F_T_EE": [0.7071,-0.7071,0,0,0.7071,0.7071,0,0,0,0,1,0,0,0,0.1034,1], "EE_T_K": [1,0,0,0,0,1,0,0,0,0,1,0,0,0,0,1], "m_ee": 0.73, "F_x_Cee": [-0.01,0,0.03], "I_ee": [0.001,0,0,0,0.0025,0,0,0,0.0017], "m_load": 0, "F_x_Cload": [0,0,0], "I_load": [0,0,0,0,0,0,0,0,0], "m_total": 0.73, "F_x_Ctotal": [-0.01,0,0.03], "I_total": [0.001,0,0,0,0.0025,0,0,0,0.0017], "elbow": [1.79229,-1], "elbow_d": [1.79228,-1], "elbow_c": [1.79228,-1], "delbow_c": [0,0], "ddelbow_c": [0,0], "tau_J": [-0.221,-24.056,18.3054,13.4643,1.25562,-0.504776,0.122884], "tau_J_d": [0,0,0,0,0,0,0], "dtau_J": [51.7258,77.476,0.928336,-60.9616,1.22955,3.98124,137.015], "q": [0.0611407,0.749824,1.79229,-1.31924,-1.94256,2.41201,-1.28101], "dq": [0.00359095,5.73548e-06,-2.71524e-05,0.000224158,0.000178746,5.91332e-05,-0.00302211], "q_d": [0.0611916,0.749671,1.79228,-1.31938,-1.94257,2.41183,-1.28101], "dq_d": [0,0,0,0,0,0,0], "ddq_d": [0,0,0,0,0,0,0], "joint_contact": [0,0,0,0,0,0,0], "cartesian_contact": [0,0,0,0,0,0], "joint_collision": [0,0,0,0,0,0,0], "cartesian_collision": [0,0,0,0,0,0], "tau_ext_hat_filtered": [-0.276147,0.0182991,-0.130214,-0.0429744,0.397163,-1.34654,0.0612847], "O_F_ext_hat_K": [-1.71529,-1.32297,0.705525,0.417632,-0.68655,-0.315214], "K_F_ext_hat_K": [-0.675474,0.661926,-2.07264,1.08069,1.39003,0.106433], "O_dP_EE_d": [0,0,0,0,0,0], "O_ddP_O": [0,0,-9.81], "O_T_EE_c": [-0.0245604,0.00933402,-0.999645,0,-0.818245,0.574289,0.0254659,0,0.574334,0.818595,-0.0064674,0,0.297242,0.655022,0.800086,1], "O_dP_EE_c": [0,0,0,0,0,0], "O_ddP_EE_c": [0,0,0,0,0,0], "theta": [0.0611259,0.748135,1.79357,-1.31829,-1.94242,2.41195,-1.281], "dtheta": [0,0,0,0,0,0,0], "current_errors": [], "last_motion_errors": ["cartesian_velocity_violation"], "control_command_success_rate": 0, "robot_mode": "User stopped", "time": 6877312}