{"O_T_EE": [0.00361434,0.0279654,-0.999593,0,-0.879398,0.47596,0.0101361,0,0.476059,0.87902,0.0263135,0,0.204409,0.693423,0.797894,1], "O_T_EE_d": [0.00363539,0.0279312,-0.999594,0,-0.879183,0.476357,0.0101131,0,0.476455,0.878806,0.0262889,0,0.204584,0.693369,0.79793,1], "F_T_NE": [0.7071,-0.7071,0,0,0.7071,0.7071,0,0,0,0,1,0,0,0,0.1034,1], "NE_T_EE": [1,0,0,0,0,1,0,0,0,0,1,0,0,0,0,1], "F_T_EE": [0.7071,-0.7071,0,0,0.7071,0.7071,0,0,0,0,1,0,0,0,0.1034,1], "EE_T_K": [1,0,0,0,0,1,0,0,0,0,1,0,0,0,0,1], "m_ee": 0.73, "F_x_Cee": [-0.01,0,0.03], "I_ee": [0.001,0,0,0,0.0025,0,0,0,0.0017], "m_load": 0, "F_x_Cload": [0,0,0], "I_load": [0,0,0,0,0,0,0,0,0], "m_total": 0.73, "F_x_Ctotal": [-0.01,0,0.03], "I_total": [0.001,0,0,0,0.0025,0,0,0,0.0017], "elbow": [1.97897,-1], "elbow_d": [1.97891,-1], "elbow_c": [1.97891,-1], "delbow_c": [0,0], "ddelbow_c": [0,0], "tau_J": [-0.336051,-28.428,21.4197,8.71154,0.715458,-0.5652,0.132954], "tau_J_d": [0,0,0,0,0,0,0], "dtau_J": [-15.4178,77.3298,93.3373,-5.37539,-18.484,16.9308,-23.7101], "q": [0.298728,0.98135,1.97897,-1.3518,-2.23423,2.23186,-1.34658], "dq": [-2.60262e-05,-0.00101808,-0.00162994,-0.00429238,0.000826362,-0.000127586,0.00366583], "q_d": [0.29855,0.981196,1.97891,-1.35167,-2.23421,2.23167,-1.34655], "dq_d": [0,0,0,0,0,0,0], "ddq_d": [0,0,0,0,0,0,0], "joint_contact": [0,0,0,0,0,0,0], "cartesian_contact": [0,0,0,0,0,0], "joint_collision": [0,0,0,0,0,0,0], "cartesian_collision": [0,0,0,0,0,0], "tau_ext_hat_filtered": [-0.358471,0.372479,-0.146127,0.256168,0.337137,-1.39456,0.169965], "O_F_ext_hat_K": [-1.40428,-1.72577,-0.0426128,0.461633,-0.296811,-0.442983], "K_F_ext_hat_K": [-0.010742,0.4131,-2.18662,1.08315,1.15605,0.266664], "O_dP_EE_d": [0,0,0,0,0,0], "O_ddP_O": [0,0,-9.81], "O_T_EE_c": [0.00363539,0.0279312,-0.999594,0,-0.879183,0.476357,0.0101131,0,0.476455,0.878806,0.0262889,0,0.204584,0.693369,0.79793,1], "O_dP_EE_c": [0,0,0,0,0,0], "O_ddP_EE_c": [0,0,0,0,0,0], "theta": [0.298704,0.979354,1.98047,-1.35118,-2.23415,2.23179,-1.34657], "dtheta": [0,0,0,0,0,0,0], "current_errors": [], "last_motion_errors": ["cartesian_velocity_violation"], "control_command_success_rate": 0, "robot_mode": "User stopped", "time": 6805459}