{"O_T_EE": [-0.0119338,0.0273134,-0.999546,0,-0.854261,0.519253,0.0243882,0,0.519693,0.854181,0.0171364,0,0.250988,0.675008,0.798986,1], "O_T_EE_d": [-0.0118881,0.0272389,-0.999549,0,-0.854114,0.519499,0.0243153,0,0.519937,0.854034,0.0170896,0,0.251049,0.674976,0.799002,1], "F_T_NE": [0.7071,-0.7071,0,0,0.7071,0.7071,0,0,0,0,1,0,0,0,0.1034,1], "NE_T_EE": [1,0,0,0,0,1,0,0,0,0,1,0,0,0,0,1], "F_T_EE": [0.7071,-0.7071,0,0,0.7071,0.7071,0,0,0,0,1,0,0,0,0.1034,1], "EE_T_K": [1,0,0,0,0,1,0,0,0,0,1,0,0,0,0,1], "m_ee": 0.73, "F_x_Cee": [-0.01,0,0.03], "I_ee": [0.001,0,0,0,0.0025,0,0,0,0.0017], "m_load": 0, "F_x_Cload": [0,0,0], "I_load": [0,0,0,0,0,0,0,0,0], "m_total": 0.73, "F_x_Ctotal": [-0.01,0,0.03], "I_total": [0.001,0,0,0,0.0025,0,0,0,0.0017], "elbow": [1.90261,-1], "elbow_d": [1.90259,-1], "elbow_c": [1.90259,-1], "delbow_c": [0,0], "ddelbow_c": [0,0], "tau_J": [-0.522514,-26.3174,20.1065,11.0126,0.971806,-0.705276,0.153096], "tau_J_d": [0,0,0,0,0,0,0], "dtau_J": [48.0484,45.3359,-118.939,-130.063,-7.80574,15.0954,24.0158], "q": [0.174226,0.882502,1.90261,-1.34277,-2.11042,2.31946,-1.30166], "dq": [-0.000879476,0.00011753,0.00271967,0.00185063,0.000386187,-0.000227311,0.000729027], "q_d": [0.174153,0.882394,1.90259,-1.34274,-2.11041,2.31924,-1.30167], "dq_d": [0,0,0,0,0,0,0], "ddq_d": [0,0,0,0,0,0,0], "joint_contact": [0,0,0,0,0,0,0], "cartesian_contact": [0,0,0,0,0,0], "joint_collision": [0,0,0,0,0,0,0], "cartesian_collision": [0,0,0,0,0,0], "tau_ext_hat_filtered": [-0.529385,0.265158,-0.332311,0.182411,0.370392,-1.51558,0.174269], "O_F_ext_hat_K": [-1.66278,-1.86016,-0.0880203,0.500863,-0.440927,-0.583832], "K_F_ext_hat_K": [0.0570175,0.452417,-2.45455,1.27349,1.2102,0.236854], "O_dP_EE_d": [0,0,0,0,0,0], "O_ddP_O": [0,0,-9.81], "O_T_EE_c": [-0.0118881,0.0272389,-0.999549,0,-0.854114,0.519499,0.0243153,0,0.519937,0.854034,0.0170896,0,0.251049,0.674976,0.799002,1], "O_dP_EE_c": [0,0,0,0,0,0], "O_ddP_EE_c": [0,0,0,0,0,0], "theta": [0.17419,0.880655,1.90402,-1.342,-2.11031,2.31938,-1.30164], "dtheta": [0,0,0,0,0,0,0], "current_errors": [], "last_motion_errors": ["cartesian_velocity_violation"], "control_command_success_rate": 0, "robot_mode": "User stopped", "time": 6835203}