{"O_T_EE": [-0.0186282,-0.0380075,-0.999094,0,-0.791296,0.611359,-0.00850353,0,0.61114,0.790436,-0.0414645,0,0.335295,0.637186,0.799307,1], "O_T_EE_d": [-0.0188612,-0.038322,-0.999078,0,-0.791114,0.611594,-0.00852397,0,0.611368,0.790239,-0.0418533,0,0.335419,0.63719,0.799156,1], "F_T_NE": [0.7071,-0.7071,0,0,0.7071,0.7071,0,0,0,0,1,0,0,0,0.1034,1], "NE_T_EE": [1,0,0,0,0,1,0,0,0,0,1,0,0,0,0,1], "F_T_EE": [0.7071,-0.7071,0,0,0.7071,0.7071,0,0,0,0,1,0,0,0,0.1034,1], "EE_T_K": [1,0,0,0,0,1,0,0,0,0,1,0,0,0,0,1], "m_ee": 0.73, "F_x_Cee": [-0.01,0,0.03], "I_ee": [0.001,0,0,0,0.0025,0,0,0,0.0017], "m_load": 0, "F_x_Cload": [0,0,0], "I_load": [0,0,0,0,0,0,0,0,0], "m_total": 0.73, "F_x_Ctotal": [-0.01,0,0.03], "I_total": [0.001,0,0,0,0.0025,0,0,0,0.0017], "elbow": [-0.112797,-1], "elbow_d": [-0.112742,-1], "elbow_c": [-0.112742,-1], "delbow_c": [0,0], "ddelbow_c": [0,0], "tau_J": [-0.558219,-31.8954,-0.66618,19.9429,1.97705,-0.324417,0.0926712], "tau_J_d": [0,0,0,0,0,0,0], "dtau_J": [11.3255,-103.721,81.5555,44.1233,-14.0082,-30.1703,68.8305], "q": [1.13729,0.132556,-0.112797,-1.36602,-0.769554,2.9801,-1.58204], "dq": [0.000545682,0.00137321,-0.000414931,0.00294497,-0.000114938,-0.00893481,-0.0022646], "q_d": [1.13717,0.132613,-0.112742,-1.36612,-0.769548,2.97978,-1.58204], "dq_d": [0,0,0,0,0,0,0], "ddq_d": [0,0,0,0,0,0,0], "joint_contact": [0,0,0,0,0,0,0], "cartesian_contact": [0,0,0,0,0,0], "joint_collision": [0,0,0,0,0,0,0], "cartesian_collision": [0,0,0,0,0,0], "tau_ext_hat_filtered": [-0.532903,0.759782,-0.582165,-1.10936,0.00614221,-1.57077,0.0646658], "O_F_ext_hat_K": [-1.57224,-0.607014,-0.243936,-0.598047,-0.443652,-0.542075], "K_F_ext_hat_K": [0.296079,0.875094,-1.43055,1.32865,1.19263,0.0665716], "O_dP_EE_d": [0,0,0,0,0,0], "O_ddP_O": [0,0,-9.81], "O_T_EE_c": [-0.0188612,-0.038322,-0.999078,0,-0.791114,0.611594,-0.00852397,0,0.611368,0.790239,-0.0418533,0,0.335419,0.63719,0.799156,1], "O_dP_EE_c": [0,0,0,0,0,0], "O_ddP_EE_c": [0,0,0,0,0,0], "theta": [1.13726,0.130318,-0.112843,-1.36462,-0.769334,2.98006,-1.58203], "dtheta": [0,0,0,0,0,-0.037561,0], "current_errors": [], "last_motion_errors": ["cartesian_velocity_violation"], "control_command_success_rate": 0, "robot_mode": "User stopped", "time": 6993018}