{"O_T_EE": [-0.0101999,-9.04572e-05,-0.999938,0,-0.91638,0.400177,0.00931137,0,0.40016,0.916436,-0.00416475,0,0.156188,0.707196,0.797454,1], "O_T_EE_d": [-0.0101827,-0.000221353,-0.999939,0,-0.916384,0.400169,0.00924322,0,0.40015,0.91644,-0.0042777,0,0.156107,0.707223,0.7974,1], "F_T_NE": [0.7071,-0.7071,0,0,0.7071,0.7071,0,0,0,0,1,0,0,0,0.1034,1], "NE_T_EE": [1,0,0,0,0,1,0,0,0,0,1,0,0,0,0,1], "F_T_EE": [0.7071,-0.7071,0,0,0.7071,0.7071,0,0,0,0,1,0,0,0,0.1034,1], "EE_T_K": [1,0,0,0,0,1,0,0,0,0,1,0,0,0,0,1], "m_ee": 0.73, "F_x_Cee": [-0.01,0,0.03], "I_ee": [0.001,0,0,0,0.0025,0,0,0,0.0017], "m_load": 0, "F_x_Cload": [0,0,0], "I_load": [0,0,0,0,0,0,0,0,0], "m_total": 0.73, "F_x_Ctotal": [-0.01,0,0.03], "I_total": [0.001,0,0,0,0.0025,0,0,0,0.0017], "elbow": [2.03247,-1], "elbow_d": [2.03244,-1], "elbow_c": [2.03244,-1], "delbow_c": [0,0], "ddelbow_c": [0,0], "tau_J": [-0.109916,-30.2013,21.8323,6.75567,0.642216,-0.344558,0.132954], "tau_J_d": [0,0,0,0,0,0,0], "dtau_J": [119.931,2.46275,-57.6092,19.8127,-18.5473,4.13377,-71.0288], "q": [0.407205,1.04045,2.03247,-1.34384,-2.24654,2.18366,-1.41932], "dq": [-0.000842717,-0.000450856,-7.38836e-05,9.93586e-05,0.000565582,6.86533e-06,0.00288073], "q_d": [0.407285,1.04045,2.03244,-1.34395,-2.24654,2.1835,-1.41929], "dq_d": [0,0,0,0,0,0,0], "ddq_d": [0,0,0,0,0,0,0], "joint_contact": [0,0,0,0,0,0,0], "cartesian_contact": [0,0,0,0,0,0], "joint_collision": [0,0,0,0,0,0,0], "cartesian_collision": [0,0,0,0,0,0], "tau_ext_hat_filtered": [-0.132307,0.0335779,0.0567006,-0.0167995,0.347717,-1.34284,0.195387], "O_F_ext_hat_K": [-1.83227,-2.72512,-0.255774,0.991298,-0.690518,-0.207859], "K_F_ext_hat_K": [0.274699,0.586159,-3.22953,1.08809,1.19961,0.273568], "O_dP_EE_d": [0,0,0,0,0,0], "O_ddP_O": [0,0,-9.81], "O_T_EE_c": [-0.0101827,-0.000221353,-0.999939,0,-0.916384,0.400169,0.00924322,0,0.40015,0.91644,-0.0042777,0,0.156107,0.707223,0.7974,1], "O_dP_EE_c": [0,0,0,0,0,0], "O_ddP_EE_c": [0,0,0,0,0,0], "theta": [0.407198,1.03833,2.03401,-1.34337,-2.24647,2.18362,-1.4193], "dtheta": [0,0,0,0,0,0,0], "current_errors": [], "last_motion_errors": ["cartesian_velocity_violation"], "control_command_success_rate": 0, "robot_mode": "User stopped", "time": 6771403}