{"O_T_EE": [-0.0270739,-0.0299057,-0.999176,0,-0.742987,0.669291,9.99828e-05,0,0.66875,0.742392,-0.0403407,0,0.378115,0.610892,0.799501,1], "O_T_EE_d": [-0.0272439,-0.0300373,-0.999168,0,-0.742879,0.669411,0.000131693,0,0.668863,0.742279,-0.0405522,0,0.378141,0.610873,0.799458,1], "F_T_NE": [0.7071,-0.7071,0,0,0.7071,0.7071,0,0,0,0,1,0,0,0,0.1034,1], "NE_T_EE": [1,0,0,0,0,1,0,0,0,0,1,0,0,0,0,1], "F_T_EE": [0.7071,-0.7071,0,0,0.7071,0.7071,0,0,0,0,1,0,0,0,0.1034,1], "EE_T_K": [1,0,0,0,0,1,0,0,0,0,1,0,0,0,0,1], "m_ee": 0.73, "F_x_Cee": [-0.01,0,0.03], "I_ee": [0.001,0,0,0,0.0025,0,0,0,0.0017], "m_load": 0, "F_x_Cload": [0,0,0], "I_load": [0,0,0,0,0,0,0,0,0], "m_total": 0.73, "F_x_Ctotal": [-0.01,0,0.03], "I_total": [0.001,0,0,0,0.0025,0,0,0,0.0017], "elbow": [-0.211474,-1], "elbow_d": [-0.211381,-1], "elbow_c": [-0.211381,-1], "delbow_c": [0,0], "ddelbow_c": [0,0], "tau_J": [-0.41143,-31.5582,-0.967694,19.9826,2.02283,-0.304275,0.204366], "tau_J_d": [0,0,0,0,0,0,0], "dtau_J": [63.0834,81.6548,3.09872,27.1823,-20.4191,27.7292,102.127], "q": [1.1573,0.128068,-0.211474,-1.37401,-0.760196,2.98342,-1.57077], "dq": [5.40406e-05,-0.00024154,-0.00300522,-0.00063903,0.000299049,-0.000264125,-0.00193899], "q_d": [1.15724,0.128,-0.211381,-1.37409,-0.760198,2.98315,-1.57075], "dq_d": [0,0,0,0,0,0,0], "ddq_d": [0,0,0,0,0,0,0], "joint_contact": [0,0,0,0,0,0,0], "cartesian_contact": [0,0,0,0,0,0], "joint_collision": [0,0,0,0,0,0,0], "cartesian_collision": [0,0,0,0,0,0], "tau_ext_hat_filtered": [-0.403556,0.773853,-0.526783,-1.13581,0.0466997,-1.57042,0.149908], "O_F_ext_hat_K": [0,0,0,0,0,0], "K_F_ext_hat_K": [0,0,0,0,0,0], "O_dP_EE_d": [0,0,0,0,0,0], "O_ddP_O": [0,0,-9.81], "O_T_EE_c": [-0.0272439,-0.0300373,-0.999168,0,-0.742879,0.669411,0.000131693,0,0.668863,0.742279,-0.0405522,0,0.378141,0.610873,0.799458,1], "O_dP_EE_c": [0,0,0,0,0,0], "O_ddP_EE_c": [0,0,0,0,0,0], "theta": [1.15727,0.125854,-0.211542,-1.3726,-0.759972,2.98339,-1.57074], "dtheta": [0,0,0,0,0,0,0], "current_errors": [], "last_motion_errors": ["cartesian_velocity_violation"], "control_command_success_rate": 0, "robot_mode": "User stopped", "time": 7054311}