{"O_T_EE": [-0.0352381,-0.0187275,-0.999194,0,-0.690029,0.723688,0.0107711,0,0.722917,0.689865,-0.0384246,0,0.419527,0.581919,0.799649,1], "O_T_EE_d": [-0.03556,-0.0190276,-0.999177,0,-0.690011,0.723706,0.0107753,0,0.722919,0.689839,-0.038865,0,0.41947,0.582039,0.799484,1], "F_T_NE": [0.7071,-0.7071,0,0,0.7071,0.7071,0,0,0,0,1,0,0,0,0.1034,1], "NE_T_EE": [1,0,0,0,0,1,0,0,0,0,1,0,0,0,0,1], "F_T_EE": [0.7071,-0.7071,0,0,0.7071,0.7071,0,0,0,0,1,0,0,0,0.1034,1], "EE_T_K": [1,0,0,0,0,1,0,0,0,0,1,0,0,0,0,1], "m_ee": 0.73, "F_x_Cee": [-0.01,0,0.03], "I_ee": [0.001,0,0,0,0.0025,0,0,0,0.0017], "m_load": 0, "F_x_Cload": [0,0,0], "I_load": [0,0,0,0,0,0,0,0,0], "m_total": 0.73, "F_x_Ctotal": [-0.01,0,0.03], "I_total": [0.001,0,0,0,0.0025,0,0,0,0.0017], "elbow": [-0.262413,-1], "elbow_d": [-0.262316,-1], "elbow_c": [-0.262316,-1], "delbow_c": [0,0], "ddelbow_c": [0,0], "tau_J": [-0.558219,-31.217,-1.22953,19.9429,2.08692,-0.445266,0.174153], "tau_J_d": [0,0,0,0,0,0,0], "dtau_J": [71.6757,100.879,-143.622,64.7953,-5.77892,-8.94141,97.4462], "q": [1.1333,0.125446,-0.262413,-1.37772,-0.767553,2.98362,-1.54721], "dq": [-0.00047313,-0.000789327,-0.0001575,-0.000254158,2.4529e-05,0.000268206,-0.00170593], "q_d": [1.13346,0.125495,-0.262316,-1.37784,-0.76753,2.98323,-1.5472], "dq_d": [0,0,0,0,0,0,0], "ddq_d": [0,0,0,0,0,0,0], "joint_contact": [0,0,0,0,0,0,0], "cartesian_contact": [0,0,0,0,0,0], "joint_collision": [0,0,0,0,0,0,0], "cartesian_collision": [0,0,0,0,0,0], "tau_ext_hat_filtered": [-0.573941,0.735124,-0.599585,-1.1018,0.105403,-1.67777,0.12813], "O_F_ext_hat_K": [0,0,0,0,0,0], "K_F_ext_hat_K": [0,0,0,0,0,0], "O_dP_EE_d": [0,0,0,0,0,0], "O_ddP_O": [0,0,-9.81], "O_T_EE_c": [-0.03556,-0.0190276,-0.999177,0,-0.690011,0.723706,0.0107753,0,0.722919,0.689839,-0.038865,0,0.41947,0.582039,0.799484,1], "O_dP_EE_c": [0,0,0,0,0,0], "O_ddP_EE_c": [0,0,0,0,0,0], "theta": [1.13326,0.123255,-0.262499,-1.37632,-0.767321,2.98357,-1.54719], "dtheta": [0,0,0,0,0,0,0], "current_errors": [], "last_motion_errors": ["cartesian_velocity_violation"], "control_command_success_rate": 0, "robot_mode": "User stopped", "time": 7105320}