{"O_T_EE": [0.0374644,0.0392177,-0.998518,0,-0.345349,0.93816,0.0238896,0,0.937725,0.343949,0.0486923,0,0.61359,0.35841,0.799389,1], "O_T_EE_d": [0.0374826,0.039167,-0.99852,0,-0.345373,0.938152,0.0238344,0,0.937715,0.343975,0.0486925,0,0.613509,0.358493,0.799413,1], "F_T_NE": [0.7071,-0.7071,0,0,0.7071,0.7071,0,0,0,0,1,0,0,0,0.1034,1], "NE_T_EE": [1,0,0,0,0,1,0,0,0,0,1,0,0,0,0,1], "F_T_EE": [0.7071,-0.7071,0,0,0.7071,0.7071,0,0,0,0,1,0,0,0,0.1034,1], "EE_T_K": [1,0,0,0,0,1,0,0,0,0,1,0,0,0,0,1], "m_ee": 0.73, "F_x_Cee": [-0.01,0,0.03], "I_ee": [0.001,0,0,0,0.0025,0,0,0,0.0017], "m_load": 0, "F_x_Cload": [0,0,0], "I_load": [0,0,0,0,0,0,0,0,0], "m_total": 0.73, "F_x_Ctotal": [-0.01,0,0.03], "I_total": [0.001,0,0,0,0.0025,0,0,0,0.0017], "elbow": [1.91096,-1], "elbow_d": [1.911,-1], "elbow_c": [1.911,-1], "delbow_c": [0,0], "ddelbow_c": [0,0], "tau_J": [0.112252,-25.2224,20.4795,10.9729,0.999271,-0.585342,0.204366], "tau_J_d": [0,0,0,0,0,0,0], "dtau_J": [37.4951,-9.72679,-39.374,-74.8752,25.7575,14.276,115.537], "q": [-0.569131,0.867865,1.91096,-1.39035,-2.12605,2.35986,-1.25262], "dq": [-0.000813,-0.000224024,0.00492573,0.00140801,-0.000253317,-0.000112613,-0.00280258], "q_d": [-0.569049,0.867761,1.911,-1.3904,-2.12603,2.35972,-1.2526], "dq_d": [0,0,0,0,0,0,0], "ddq_d": [0,0,0,0,0,0,0], "joint_contact": [0,0,0,0,0,0,0], "cartesian_contact": [0,0,0,0,0,0], "joint_collision": [0,0,0,0,0,0,0], "cartesian_collision": [0,0,0,0,0,0], "tau_ext_hat_filtered": [0.126357,-0.222334,0.0315166,-0.583863,0.293571,-1.25277,0.164597], "O_F_ext_hat_K": [-4.08347,-0.153184,-1.11367,-0.306428,-1.59302,0.0556289], "K_F_ext_hat_K": [0.953044,1.23993,-3.93609,1.34963,0.905672,0.247937], "O_dP_EE_d": [0,0,0,0,0,0], "O_ddP_O": [0,0,-9.81], "O_T_EE_c": [0.0374826,0.039167,-0.99852,0,-0.345373,0.938152,0.0238344,0,0.937715,0.343975,0.0486925,0,0.613509,0.358493,0.799413,1], "O_dP_EE_c": [0,0,0,0,0,0], "O_ddP_EE_c": [0,0,0,0,0,0], "theta": [-0.569123,0.866095,1.91239,-1.38958,-2.12593,2.35979,-1.2526], "dtheta": [0,0,0,0,0,0,0], "current_errors": [], "last_motion_errors": [], "control_command_success_rate": 0, "robot_mode": "User stopped", "time": 7457781}