{"O_T_EE": [-0.0036595,0.0265805,-0.99963,0,-0.00430372,0.999627,0.0265962,0,0.999984,0.00439954,-0.00354381,0,0.695247,0.12312,0.799847,1], "O_T_EE_d": [-0.00348764,0.026278,-0.999639,0,-0.00434068,0.999635,0.026293,0,0.999984,0.0044309,-0.00337236,0,0.695091,0.123328,0.799977,1], "F_T_NE": [0.7071,-0.7071,0,0,0.7071,0.7071,0,0,0,0,1,0,0,0,0.1034,1], "NE_T_EE": [1,0,0,0,0,1,0,0,0,0,1,0,0,0,0,1], "F_T_EE": [0.7071,-0.7071,0,0,0.7071,0.7071,0,0,0,0,1,0,0,0,0.1034,1], "EE_T_K": [1,0,0,0,0,1,0,0,0,0,1,0,0,0,0,1], "m_ee": 0.73, "F_x_Cee": [-0.01,0,0.03], "I_ee": [0.001,0,0,0,0.0025,0,0,0,0.0017], "m_load": 0, "F_x_Cload": [0,0,0], "I_load": [0,0,0,0,0,0,0,0,0], "m_total": 0.73, "F_x_Ctotal": [-0.01,0,0.03], "I_total": [0.001,0,0,0,0.0025,0,0,0,0.0017], "elbow": [1.81962,-1], "elbow_d": [1.81985,-1], "elbow_c": [1.81985,-1], "delbow_c": [0,0], "ddelbow_c": [0,0], "tau_J": [-0.149589,-22.3223,18.9798,13.7341,1.09998,-0.575271,0.0313308], "tau_J_d": [0,0,0,0,0,0,0], "dtau_J": [38.3786,-59.7595,80.0615,79.5462,-20.6867,1.93752,-49.6332], "q": [-0.988377,0.722086,1.81962,-1.37694,-1.91168,2.44332,-1.25663], "dq": [-0.000406822,0.000281013,-0.0013268,-0.000490777,5.64995e-05,-0.000228473,0.00170122], "q_d": [-0.988431,0.721733,1.81985,-1.37707,-1.91169,2.44312,-1.25664], "dq_d": [0,0,0,0,0,0,0], "ddq_d": [0,0,0,0,0,0,0], "joint_contact": [0,0,0,0,0,0,0], "cartesian_contact": [0,0,0,0,0,0], "joint_collision": [0,0,0,0,0,0,0], "cartesian_collision": [0,0,0,0,0,0], "tau_ext_hat_filtered": [-0.165795,-0.779607,0.85311,-0.660765,0.161725,-1.36881,0.0809293], "O_F_ext_hat_K": [-8.04721,0.266065,-1.4936,-0.244668,-4.31013,-0.253157], "K_F_ext_hat_K": [1.52959,0.26088,-8.04062,1.45675,1.04882,0.161883], "O_dP_EE_d": [0,0,0,0,0,0], "O_ddP_O": [0,0,-9.81], "O_T_EE_c": [-0.00348764,0.026278,-0.999639,0,-0.00434068,0.999635,0.026293,0,0.999984,0.0044309,-0.00337236,0,0.695091,0.123328,0.799977,1], "O_dP_EE_c": [0,0,0,0,0,0], "O_ddP_EE_c": [0,0,0,0,0,0], "theta": [-0.988389,0.72052,1.82095,-1.37598,-1.91156,2.44326,-1.25663], "dtheta": [0,0,0,0,0,0,0], "current_errors": [], "last_motion_errors": [], "control_command_success_rate": 0, "robot_mode": "User stopped", "time": 7768658}