{"O_T_EE": [-0.0116298,0.0319744,-0.999411,0,0.265868,0.9636,0.0277349,0,0.963938,-0.265394,-0.0197078,0,0.701427,-0.0770356,0.79864,1], "O_T_EE_d": [-0.0114259,0.0316474,-0.999424,0,0.265949,0.963586,0.0274721,0,0.963919,-0.265487,-0.0194268,0,0.701287,-0.0768647,0.798857,1], "F_T_NE": [0.7071,-0.7071,0,0,0.7071,0.7071,0,0,0,0,1,0,0,0,0.1034,1], "NE_T_EE": [1,0,0,0,0,1,0,0,0,0,1,0,0,0,0,1], "F_T_EE": [0.7071,-0.7071,0,0,0.7071,0.7071,0,0,0,0,1,0,0,0,0.1034,1], "EE_T_K": [1,0,0,0,0,1,0,0,0,0,1,0,0,0,0,1], "m_ee": 0.73, "F_x_Cee": [-0.01,0,0.03], "I_ee": [0.001,0,0,0,0.0025,0,0,0,0.0017], "m_load": 0, "F_x_Cload": [0,0,0], "I_load": [0,0,0,0,0,0,0,0,0], "m_total": 0.73, "F_x_Ctotal": [-0.01,0,0.03], "I_total": [0.001,0,0,0,0.0025,0,0,0,0.0017], "elbow": [1.8834,-1], "elbow_d": [1.8837,-1], "elbow_c": [1.8837,-1], "delbow_c": [0,0], "ddelbow_c": [0,0], "tau_J": [0.0368734,-23.6791,19.7296,12.5439,0.935185,-0.465408,0.000202917], "tau_J_d": [0,0,0,0,0,0,0], "dtau_J": [-13.2577,-64.8309,-49.6381,24.5029,-17.4834,7.3109,-69.3963], "q": [-1.24644,0.800932,1.8834,-1.38545,-1.9552,2.3818,-1.30705], "dq": [-0.000256523,0.00138438,0.00104006,0.00238272,0.000251484,-0.000181117,0.000999935], "q_d": [-1.24659,0.800528,1.8837,-1.3855,-1.95521,2.38159,-1.30706], "dq_d": [0,0,0,0,0,0,0], "ddq_d": [0,0,0,0,0,0,0], "joint_contact": [0,0,0,0,0,0,0], "cartesian_contact": [0,0,0,0,0,0], "joint_collision": [0,0,0,0,0,0,0], "cartesian_collision": [0,0,0,0,0,0], "tau_ext_hat_filtered": [0.0316824,-0.482045,0.433845,-0.361394,0.14222,-1.36968,0.0490578], "O_F_ext_hat_K": [-3.61086,2.11827,0.0678064,-1.27259,-1.81642,-0.0731277], "K_F_ext_hat_K": [0.0419582,1.08305,-4.04416,1.31075,1.15159,0.13841], "O_dP_EE_d": [0,0,0,0,0,0], "O_ddP_O": [0,0,-9.81], "O_T_EE_c": [-0.0114259,0.0316474,-0.999424,0,0.265949,0.963586,0.0274721,0,0.963919,-0.265487,-0.0194268,0,0.701287,-0.0768647,0.798857,1], "O_dP_EE_c": [0,0,0,0,0,0], "O_ddP_EE_c": [0,0,0,0,0,0], "theta": [-1.24644,0.799271,1.88478,-1.38456,-1.95509,2.38175,-1.30705], "dtheta": [0,0,0,0,0,0,0], "current_errors": [], "last_motion_errors": [], "control_command_success_rate": 0, "robot_mode": "User stopped", "time": 8107117}