{"O_T_EE": [0.0342985,0.0353646,-0.998776,0,0.199961,0.978914,0.041528,0,0.979203,-0.201144,0.0265043,0,0.703823,-0.026623,0.800263,1], "O_T_EE_d": [0.0343968,0.0352133,-0.998778,0,0.200154,0.978879,0.0414048,0,0.97916,-0.201337,0.0266228,0,0.703746,-0.0265906,0.800367,1], "F_T_NE": [0.7071,-0.7071,0,0,0.7071,0.7071,0,0,0,0,1,0,0,0,0.1034,1], "NE_T_EE": [1,0,0,0,0,1,0,0,0,0,1,0,0,0,0,1], "F_T_EE": [0.7071,-0.7071,0,0,0.7071,0.7071,0,0,0,0,1,0,0,0,0.1034,1], "EE_T_K": [1,0,0,0,0,1,0,0,0,0,1,0,0,0,0,1], "m_ee": 0.73, "F_x_Cee": [-0.01,0,0.03], "I_ee": [0.001,0,0,0,0.0025,0,0,0,0.0017], "m_load": 0, "F_x_Cload": [0,0,0], "I_load": [0,0,0,0,0,0,0,0,0], "m_total": 0.73, "F_x_Ctotal": [-0.01,0,0.03], "I_total": [0.001,0,0,0,0.0025,0,0,0,0.0017], "elbow": [1.69571,-1], "elbow_d": [1.69595,-1], "elbow_c": [1.69595,-1], "delbow_c": [0,0], "ddelbow_c": [0,0], "tau_J": [-0.336051,-18.9263,15.4926,16.0352,1.59345,-0.765701,0.153096], "tau_J_d": [0,0,0,0,0,0,0], "dtau_J": [37.5783,91.4702,-43.4186,-130.91,8.3103,-23.6412,98.8026], "q": [-1.25861,0.571391,1.69571,-1.37482,-1.81259,2.59465,-1.15386], "dq": [8.62447e-05,-0.000565292,0.000699471,0.00291446,-0.000217721,0.000537008,-0.00238989], "q_d": [-1.25884,0.571159,1.69595,-1.37486,-1.81259,2.59445,-1.15382], "dq_d": [0,0,0,0,0,0,0], "ddq_d": [0,0,0,0,0,0,0], "joint_contact": [0,0,0,0,0,0,0], "cartesian_contact": [0,0,0,0,0,0], "joint_collision": [0,0,0,0,0,0,0], "cartesian_collision": [0,0,0,0,0,0], "tau_ext_hat_filtered": [-0.256698,-0.660898,0.444429,-0.991091,0.283265,-1.34643,0.116256], "O_F_ext_hat_K": [-8.49751,2.07936,-2.3755,-1.17139,-4.0347,-0.290219], "K_F_ext_hat_K": [2.15471,0.237706,-8.802,1.57903,1.09287,0.16002], "O_dP_EE_d": [0,0,0,0,0,0], "O_ddP_O": [0,0,-9.81], "O_T_EE_c": [0.0343968,0.0352133,-0.998778,0,0.200154,0.978879,0.0414048,0,0.97916,-0.201337,0.0266228,0,0.703746,-0.0265906,0.800367,1], "O_dP_EE_c": [0,0,0,0,0,0], "O_ddP_EE_c": [0,0,0,0,0,0], "theta": [-1.25863,0.570062,1.6968,-1.3737,-1.81241,2.59457,-1.15384], "dtheta": [0,0,0,0,0,0,0], "current_errors": [], "last_motion_errors": [], "control_command_success_rate": 0, "robot_mode": "User stopped", "time": 7902958}