{"O_T_EE": [-0.0192834,0.0176028,-0.999649,0,0.579231,0.815145,0.00318043,0,0.814931,-0.578978,-0.0259154,0,0.631289,-0.309381,0.804327,1], "O_T_EE_d": [-0.0190867,0.0174663,-0.999656,0,0.579463,0.814981,0.00317581,0,0.814771,-0.579214,-0.0256768,0,0.631103,-0.30938,0.804568,1], "F_T_NE": [0.7071,-0.7071,0,0,0.7071,0.7071,0,0,0,0,1,0,0,0,0.1034,1], "NE_T_EE": [1,0,0,0,0,1,0,0,0,0,1,0,0,0,0,1], "F_T_EE": [0.7071,-0.7071,0,0,0.7071,0.7071,0,0,0,0,1,0,0,0,0.1034,1], "EE_T_K": [1,0,0,0,0,1,0,0,0,0,1,0,0,0,0,1], "m_ee": 0.73, "F_x_Cee": [-0.01,0,0.03], "I_ee": [0.001,0,0,0,0.0025,0,0,0,0.0017], "m_load": 0, "F_x_Cload": [0,0,0], "I_load": [0,0,0,0,0,0,0,0,0], "m_total": 0.73, "F_x_Ctotal": [-0.01,0,0.03], "I_total": [0.001,0,0,0,0.0025,0,0,0,0.0017], "elbow": [-1.15935,-1], "elbow_d": [-1.15894,-1], "elbow_c": [-1.15894,-1], "delbow_c": [0,0], "ddelbow_c": [0,0], "tau_J": [-0.82006,26.1619,21.6419,9.93743,0.889408,-0.494705,0.0111892], "tau_J_d": [0,0,0,0,0,0,0], "dtau_J": [-111.161,-24.6601,-67.7973,105.287,16.6947,-15.1798,-18.688], "q": [1.60606,-0.912506,-1.15935,-1.38914,-2.05242,2.27246,-1.39384], "dq": [0.00137091,0.000161929,-0.000598486,-0.00555764,-0.00199039,-0.000324879,-0.000388379], "q_d": [1.60574,-0.912293,-1.15894,-1.38913,-2.05242,2.2722,-1.39387], "dq_d": [0,0,0,0,0,0,0], "ddq_d": [0,0,0,0,0,0,0], "joint_contact": [0,0,0,0,0,0,0], "cartesian_contact": [0,0,0,0,0,0], "joint_collision": [0,0,0,0,0,0,0], "cartesian_collision": [0,0,0,0,0,0], "tau_ext_hat_filtered": [-0.786934,0.560709,1.01951,-0.328438,0.360586,-1.49153,0.0194489], "O_F_ext_hat_K": [-7.81802,4.15677,-1.14361,-2.07818,-4.41158,-0.888931], "K_F_ext_hat_K": [1.36717,-1.14373,-8.74818,1.09667,1.46559,0.102543], "O_dP_EE_d": [0,0,0,0,0,0], "O_ddP_O": [0,0,-9.81], "O_T_EE_c": [-0.0190867,0.0174663,-0.999656,0,0.579463,0.814981,0.00317581,0,0.814771,-0.579214,-0.0256768,0,0.631103,-0.30938,0.804568,1], "O_dP_EE_c": [0,0,0,0,0,0], "O_ddP_EE_c": [0,0,0,0,0,0], "theta": [1.606,-0.91067,-1.15784,-1.38844,-2.05232,2.27241,-1.39384], "dtheta": [0,0,0,0,0,0,0], "current_errors": [], "last_motion_errors": [], "control_command_success_rate": 0, "robot_mode": "User stopped", "time": 8279910}