{"O_T_EE": [0.0353529,0.00721957,-0.999339,0,0.39736,0.917419,0.0206849,0,0.91698,-0.397836,0.0295653,0,0.685261,-0.176359,0.796665,1], "O_T_EE_d": [0.0353886,0.00726496,-0.999338,0,0.397408,0.917397,0.0207423,0,0.916958,-0.397887,0.0295788,0,0.685225,-0.17635,0.796721,1], "F_T_NE": [0.7071,-0.7071,0,0,0.7071,0.7071,0,0,0,0,1,0,0,0,0.1034,1], "NE_T_EE": [1,0,0,0,0,1,0,0,0,0,1,0,0,0,0,1], "F_T_EE": [0.7071,-0.7071,0,0,0.7071,0.7071,0,0,0,0,1,0,0,0,0.1034,1], "EE_T_K": [1,0,0,0,0,1,0,0,0,0,1,0,0,0,0,1], "m_ee": 0.73, "F_x_Cee": [-0.01,0,0.03], "I_ee": [0.001,0,0,0,0.0025,0,0,0,0.0017], "m_load": 0, "F_x_Cload": [0,0,0], "I_load": [0,0,0,0,0,0,0,0,0], "m_total": 0.73, "F_x_Ctotal": [-0.01,0,0.03], "I_total": [0.001,0,0,0,0.0025,0,0,0,0.0017], "elbow": [2.05959,-1], "elbow_d": [2.05971,-1], "elbow_c": [2.05971,-1], "delbow_c": [0,0], "ddelbow_c": [0,0], "tau_J": [0.112252,-28.8802,22.6178,6.98577,0.623905,-0.354629,0.0615432], "tau_J_d": [0,0,0,0,0,0,0], "dtau_J": [38.9325,-13.1887,-52.7507,10.4834,-16.9109,1.70986,-102.209], "q": [-1.27509,1.05484,2.05959,-1.43098,-2.24991,2.22617,-1.37656], "dq": [-0.000999189,-9.88882e-05,0.00121273,0.000492304,0.00691091,0.000253817,0.00169191], "q_d": [-1.27508,1.05482,2.05971,-1.43097,-2.24991,2.22603,-1.37656], "dq_d": [0,0,0,0,0,0,0], "ddq_d": [0,0,0,0,0,0,0], "joint_contact": [0,0,0,0,0,0,0], "cartesian_contact": [0,0,0,0,0,0], "joint_collision": [0,0,0,0,0,0,0], "cartesian_collision": [0,0,0,0,0,0], "tau_ext_hat_filtered": [0.0989609,-0.353363,0.446361,-0.48352,0.246304,-1.2256,0.12193], "O_F_ext_hat_K": [-3.93286,2.66325,-0.648986,-1.32129,-1.80089,-0.0185544], "K_F_ext_hat_K": [0.528756,0.867153,-4.68508,1.1799,1.06301,0.241926], "O_dP_EE_d": [0,0,0,0,0,0], "O_ddP_O": [0,0,-9.81], "O_T_EE_c": [0.0353886,0.00726496,-0.999338,0,0.397408,0.917397,0.0207423,0,0.916958,-0.397887,0.0295788,0,0.685225,-0.17635,0.796721,1], "O_dP_EE_c": [0,0,0,0,0,0], "O_ddP_EE_c": [0,0,0,0,0,0], "theta": [-1.27508,1.05281,2.06118,-1.43049,-2.24984,2.22613,-1.37655], "dtheta": [0,0,0,0,0,0,0], "current_errors": [], "last_motion_errors": [], "control_command_success_rate": 0, "robot_mode": "User stopped", "time": 8039058}