{"O_T_EE": [-0.0159293,0.0181017,-0.9997,0,0.687148,0.726501,0.00220574,0,0.726336,-0.68692,-0.0240117,0,0.581946,-0.402642,0.799536,1], "O_T_EE_d": [-0.0160272,0.018154,-0.999697,0,0.68731,0.726348,0.00217112,0,0.726181,-0.68708,-0.0241192,0,0.581908,-0.402726,0.799493,1], "F_T_NE": [0.7071,-0.7071,0,0,0.7071,0.7071,0,0,0,0,1,0,0,0,0.1034,1], "NE_T_EE": [1,0,0,0,0,1,0,0,0,0,1,0,0,0,0,1], "F_T_EE": [0.7071,-0.7071,0,0,0.7071,0.7071,0,0,0,0,1,0,0,0,0.1034,1], "EE_T_K": [1,0,0,0,0,1,0,0,0,0,1,0,0,0,0,1], "m_ee": 0.73, "F_x_Cee": [-0.01,0,0.03], "I_ee": [0.001,0,0,0,0.0025,0,0,0,0.0017], "m_load": 0, "F_x_Cload": [0,0,0], "I_load": [0,0,0,0,0,0,0,0,0], "m_total": 0.73, "F_x_Ctotal": [-0.01,0,0.03], "I_total": [0.001,0,0,0,0.0025,0,0,0,0.0017], "elbow": [1.69195,-1], "elbow_d": [1.69193,-1], "elbow_c": [1.69193,-1], "delbow_c": [0,0], "ddelbow_c": [0,0], "tau_J": [0.0011678,-19.4183,15.0443,15.9955,1.29132,-0.445266,0.071614], "tau_J_d": [0,0,0,0,0,0,0], "dtau_J": [9.93107,19.4923,101.795,7.59196,-25.4587,20.697,57.2974], "q": [-1.79852,0.58532,1.69195,-1.35447,-1.72006,2.5694,-1.29331], "dq": [-0.000358152,0.000190327,0.00234136,-0.00288562,0.00649237,-0.000252383,-0.000998231], "q_d": [-1.79862,0.585318,1.69193,-1.35452,-1.72006,2.56925,-1.2933], "dq_d": [0,0,0,0,0,0,0], "ddq_d": [0,0,0,0,0,0,0], "joint_contact": [0,0,0,0,0,0,0], "cartesian_contact": [0,0,0,0,0,0], "joint_collision": [0,0,0,0,0,0,0], "cartesian_collision": [0,0,0,0,0,0], "tau_ext_hat_filtered": [-0.0257937,-0.181789,-0.303928,-0.656705,0.0230399,-1.31329,0.0445906], "O_F_ext_hat_K": [-0.16419,2.14596,-0.42607,-0.888735,0.749036,-0.0596277], "K_F_ext_hat_K": [0.467412,1.44531,-1.58313,1.24301,0.907079,0.0715525], "O_dP_EE_d": [0,0,0,0,0,0], "O_ddP_O": [0,0,-9.81], "O_T_EE_c": [-0.0160272,0.018154,-0.999697,0,0.68731,0.726348,0.00217112,0,0.726181,-0.68708,-0.0241192,0,0.581908,-0.402726,0.799493,1], "O_dP_EE_c": [0,0,0,0,0,0], "O_ddP_EE_c": [0,0,0,0,0,0], "theta": [-1.79852,0.583958,1.69301,-1.35335,-1.71991,2.56935,-1.2933], "dtheta": [0,0,0,-0.0247768,0,0,0], "current_errors": [], "last_motion_errors": ["joint_reflex"], "control_command_success_rate": 0, "robot_mode": "User stopped", "time": 16196785}