{"O_T_EE": [-0.0120879,0.01931,-0.999731,0,0.878193,0.478285,-0.00138022,0,0.478139,-0.87799,-0.0227398,0,0.420794,-0.570247,0.803643,1], "O_T_EE_d": [-0.0120247,0.0191554,-0.999735,0,0.878366,0.477966,-0.00140683,0,0.477822,-0.878167,-0.0225733,0,0.420609,-0.570224,0.803836,1], "F_T_NE": [0.7071,-0.7071,0,0,0.7071,0.7071,0,0,0,0,1,0,0,0,0.1034,1], "NE_T_EE": [1,0,0,0,0,1,0,0,0,0,1,0,0,0,0,1], "F_T_EE": [0.7071,-0.7071,0,0,0.7071,0.7071,0,0,0,0,1,0,0,0,0.1034,1], "EE_T_K": [1,0,0,0,0,1,0,0,0,0,1,0,0,0,0,1], "m_ee": 0.73, "F_x_Cee": [-0.01,0,0.03], "I_ee": [0.001,0,0,0,0.0025,0,0,0,0.0017], "m_load": 0, "F_x_Cload": [0,0,0], "I_load": [0,0,0,0,0,0,0,0,0], "m_total": 0.73, "F_x_Ctotal": [-0.01,0,0.03], "I_total": [0.001,0,0,0,0.0025,0,0,0,0.0017], "elbow": [-1.1407,-1], "elbow_d": [-1.14039,-1], "elbow_c": [-1.14039,-1], "delbow_c": [0,0], "ddelbow_c": [0,0], "tau_J": [-0.784355,27.7091,21.7926,8.86627,0.733769,-0.435195,-0.0400803], "tau_J_d": [0,0,0,0,0,0,0], "dtau_J": [18.0687,25.757,-38.6378,-43.5022,-9.08106,-18.9207,-73.9431], "q": [1.16458,-0.960986,-1.1407,-1.37175,-2.0811,2.27286,-1.4385], "dq": [-0.000338125,-0.000142468,-0.000185751,0.000279333,-0.000406654,0.000275319,0.00119462], "q_d": [1.16428,-0.960799,-1.14039,-1.37172,-2.08112,2.2726,-1.43853], "dq_d": [0,0,0,0,0,0,0], "ddq_d": [0,0,0,0,0,0,0], "joint_contact": [0,0,0,0,0,0,0], "cartesian_contact": [0,0,0,0,0,0], "joint_collision": [0,0,0,0,0,0,0], "cartesian_collision": [0,0,0,0,0,0], "tau_ext_hat_filtered": [-0.787871,0.383078,0.705362,-0.14038,0.19246,-1.46902,0.0254358], "O_F_ext_hat_K": [-3.9111,5.79325,-0.851238,-2.97807,-2.24283,-0.897445], "K_F_ext_hat_K": [1.01017,-0.662717,-6.9371,1.10068,1.30771,0.119212], "O_dP_EE_d": [0,0,0,0,0,0], "O_ddP_O": [0,0,-9.81], "O_T_EE_c": [-0.0120247,0.0191554,-0.999735,0,0.878366,0.477966,-0.00140683,0,0.477822,-0.878167,-0.0225733,0,0.420609,-0.570224,0.803836,1], "O_dP_EE_c": [0,0,0,0,0,0], "O_ddP_EE_c": [0,0,0,0,0,0], "theta": [1.16452,-0.959042,-1.13917,-1.37112,-2.08102,2.27281,-1.4385], "dtheta": [0,0,0,0,0,0,0], "current_errors": [], "last_motion_errors": [], "control_command_success_rate": 0, "robot_mode": "User stopped", "time": 8945601}