{"O_T_EE": [0.00795512,0.00646258,-0.999938,0,0.840661,0.541448,0.0101873,0,0.541491,-0.840706,-0.00112558,0,0.45917,-0.538533,0.804314,1], "O_T_EE_d": [0.00787832,0.00673131,-0.999937,0,0.841055,0.540834,0.0102673,0,0.54088,-0.841099,-0.00140056,0,0.458893,-0.538856,0.804225,1], "F_T_NE": [0.7071,-0.7071,0,0,0.7071,0.7071,0,0,0,0,1,0,0,0,0.1034,1], "NE_T_EE": [1,0,0,0,0,1,0,0,0,0,1,0,0,0,0,1], "F_T_EE": [0.7071,-0.7071,0,0,0.7071,0.7071,0,0,0,0,1,0,0,0,0.1034,1], "EE_T_K": [1,0,0,0,0,1,0,0,0,0,1,0,0,0,0,1], "m_ee": 0.73, "F_x_Cee": [-0.01,0,0.03], "I_ee": [0.001,0,0,0,0.0025,0,0,0,0.0017], "m_load": 0, "F_x_Cload": [0,0,0], "I_load": [0,0,0,0,0,0,0,0,0], "m_total": 0.73, "F_x_Ctotal": [-0.01,0,0.03], "I_total": [0.001,0,0,0,0.0025,0,0,0,0.0017], "elbow": [-1.20419,-1], "elbow_d": [-1.20425,-1], "elbow_c": [-1.20425,-1], "delbow_c": [0,0], "ddelbow_c": [0,0], "tau_J": [-0.482841,25.297,20.0669,10.3976,1.10913,-0.654922,0.0414016], "tau_J_d": [0,0,0,0,0,0,0], "dtau_J": [192.172,-130.073,66.1322,39.5226,-30.0714,-20.2639,-20.5213], "q": [1.18869,-0.886189,-1.20419,-1.37109,-2.02931,2.35536,-1.37318], "dq": [-0.00170153,0.000890761,0.000168986,0.000357977,-0.00837272,3.60606e-05,0.00111962], "q_d": [1.18831,-0.88629,-1.20425,-1.37103,-2.0293,2.35503,-1.3732], "dq_d": [0,0,0,0,0,0,0], "ddq_d": [0,0,0,0,0,0,0], "joint_contact": [0,0,0,0,0,0,0], "cartesian_contact": [0,0,0,0,0,0], "joint_collision": [0,0,0,0,0,0,0], "cartesian_collision": [0,0,0,0,0,0], "tau_ext_hat_filtered": [-0.556122,-0.253645,-0.318615,-0.387037,0.40358,-1.58116,0.0668186], "O_F_ext_hat_K": [-2.53392,3.95826,-1.31453,-1.2226,-0.796455,-0.640339], "K_F_ext_hat_K": [1.31989,-0.000372615,-4.69835,1.10728,1.38777,0.143418], "O_dP_EE_d": [0,0,0,0,0,0], "O_ddP_O": [0,0,-9.81], "O_T_EE_c": [0.00787832,0.00673131,-0.999937,0,0.841055,0.540834,0.0102673,0,0.54088,-0.841099,-0.00140056,0,0.458893,-0.538856,0.804225,1], "O_dP_EE_c": [0,0,0,0,0,0], "O_ddP_EE_c": [0,0,0,0,0,0], "theta": [1.18866,-0.884414,-1.20278,-1.37036,-2.02919,2.35528,-1.37318], "dtheta": [0,0,0,0,-0.0374578,0,0], "current_errors": [], "last_motion_errors": [], "control_command_success_rate": 0, "robot_mode": "User stopped", "time": 8971513}