{"O_T_EE": [-0.00248724,0.00775637,-0.999957,0,0.813994,0.580851,0.0024808,0,0.580857,-0.813969,-0.00775851,0,0.495573,-0.502805,0.804986,1], "O_T_EE_d": [-0.00246677,0.00782564,-0.999957,0,0.814338,0.580368,0.00253308,0,0.580374,-0.814313,-0.0078045,0,0.495377,-0.503015,0.805019,1], "F_T_NE": [0.7071,-0.7071,0,0,0.7071,0.7071,0,0,0,0,1,0,0,0,0.1034,1], "NE_T_EE": [1,0,0,0,0,1,0,0,0,0,1,0,0,0,0,1], "F_T_EE": [0.7071,-0.7071,0,0,0.7071,0.7071,0,0,0,0,1,0,0,0,0.1034,1], "EE_T_K": [1,0,0,0,0,1,0,0,0,0,1,0,0,0,0,1], "m_ee": 0.73, "F_x_Cee": [-0.01,0,0.03], "I_ee": [0.001,0,0,0,0.0025,0,0,0,0.0017], "m_load": 0, "F_x_Cload": [0,0,0], "I_load": [0,0,0,0,0,0,0,0,0], "m_total": 0.73, "F_x_Ctotal": [-0.01,0,0.03], "I_total": [0.001,0,0,0,0.0025,0,0,0,0.0017], "elbow": [-1.38642,-1], "elbow_d": [-1.38646,-1], "elbow_c": [-1.38646,-1], "delbow_c": [0,0], "ddelbow_c": [0,0], "tau_J": [-0.744682,20.8854,16.6947,15.3448,1.32795,-0.725418,0.102742], "tau_J_d": [0,0,0,0,0,0,0], "dtau_J": [43.969,202.426,26.3343,85.757,-5.80434,-56.4622,91.5032], "q": [1.17269,-0.649793,-1.38642,-1.35248,-1.81055,2.51241,-1.29239], "dq": [-0.000136939,-0.00110557,0.000940115,-0.000787733,-0.00214445,0.000820135,-0.00195691], "q_d": [1.17246,-0.649765,-1.38646,-1.35232,-1.81056,2.51213,-1.29239], "dq_d": [0,0,0,0,0,0,0], "ddq_d": [0,0,0,0,0,0,0], "joint_contact": [0,0,0,0,0,0,0], "cartesian_contact": [0,0,0,0,0,0], "joint_collision": [0,0,0,0,0,0,0], "cartesian_collision": [0,0,0,0,0,0], "tau_ext_hat_filtered": [-0.750776,0.331929,0.117761,-0.200457,0.209181,-1.53146,0.0711838], "O_F_ext_hat_K": [-3.76315,4.97157,-0.796664,-2.50654,-1.97858,-0.799297], "K_F_ext_hat_K": [0.844567,-0.177415,-6.22637,1.37327,1.26878,0.112759], "O_dP_EE_d": [0,0,0,0,0,0], "O_ddP_O": [0,0,-9.81], "O_T_EE_c": [-0.00246677,0.00782564,-0.999957,0,0.814338,0.580368,0.00253308,0,0.580374,-0.814313,-0.0078045,0,0.495377,-0.503015,0.805019,1], "O_dP_EE_c": [0,0,0,0,0,0], "O_ddP_EE_c": [0,0,0,0,0,0], "theta": [1.17264,-0.648327,-1.38525,-1.35141,-1.8104,2.51233,-1.29238], "dtheta": [0,0,0,0,0,0,0], "current_errors": [], "last_motion_errors": [], "control_command_success_rate": 0, "robot_mode": "User stopped", "time": 9034061}