{"O_T_EE": [0.00661471,-0.0165635,-0.999831,0,0.989997,0.14096,0.00421447,0,0.140869,-0.989877,0.0173305,0,0.20182,-0.685558,0.804128,1], "O_T_EE_d": [0.00650528,-0.0166459,-0.999831,0,0.990079,0.140384,0.00410462,0,0.140295,-0.989957,0.0173943,0,0.201601,-0.685579,0.804225,1], "F_T_NE": [0.7071,-0.7071,0,0,0.7071,0.7071,0,0,0,0,1,0,0,0,0.1034,1], "NE_T_EE": [1,0,0,0,0,1,0,0,0,0,1,0,0,0,0,1], "F_T_EE": [0.7071,-0.7071,0,0,0.7071,0.7071,0,0,0,0,1,0,0,0,0.1034,1], "EE_T_K": [1,0,0,0,0,1,0,0,0,0,1,0,0,0,0,1], "m_ee": 0.73, "F_x_Cee": [-0.01,0,0.03], "I_ee": [0.001,0,0,0,0.0025,0,0,0,0.0017], "m_load": 0, "F_x_Cload": [0,0,0], "I_load": [0,0,0,0,0,0,0,0,0], "m_total": 0.73, "F_x_Ctotal": [-0.01,0,0.03], "I_total": [0.001,0,0,0,0.0025,0,0,0,0.0017], "elbow": [-1.32696,-1], "elbow_d": [-1.32693,-1], "elbow_c": [-1.32693,-1], "delbow_c": [0,0], "ddelbow_c": [0,0], "tau_J": [-0.336051,24.5036,19.1702,12.8534,1.10913,-0.654922,0.0111892], "tau_J_d": [0,0,0,0,0,0,0], "dtau_J": [-8.48444,82.3255,-5.60949,-139.908,11.5706,-11.0283,-36.8992], "q": [0.75203,-0.769234,-1.32696,-1.33262,-1.95212,2.4586,-1.31164], "dq": [-0.00092588,-0.000989747,0.000630512,0.00141303,-0.000434563,-5.42059e-05,0.000992399], "q_d": [0.751724,-0.769011,-1.32693,-1.33251,-1.95213,2.45834,-1.31164], "dq_d": [0,0,0,0,0,0,0], "ddq_d": [0,0,0,0,0,0,0], "joint_contact": [0,0,0,0,0,0,0], "cartesian_contact": [0,0,0,0,0,0], "joint_collision": [0,0,0,0,0,0,0], "cartesian_collision": [0,0,0,0,0,0], "tau_ext_hat_filtered": [-0.342782,0.41899,0.439536,-0.322668,0.122108,-1.44379,0.0308478], "O_F_ext_hat_K": [-0.357515,5.66811,-0.662925,-2.89251,-0.131556,-0.426078], "K_F_ext_hat_K": [0.566575,0.44225,-5.67258,1.33235,1.19627,0.125701], "O_dP_EE_d": [0,0,0,0,0,0], "O_ddP_O": [0,0,-9.81], "O_T_EE_c": [0.00650528,-0.0166459,-0.999831,0,0.990079,0.140384,0.00410462,0,0.140295,-0.989957,0.0173943,0,0.201601,-0.685579,0.804225,1], "O_dP_EE_c": [0,0,0,0,0,0], "O_ddP_EE_c": [0,0,0,0,0,0], "theta": [0.752005,-0.767515,-1.32562,-1.33172,-1.952,2.45853,-1.31164], "dtheta": [0,0,0,0,0,0,0], "current_errors": [], "last_motion_errors": [], "control_command_success_rate": 0, "robot_mode": "User stopped", "time": 9251397}