{"O_T_EE": [0.0192152,-0.0390242,-0.999044,0,0.959992,0.279893,0.00753108,0,0.279337,-0.959237,0.042842,0,0.294565,-0.647346,0.804392,1], "O_T_EE_d": [0.019158,-0.0391436,-0.99904,0,0.960147,0.279363,0.00746644,0,0.278808,-0.959387,0.0429364,0,0.294324,-0.647395,0.804501,1], "F_T_NE": [0.7071,-0.7071,0,0,0.7071,0.7071,0,0,0,0,1,0,0,0,0.1034,1], "NE_T_EE": [1,0,0,0,0,1,0,0,0,0,1,0,0,0,0,1], "F_T_EE": [0.7071,-0.7071,0,0,0.7071,0.7071,0,0,0,0,1,0,0,0,0.1034,1], "EE_T_K": [1,0,0,0,0,1,0,0,0,0,1,0,0,0,0,1], "m_ee": 0.73, "F_x_Cee": [-0.01,0,0.03], "I_ee": [0.001,0,0,0,0.0025,0,0,0,0.0017], "m_load": 0, "F_x_Cload": [0,0,0], "I_load": [0,0,0,0,0,0,0,0,0], "m_total": 0.73, "F_x_Ctotal": [-0.01,0,0.03], "I_total": [0.001,0,0,0,0.0025,0,0,0,0.0017], "elbow": [-1.37157,-1], "elbow_d": [-1.37145,-1], "elbow_c": [-1.37145,-1], "delbow_c": [0,0], "ddelbow_c": [0,0], "tau_J": [-0.597892,23.2975,18.7934,14.1943,1.27393,-0.55513,-0.0400803], "tau_J_d": [0,0,0,0,0,0,0], "dtau_J": [-75.7946,-109.065,-25.5172,-49.1544,-10.654,27.9838,-43.3703], "q": [0.853041,-0.707806,-1.37157,-1.34546,-1.93465,2.52484,-1.24501], "dq": [0.00141764,0.00151322,-0.000611774,0.000958851,2.85018e-05,-0.000702694,0.00110398], "q_d": [0.852639,-0.707643,-1.37145,-1.34539,-1.93466,2.52462,-1.24502], "dq_d": [0,0,0,0,0,0,0], "ddq_d": [0,0,0,0,0,0,0], "joint_contact": [0,0,0,0,0,0,0], "cartesian_contact": [0,0,0,0,0,0], "joint_collision": [0,0,0,0,0,0,0], "cartesian_collision": [0,0,0,0,0,0], "tau_ext_hat_filtered": [-0.46407,0.975897,1.02494,-0.436113,0.145499,-1.20239,-0.00270632], "O_F_ext_hat_K": [-2.75373,8.96409,-1.47755,-5.127,-1.5864,-0.518294], "K_F_ext_hat_K": [1.07343,-0.145705,-9.4312,1.38899,1.12572,0.0703407], "O_dP_EE_d": [0,0,0,0,0,0], "O_ddP_O": [0,0,-9.81], "O_T_EE_c": [0.019158,-0.0391436,-0.99904,0,0.960147,0.279363,0.00746644,0,0.278808,-0.959387,0.0429364,0,0.294324,-0.647395,0.804501,1], "O_dP_EE_c": [0,0,0,0,0,0], "O_ddP_EE_c": [0,0,0,0,0,0], "theta": [0.852999,-0.706171,-1.37025,-1.34447,-1.93451,2.52478,-1.24501], "dtheta": [0,0,0,0,0,0,0], "current_errors": [], "last_motion_errors": [], "control_command_success_rate": 0, "robot_mode": "User stopped", "time": 9301521}