{"O_T_EE": [0.0125035,-0.058026,-0.998227,0,0.996079,0.0880545,0.00735803,0,0.0874731,-0.994424,0.0589006,0,0.154724,-0.698376,0.804972,1], "O_T_EE_d": [0.0124468,-0.0580271,-0.998228,0,0.996126,0.0875236,0.00733286,0,0.0869446,-0.994471,0.0588928,0,0.154489,-0.698414,0.805017,1], "F_T_NE": [0.7071,-0.7071,0,0,0.7071,0.7071,0,0,0,0,1,0,0,0,0.1034,1], "NE_T_EE": [1,0,0,0,0,1,0,0,0,0,1,0,0,0,0,1], "F_T_EE": [0.7071,-0.7071,0,0,0.7071,0.7071,0,0,0,0,1,0,0,0,0.1034,1], "EE_T_K": [1,0,0,0,0,1,0,0,0,0,1,0,0,0,0,1], "m_ee": 0.73, "F_x_Cee": [-0.01,0,0.03], "I_ee": [0.001,0,0,0,0.0025,0,0,0,0.0017], "m_load": 0, "F_x_Cload": [0,0,0], "I_load": [0,0,0,0,0,0,0,0,0], "m_total": 0.73, "F_x_Ctotal": [-0.01,0,0.03], "I_total": [0.001,0,0,0,0.0025,0,0,0,0.0017], "elbow": [-1.4562,-1], "elbow_d": [-1.45615,-1], "elbow_c": [-1.45615,-1], "delbow_c": [0,0], "ddelbow_c": [0,0], "tau_J": [-0.669303,22.504,16.7304,15.3448,1.61176,-0.865493,0.0111892], "tau_J_d": [0,0,0,0,0,0,0], "dtau_J": [50.8402,-232.966,91.0519,-31.9042,1.41687,37.8597,22.943], "q": [0.651516,-0.64673,-1.4562,-1.31833,-1.88723,2.60704,-1.21535], "dq": [-0.000476829,0.0015706,-0.00101558,0.000565814,-0.00973597,-0.000741757,-0.00175688], "q_d": [0.651209,-0.646649,-1.45615,-1.31827,-1.88723,2.60679,-1.21536], "dq_d": [0,0,0,0,0,0,0], "ddq_d": [0,0,0,0,0,0,0], "joint_contact": [0,0,0,0,0,0,0], "cartesian_contact": [0,0,0,0,0,0], "joint_collision": [0,0,0,0,0,0,0], "cartesian_collision": [0,0,0,0,0,0], "tau_ext_hat_filtered": [-0.647652,0.47291,0.19858,-0.233593,0.282301,-1.44957,0.00509683], "O_F_ext_hat_K": [-0.306961,6.21197,-0.438489,-3.21575,-0.191305,-0.671024], "K_F_ext_hat_K": [0.0734195,0.238013,-6.23001,1.43448,1.46113,0.0578066], "O_dP_EE_d": [0,0,0,0,0,0], "O_ddP_O": [0,0,-9.81], "O_T_EE_c": [0.0124468,-0.0580271,-0.998228,0,0.996126,0.0875236,0.00733286,0,0.0869446,-0.994471,0.0588928,0,0.154489,-0.698414,0.805017,1], "O_dP_EE_c": [0,0,0,0,0,0], "O_ddP_EE_c": [0,0,0,0,0,0], "theta": [0.651469,-0.645151,-1.45503,-1.31725,-1.88705,2.60695,-1.21535], "dtheta": [0,0,0,0,-0.0380006,0,0], "current_errors": [], "last_motion_errors": [], "control_command_success_rate": 0, "robot_mode": "User stopped", "time": 9343547}