{"O_T_EE": [0.0246462,-0.0305602,-0.999219,0,0.998159,-0.0544859,0.0262864,0,-0.0552477,-0.998047,0.0291616,0,0.0559176,-0.716551,0.804822,1], "O_T_EE_d": [0.0246141,-0.0305766,-0.99922,0,0.99814,-0.0548389,0.0262656,0,-0.0556003,-0.998027,0.0291705,0,0.0558187,-0.716528,0.804885,1], "F_T_NE": [0.7071,-0.7071,0,0,0.7071,0.7071,0,0,0,0,1,0,0,0,0.1034,1], "NE_T_EE": [1,0,0,0,0,1,0,0,0,0,1,0,0,0,0,1], "F_T_EE": [0.7071,-0.7071,0,0,0.7071,0.7071,0,0,0,0,1,0,0,0,0.1034,1], "EE_T_K": [1,0,0,0,0,1,0,0,0,0,1,0,0,0,0,1], "m_ee": 0.73, "F_x_Cee": [-0.01,0,0.03], "I_ee": [0.001,0,0,0,0.0025,0,0,0,0.0017], "m_load": 0, "F_x_Cload": [0,0,0], "I_load": [0,0,0,0,0,0,0,0,0], "m_total": 0.73, "F_x_Ctotal": [-0.01,0,0.03], "I_total": [0.001,0,0,0,0.0025,0,0,0,0.0017], "elbow": [-1.46275,-1], "elbow_d": [-1.46267,-1], "elbow_c": [-1.46267,-1], "delbow_c": [0,0], "ddelbow_c": [0,0], "tau_J": [-0.0345378,23.4086,17.0319,14.8846,1.52936,-0.595413,0.194295], "tau_J_d": [0,0,0,0,0,0,0], "dtau_J": [46.8435,149.89,11.7689,-46.7759,-3.20956,-10.2771,88.1887], "q": [0.535359,-0.652118,-1.46275,-1.30023,-1.83692,2.58244,-1.25171], "dq": [-4.48584e-05,-0.000675913,-2.76219e-05,-0.000206921,0.00268916,-4.06404e-05,-0.00266669], "q_d": [0.53521,-0.652004,-1.46267,-1.30019,-1.83693,2.58217,-1.25169], "dq_d": [0,0,0,0,0,0,0], "ddq_d": [0,0,0,0,0,0,0], "joint_contact": [0,0,0,0,0,0,0], "cartesian_contact": [0,0,0,0,0,0], "joint_collision": [0,0,0,0,0,0,0], "cartesian_collision": [0,0,0,0,0,0], "tau_ext_hat_filtered": [-0.0303309,0.584206,0.484407,-0.529406,0.255449,-1.31387,0.137506], "O_F_ext_hat_K": [1.38403,5.36537,-0.557986,-2.65609,0.844189,-0.0580492], "K_F_ext_hat_K": [0.427703,1.0745,-5.44763,1.38906,1.24079,0.191223], "O_dP_EE_d": [0,0,0,0,0,0], "O_ddP_O": [0,0,-9.81], "O_T_EE_c": [0.0246141,-0.0305766,-0.99922,0,0.99814,-0.0548389,0.0262656,0,-0.0556003,-0.998027,0.0291705,0,0.0558187,-0.716528,0.804885,1], "O_dP_EE_c": [0,0,0,0,0,0], "O_ddP_EE_c": [0,0,0,0,0,0], "theta": [0.535356,-0.650475,-1.46156,-1.29919,-1.83676,2.58238,-1.25169], "dtheta": [0,0,0,0,0,0,0], "current_errors": [], "last_motion_errors": [], "control_command_success_rate": 0, "robot_mode": "User stopped", "time": 9672552}