{"O_T_EE": [-0.00606375,-0.0122968,-0.999896,0,0.776521,-0.630069,0.00303952,0,-0.630053,-0.776437,0.0133696,0,-0.376825,-0.627022,0.803659,1], "O_T_EE_d": [-0.0062267,-0.0123364,-0.999895,0,0.776518,-0.630073,0.00293797,0,-0.630055,-0.776433,0.0135029,0,-0.376702,-0.626981,0.803783,1], "F_T_NE": [0.7071,-0.7071,0,0,0.7071,0.7071,0,0,0,0,1,0,0,0,0.1034,1], "NE_T_EE": [1,0,0,0,0,1,0,0,0,0,1,0,0,0,0,1], "F_T_EE": [0.7071,-0.7071,0,0,0.7071,0.7071,0,0,0,0,1,0,0,0,0.1034,1], "EE_T_K": [1,0,0,0,0,1,0,0,0,0,1,0,0,0,0,1], "m_ee": 0.73, "F_x_Cee": [-0.01,0,0.03], "I_ee": [0.001,0,0,0,0.0025,0,0,0,0.0017], "m_load": 0, "F_x_Cload": [0,0,0], "I_load": [0,0,0,0,0,0,0,0,0], "m_total": 0.73, "F_x_Ctotal": [-0.01,0,0.03], "I_total": [0.001,0,0,0,0.0025,0,0,0,0.0017], "elbow": [-1.25667,-1], "elbow_d": [-1.25648,-1], "elbow_c": [-1.25648,-1], "delbow_c": [0,0], "ddelbow_c": [0,0], "tau_J": [0.0011678,29.8951,21.38,8.86627,1.07251,-0.17427,0.0414016], "tau_J_d": [0,0,0,0,0,0,0], "dtau_J": [-112.57,211.011,-64.711,101.636,-47.2806,19.8201,10.3224], "q": [0.0493912,-0.90808,-1.25667,-1.26867,-2.0744,2.37012,-1.40408], "dq": [0.000723502,-0.00199323,-0.000603333,0.000659631,0.00355746,-0.000241195,0.000427476], "q_d": [0.0493192,-0.907905,-1.25648,-1.26875,-2.0744,2.36998,-1.4041], "dq_d": [0,0,0,0,0,0,0], "ddq_d": [0,0,0,0,0,0,0], "joint_contact": [0,0,0,0,0,0,0], "cartesian_contact": [0,0,0,0,0,0], "joint_collision": [0,0,0,0,0,0,0], "cartesian_collision": [0,0,0,0,0,0], "tau_ext_hat_filtered": [0.025526,0.8249,0.961085,-0.783267,0.327704,-1.11318,0.0535203], "O_F_ext_hat_K": [5.05749,5.95141,-1.32493,-3.05366,2.64286,-0.0437363], "K_F_ext_hat_K": [1.22096,0.17342,-7.8251,0.978052,1.27581,0.137071], "O_dP_EE_d": [0,0,0,0,0,0], "O_ddP_O": [0,0,-9.81], "O_T_EE_c": [-0.0062267,-0.0123364,-0.999895,0,0.776518,-0.630073,0.00293797,0,-0.630055,-0.776433,0.0135029,0,-0.376702,-0.626981,0.803783,1], "O_dP_EE_c": [0,0,0,0,0,0], "O_ddP_EE_c": [0,0,0,0,0,0], "theta": [0.049391,-0.905982,-1.25517,-1.26804,-2.07428,2.3701,-1.40408], "dtheta": [0,0,0,0,0,0,0], "current_errors": [], "last_motion_errors": [], "control_command_success_rate": 0, "robot_mode": "User stopped", "time": 10487593}