{"O_T_EE": [-0.0109895,-0.0163077,-0.999797,0,-0.946623,-0.321933,0.0156561,0,-0.322129,0.946621,-0.0118996,0,-0.329808,0.572423,0.895543,1], "O_T_EE_d": [-0.0112171,-0.0160488,-0.999799,0,-0.946774,-0.321483,0.0157826,0,-0.321678,0.946778,-0.0115887,0,-0.329424,0.572332,0.895851,1], "F_T_NE": [0.7071,-0.7071,0,0,0.7071,0.7071,0,0,0,0,1,0,0,0,0.1034,1], "NE_T_EE": [1,0,0,0,0,1,0,0,0,0,1,0,0,0,0,1], "F_T_EE": [0.7071,-0.7071,0,0,0.7071,0.7071,0,0,0,0,1,0,0,0,0.1034,1], "EE_T_K": [1,0,0,0,0,1,0,0,0,0,1,0,0,0,0,1], "m_ee": 0.73, "F_x_Cee": [-0.01,0,0.03], "I_ee": [0.001,0,0,0,0.0025,0,0,0,0.0017], "m_load": 0, "F_x_Cload": [0,0,0], "I_load": [0,0,0,0,0,0,0,0,0], "m_total": 0.73, "F_x_Ctotal": [-0.01,0,0.03], "I_total": [0.001,0,0,0,0.0025,0,0,0,0.0017], "elbow": [-0.151523,-1], "elbow_d": [-0.151708,-1], "elbow_c": [-0.151708,-1], "delbow_c": [0,0], "ddelbow_c": [0,0], "tau_J": [-1.34374,-30.3878,-1.26921,19.3677,1.55683,-0.0543361,0.071614], "tau_J_d": [0,0,0,0,0,0,0], "dtau_J": [-165.752,84.0293,120.579,-38.7508,11.325,10.5942,29.0999], "q": [2.22616,0.0376345,-0.151523,-1.27444,-0.583949,2.81867,-1.77285], "dq": [0.00110528,-0.000781517,-0.00132352,0.000509481,-5.80498e-05,0.00016608,-0.0018452], "q_d": [2.22601,0.037153,-0.151708,-1.27437,-0.583965,2.81842,-1.77287], "dq_d": [0,0,0,0,0,0,0], "ddq_d": [0,0,0,0,0,0,0], "joint_contact": [0,0,0,0,0,0,0], "cartesian_contact": [0,0,0,0,0,0], "joint_collision": [0,0,0,0,0,0,0], "cartesian_collision": [0,0,0,0,0,0], "tau_ext_hat_filtered": [-1.28529,-2.52115,-1.25721,-0.102912,0.0388052,-1.46245,0.0484983], "O_F_ext_hat_K": [4.76837,-7.25189,-1.65219,4.25894,3.32547,-1.27698], "K_F_ext_hat_K": [1.71775,-2.20513,-8.38116,0.959689,1.33477,0.048069], "O_dP_EE_d": [0,0,0,0,0,0], "O_ddP_O": [0,0,-9.81], "O_T_EE_c": [-0.0112171,-0.0160488,-0.999799,0,-0.946774,-0.321483,0.0157826,0,-0.321678,0.946778,-0.0115887,0,-0.329424,0.572332,0.895851,1], "O_dP_EE_c": [0,0,0,0,0,0], "O_ddP_EE_c": [0,0,0,0,0,0], "theta": [2.22607,0.0355021,-0.151612,-1.27308,-0.583776,2.81867,-1.77285], "dtheta": [0,0,0,0,0,0,0], "current_errors": [], "last_motion_errors": [], "control_command_success_rate": 0, "robot_mode": "User stopped", "time": 3446955}