{"O_T_EE": [-0.00859168,-0.031344,-0.999462,0,-0.999632,-0.0250789,0.00937964,0,-0.0253599,0.999194,-0.0311176,0,-0.140102,0.638599,0.896147,1], "O_T_EE_d": [-0.00863493,-0.0313383,-0.999462,0,-0.999635,-0.0249439,0.00941855,0,-0.0252262,0.999198,-0.031112,0,-0.140041,0.638496,0.896244,1], "F_T_NE": [0.7071,-0.7071,0,0,0.7071,0.7071,0,0,0,0,1,0,0,0,0.1034,1], "NE_T_EE": [1,0,0,0,0,1,0,0,0,0,1,0,0,0,0,1], "F_T_EE": [0.7071,-0.7071,0,0,0.7071,0.7071,0,0,0,0,1,0,0,0,0.1034,1], "EE_T_K": [1,0,0,0,0,1,0,0,0,0,1,0,0,0,0,1], "m_ee": 0.73, "F_x_Cee": [-0.01,0,0.03], "I_ee": [0.001,0,0,0,0.0025,0,0,0,0.0017], "m_load": 0, "F_x_Cload": [0,0,0], "I_load": [0,0,0,0,0,0,0,0,0], "m_total": 0.73, "F_x_Ctotal": [-0.01,0,0.03], "I_total": [0.001,0,0,0,0.0025,0,0,0,0.0017], "elbow": [-0.0186747,-1], "elbow_d": [-0.0186718,-1], "elbow_c": [-0.0186718,-1], "delbow_c": [0,0], "ddelbow_c": [0,0], "tau_J": [-0.371757,-28.1661,-0.253582,19.0622,1.5019,0.146164,0.122884], "tau_J_d": [0,0,0,0,0,0,0], "dtau_J": [-60.1553,-68.6148,47.0154,79.0839,14.4951,-33.1936,-12.176], "q": [1.79558,0.0145584,-0.0186747,-1.29322,-0.561292,2.79731,-1.80644], "dq": [-5.45435e-05,-0.000253722,-0.000200136,-0.000805396,0.00679353,0.000626777,-0.000369318], "q_d": [1.79556,0.0143208,-0.0186718,-1.29324,-0.561298,2.79707,-1.80643], "dq_d": [0,0,0,0,0,0,0], "ddq_d": [0,0,0,0,0,0,0], "joint_contact": [0,0,0,0,0,0,0], "cartesian_contact": [0,0,0,0,0,0], "joint_collision": [0,0,0,0,0,0,0], "cartesian_collision": [0,0,0,0,0,0], "tau_ext_hat_filtered": [-0.331908,-0.855628,-0.2791,-0.436033,0.0282999,-1.31916,0.124053], "O_F_ext_hat_K": [-0.203791,-4.37872,-0.441444,2.3628,-0.185921,-0.303441], "K_F_ext_hat_K": [0.580215,0.309395,-4.35629,1.05565,1.26746,0.123529], "O_dP_EE_d": [0,0,0,0,0,0], "O_ddP_O": [0,0,-9.81], "O_T_EE_c": [-0.00863493,-0.0313383,-0.999462,0,-0.999635,-0.0249439,0.00941855,0,-0.0252262,0.999198,-0.031112,0,-0.140041,0.638496,0.896244,1], "O_dP_EE_c": [0,0,0,0,0,0], "O_ddP_EE_c": [0,0,0,0,0,0], "theta": [1.79555,0.0125818,-0.0186922,-1.29188,-0.561125,2.79732,-1.80643], "dtheta": [0,0,0,0,0,0,0], "current_errors": [], "last_motion_errors": [], "control_command_success_rate": 0, "robot_mode": "User stopped", "time": 1143094}