{"O_T_EE": [-0.00362242,0.00504875,-0.999971,0,-0.966519,-0.256548,0.00220595,0,-0.256535,0.966518,0.00580915,0,-0.285076,0.593655,0.896297,1], "O_T_EE_d": [-0.00357672,0.00486202,-0.999972,0,-0.966594,-0.256264,0.00221134,0,-0.256251,0.966594,0.0056163,0,-0.284947,0.593734,0.896244,1], "F_T_NE": [0.7071,-0.7071,0,0,0.7071,0.7071,0,0,0,0,1,0,0,0,0.1034,1], "NE_T_EE": [1,0,0,0,0,1,0,0,0,0,1,0,0,0,0,1], "F_T_EE": [0.7071,-0.7071,0,0,0.7071,0.7071,0,0,0,0,1,0,0,0,0.1034,1], "EE_T_K": [1,0,0,0,0,1,0,0,0,0,1,0,0,0,0,1], "m_ee": 0.73, "F_x_Cee": [-0.01,0,0.03], "I_ee": [0.001,0,0,0,0.0025,0,0,0,0.0017], "m_load": 0, "F_x_Cload": [0,0,0], "I_load": [0,0,0,0,0,0,0,0,0], "m_total": 0.73, "F_x_Ctotal": [-0.01,0,0.03], "I_total": [0.001,0,0,0,0.0025,0,0,0,0.0017], "elbow": [-0.245366,-1], "elbow_d": [-0.245468,-1], "elbow_c": [-0.245468,-1], "delbow_c": [0,0], "ddelbow_c": [0,0], "tau_J": [-0.522514,-28.5787,-0.590802,19.0225,1.63923,0.0454564,0.0926712], "tau_J_d": [0,0,0,0,0,0,0], "dtau_J": [56.18,-10.5011,70.7737,-94.3568,-17.9907,-21.8981,60.4163], "q": [2.23761,0.0301732,-0.245366,-1.29141,-0.592547,2.84834,-1.77501], "dq": [1.64655e-05,-0.000995877,-0.00020398,0.000217028,0.000320701,0.000352039,-0.000551244], "q_d": [2.23752,0.0301507,-0.245468,-1.29147,-0.592556,2.84815,-1.77499], "dq_d": [0,0,0,0,0,0,0], "ddq_d": [0,0,0,0,0,0,0], "joint_contact": [0,0,0,0,0,0,0], "cartesian_contact": [0,0,0,0,0,0], "joint_collision": [0,0,0,0,0,0,0], "cartesian_collision": [0,0,0,0,0,0], "tau_ext_hat_filtered": [-0.552514,-1.14939,-0.51245,-0.50161,0.0861782,-1.30871,0.0951127], "O_F_ext_hat_K": [2.00308,-5.25897,-1.13888,2.76613,1.23573,-0.530314], "K_F_ext_hat_K": [1.10506,-0.589358,-5.60336,0.843781,1.28715,0.0941763], "O_dP_EE_d": [0,0,0,0,0,0], "O_ddP_O": [0,0,-9.81], "O_T_EE_c": [-0.00357672,0.00486202,-0.999972,0,-0.966594,-0.256264,0.00221134,0,-0.256251,0.966594,0.0056163,0,-0.284947,0.593734,0.896244,1], "O_dP_EE_c": [0,0,0,0,0,0], "O_ddP_EE_c": [0,0,0,0,0,0], "theta": [2.23757,0.0281677,-0.245408,-1.29007,-0.592366,2.84834,-1.775], "dtheta": [0,0,0,0,0,0,0], "current_errors": [], "last_motion_errors": [], "control_command_success_rate": 0, "robot_mode": "User stopped", "time": 3487695}