{"O_T_EE": [-0.0235856,-0.0212411,-0.999487,0,-0.994614,-0.100336,0.025603,0,-0.10083,0.994727,-0.0187606,0,-0.189102,0.627834,0.896383,1], "O_T_EE_d": [-0.0236461,-0.0211552,-0.999487,0,-0.994689,-0.0995833,0.0256404,0,-0.100077,0.994804,-0.0186885,0,-0.188638,0.627877,0.89649,1], "F_T_NE": [0.7071,-0.7071,0,0,0.7071,0.7071,0,0,0,0,1,0,0,0,0.1034,1], "NE_T_EE": [1,0,0,0,0,1,0,0,0,0,1,0,0,0,0,1], "F_T_EE": [0.7071,-0.7071,0,0,0.7071,0.7071,0,0,0,0,1,0,0,0,0.1034,1], "EE_T_K": [1,0,0,0,0,1,0,0,0,0,1,0,0,0,0,1], "m_ee": 0.73, "F_x_Cee": [-0.01,0,0.03], "I_ee": [0.001,0,0,0,0.0025,0,0,0,0.0017], "m_load": 0, "F_x_Cload": [0,0,0], "I_load": [0,0,0,0,0,0,0,0,0], "m_total": 0.73, "F_x_Ctotal": [-0.01,0,0.03], "I_total": [0.001,0,0,0,0.0025,0,0,0,0.0017], "elbow": [-0.020473,-1], "elbow_d": [-0.0208165,-1], "elbow_c": [-0.0208165,-1], "delbow_c": [0,0], "ddelbow_c": [0,0], "tau_J": [-1.5302,-29.4833,-1.49138,19.5978,1.80402,0.0756688,0.112813], "tau_J_d": [0,0,0,0,0,0,0], "dtau_J": [97.6855,-68.1009,-69.5518,53.6736,45.4587,29.971,-40.3878], "q": [1.87091,0.0209785,-0.020473,-1.28965,-0.579691,2.81133,-1.77224], "dq": [-0.000738737,0.000951454,-0.00050948,-0.000644409,-0.000656774,-0.000300491,0.000435851], "q_d": [1.87058,0.0208249,-0.0208165,-1.28958,-0.579689,2.81116,-1.77224], "dq_d": [0,0,0,0,0,0,0], "ddq_d": [0,0,0,0,0,0,0], "joint_contact": [0,0,0,0,0,0,0], "cartesian_contact": [0,0,0,0,0,0], "joint_collision": [0,0,0,0,0,0,0], "cartesian_collision": [0,0,0,0,0,0], "tau_ext_hat_filtered": [-1.5385,-1.95421,-1.46751,0.0771651,0.285848,-1.3677,0.144823], "O_F_ext_hat_K": [3.1317,-5.17644,0.174809,3.21925,2.82011,-1.51713], "K_F_ext_hat_K": [-0.138631,-2.59102,-5.46819,0.566072,1.51071,0.144225], "O_dP_EE_d": [0,0,0,0,0,0], "O_ddP_O": [0,0,-9.81], "O_T_EE_c": [-0.0236461,-0.0211552,-0.999487,0,-0.994689,-0.0995833,0.0256404,0,-0.100077,0.994804,-0.0186885,0,-0.188638,0.627877,0.89649,1], "O_dP_EE_c": [0,0,0,0,0,0], "O_ddP_EE_c": [0,0,0,0,0,0], "theta": [1.8708,0.0189095,-0.0205777,-1.28827,-0.57949,2.81134,-1.77223], "dtheta": [0,0,0,0,0,0,0], "current_errors": [], "last_motion_errors": ["joint_reflex"], "control_command_success_rate": 0, "robot_mode": "User stopped", "time": 888518}