{"O_T_EE": [0.00649761,-0.0114774,-0.999903,0,-0.998314,0.0574292,-0.00714649,0,0.0575068,0.998284,-0.0110851,0,-0.0917108,0.64559,0.89667,1], "O_T_EE_d": [0.00650086,-0.0116008,-0.999902,0,-0.998306,0.0575775,-0.00715849,0,0.057656,0.998274,-0.0112071,0,-0.0916488,0.645587,0.896656,1], "F_T_NE": [0.7071,-0.7071,0,0,0.7071,0.7071,0,0,0,0,1,0,0,0,0.1034,1], "NE_T_EE": [1,0,0,0,0,1,0,0,0,0,1,0,0,0,0,1], "F_T_EE": [0.7071,-0.7071,0,0,0.7071,0.7071,0,0,0,0,1,0,0,0,0.1034,1], "EE_T_K": [1,0,0,0,0,1,0,0,0,0,1,0,0,0,0,1], "m_ee": 0.73, "F_x_Cee": [-0.01,0,0.03], "I_ee": [0.001,0,0,0,0.0025,0,0,0,0.0017], "m_load": 0, "F_x_Cload": [0,0,0], "I_load": [0,0,0,0,0,0,0,0,0], "m_total": 0.73, "F_x_Ctotal": [-0.01,0,0.03], "I_total": [0.001,0,0,0,0.0025,0,0,0,0.0017], "elbow": [-0.167999,-1], "elbow_d": [-0.168029,-1], "elbow_c": [-0.168029,-1], "delbow_c": [0,0], "ddelbow_c": [0,0], "tau_J": [0.151925,-27.5631,0.305805,18.8718,1.53852,0.215744,0.0926712], "tau_J_d": [0,0,0,0,0,0,0], "dtau_J": [-8.43101,-21.0458,75.3169,-245.219,-1.38067,-1.43015,-64.2855], "q": [1.86426,0.00817811,-0.167999,-1.30561,-0.60885,2.8178,-1.77585], "dq": [0.000787044,0.000812266,0.00538869,0.00149495,0.000382207,-0.000186056,0.000951396], "q_d": [1.86424,0.00812414,-0.168029,-1.30565,-0.608861,2.81763,-1.77586], "dq_d": [0,0,0,0,0,0,0], "ddq_d": [0,0,0,0,0,0,0], "joint_contact": [0,0,0,0,0,0,0], "cartesian_contact": [0,0,0,0,0,0], "joint_collision": [0,0,0,0,0,0,0], "cartesian_collision": [0,0,0,0,0,0], "tau_ext_hat_filtered": [0.19709,-0.491329,0.310928,-0.66213,-0.000944504,-1.18068,0.131777], "O_F_ext_hat_K": [-1.40762,-4.68493,-1.30038,2.29446,-1.20059,0.257637], "K_F_ext_hat_K": [1.3449,1.14551,-4.74342,1.07166,1.08311,0.13116], "O_dP_EE_d": [0,0,0,0,0,0], "O_ddP_O": [0,0,-9.81], "O_T_EE_c": [0.00650086,-0.0116008,-0.999902,0,-0.998306,0.0575775,-0.00715849,0,0.057656,0.998274,-0.0112071,0,-0.0916488,0.645587,0.896656,1], "O_dP_EE_c": [0,0,0,0,0,0], "O_ddP_EE_c": [0,0,0,0,0,0], "theta": [1.86427,0.00624458,-0.167977,-1.30429,-0.608679,2.81782,-1.77584], "dtheta": [0,0,0.0247968,0,0,0,0], "current_errors": [], "last_motion_errors": [], "control_command_success_rate": 0, "robot_mode": "User stopped", "time": 1194532}