{"O_T_EE": [-0.000219128,-0.0123592,-0.999914,0,-0.991156,0.132622,-0.00142203,0,0.132631,0.991089,-0.0122792,0,-0.0417796,0.647371,0.897336,1], "O_T_EE_d": [-0.000264141,-0.0124013,-0.999913,0,-0.991147,0.132689,-0.00138383,0,0.132697,0.99108,-0.0123268,0,-0.041763,0.64733,0.897373,1], "F_T_NE": [0.7071,-0.7071,0,0,0.7071,0.7071,0,0,0,0,1,0,0,0,0.1034,1], "NE_T_EE": [1,0,0,0,0,1,0,0,0,0,1,0,0,0,0,1], "F_T_EE": [0.7071,-0.7071,0,0,0.7071,0.7071,0,0,0,0,1,0,0,0,0.1034,1], "EE_T_K": [1,0,0,0,0,1,0,0,0,0,1,0,0,0,0,1], "m_ee": 0.73, "F_x_Cee": [-0.01,0,0.03], "I_ee": [0.001,0,0,0,0.0025,0,0,0,0.0017], "m_load": 0, "F_x_Cload": [0,0,0], "I_load": [0,0,0,0,0,0,0,0,0], "m_total": 0.73, "F_x_Ctotal": [-0.01,0,0.03], "I_total": [0.001,0,0,0,0.0025,0,0,0,0.0017], "elbow": [-0.242191,-1], "elbow_d": [-0.242174,-1], "elbow_c": [-0.242174,-1], "delbow_c": [0,0], "ddelbow_c": [0,0], "tau_J": [0.413765,-27.1465,0.456562,19.0225,1.48359,0.276169,0.071614], "tau_J_d": [0,0,0,0,0,0,0], "dtau_J": [-54.4636,10.1027,0.846,-9.08661,0.824337,18.8381,-77.4253], "q": [1.86368,-0.0028948,-0.242191,-1.31663,-0.609606,2.81682,-1.7714], "dq": [-0.000596091,-0.000993411,-6.76321e-05,0.000167956,0.00135414,-0.000184703,0.00126976], "q_d": [1.8637,-0.00298052,-0.242174,-1.3166,-0.609603,2.81664,-1.7714], "dq_d": [0,0,0,0,0,0,0], "ddq_d": [0,0,0,0,0,0,0], "joint_contact": [0,0,0,0,0,0,0], "cartesian_contact": [0,0,0,0,0,0], "joint_collision": [0,0,0,0,0,0,0], "cartesian_collision": [0,0,0,0,0,0], "tau_ext_hat_filtered": [0.446958,-0.780387,0.462968,-0.473751,-0.0564701,-1.12529,0.1209], "O_F_ext_hat_K": [-2.2296,-5.39233,-1.36209,2.93381,-1.81373,0.45324], "K_F_ext_hat_K": [1.42913,1.49671,-5.62327,1.21254,1.04809,0.120925], "O_dP_EE_d": [0,0,0,0,0,0], "O_ddP_O": [0,0,-9.81], "O_T_EE_c": [-0.000264141,-0.0124013,-0.999913,0,-0.991147,0.132689,-0.00138383,0,0.132697,0.99108,-0.0123268,0,-0.041763,0.64733,0.897373,1], "O_dP_EE_c": [0,0,0,0,0,0], "O_ddP_EE_c": [0,0,0,0,0,0], "theta": [1.86371,-0.00480008,-0.242158,-1.3153,-0.609441,2.81685,-1.77139], "dtheta": [0,0,0,0,0,0,0], "current_errors": [], "last_motion_errors": [], "control_command_success_rate": 0, "robot_mode": "User stopped", "time": 1207395}