{"O_T_EE": [-0.000510924,-0.0103665,-0.999937,0,-0.978817,0.204684,-0.00162185,0,0.204691,0.978773,-0.0102517,0,0.00813521,0.646663,0.897431,1], "O_T_EE_d": [-0.000546715,-0.0104287,-0.999936,0,-0.978797,0.20478,-0.00160056,0,0.204788,0.978752,-0.0103197,0,0.00816741,0.646634,0.897452,1], "F_T_NE": [0.7071,-0.7071,0,0,0.7071,0.7071,0,0,0,0,1,0,0,0,0.1034,1], "NE_T_EE": [1,0,0,0,0,1,0,0,0,0,1,0,0,0,0,1], "F_T_EE": [0.7071,-0.7071,0,0,0.7071,0.7071,0,0,0,0,1,0,0,0,0.1034,1], "EE_T_K": [1,0,0,0,0,1,0,0,0,0,1,0,0,0,0,1], "m_ee": 0.73, "F_x_Cee": [-0.01,0,0.03], "I_ee": [0.001,0,0,0,0.0025,0,0,0,0.0017], "m_load": 0, "F_x_Cload": [0,0,0], "I_load": [0,0,0,0,0,0,0,0,0], "m_total": 0.73, "F_x_Ctotal": [-0.01,0,0.03], "I_total": [0.001,0,0,0,0.0025,0,0,0,0.0017], "elbow": [-0.312324,-1], "elbow_d": [-0.312369,-1], "elbow_c": [-0.312369,-1], "delbow_c": [0,0], "ddelbow_c": [0,0], "tau_J": [-0.522514,-26.5038,-0.328961,19.0225,1.44696,0.0363011,0.0615432], "tau_J_d": [0,0,0,0,0,0,0], "dtau_J": [-45.1158,-164.139,76.6086,-72.8463,6.27584,16.584,-94.241], "q": [1.85774,-0.0105749,-0.312324,-1.3266,-0.610972,2.82273,-1.77235], "dq": [-2.48452e-05,0.00123341,0.000443435,-0.00158441,-5.85264e-05,-0.000537441,0.00132938], "q_d": [1.85779,-0.010637,-0.312369,-1.32657,-0.61098,2.82255,-1.77236], "dq_d": [0,0,0,0,0,0,0], "ddq_d": [0,0,0,0,0,0,0], "joint_contact": [0,0,0,0,0,0,0], "cartesian_contact": [0,0,0,0,0,0], "joint_collision": [0,0,0,0,0,0,0], "cartesian_collision": [0,0,0,0,0,0], "tau_ext_hat_filtered": [-0.513133,-0.797607,-0.363969,-0.502303,-0.0895446,-1.36213,0.102693], "O_F_ext_hat_K": [-1.48016,-5.02726,-1.28579,2.65926,-1.01262,-0.442263], "K_F_ext_hat_K": [1.3386,0.421896,-5.21034,1.35581,1.06388,0.103735], "O_dP_EE_d": [0,0,0,0,0,0], "O_ddP_O": [0,0,-9.81], "O_T_EE_c": [-0.000546715,-0.0104287,-0.999936,0,-0.978797,0.20478,-0.00160056,0,0.204788,0.978752,-0.0103197,0,0.00816741,0.646634,0.897452,1], "O_dP_EE_c": [0,0,0,0,0,0], "O_ddP_EE_c": [0,0,0,0,0,0], "theta": [1.85771,-0.0124348,-0.312347,-1.32526,-0.610812,2.82273,-1.77235], "dtheta": [0,0,0,0,0,0,0], "current_errors": [], "last_motion_errors": [], "control_command_success_rate": 0, "robot_mode": "User stopped", "time": 1221711}