{"O_T_EE": [6.87905e-05,0.011392,-0.999925,0,-0.821395,0.570306,0.00644089,0,0.570348,0.821349,0.00939673,0,0.24767,0.584521,0.900799,1], "O_T_EE_d": [-4.47414e-05,0.0113833,-0.999926,0,-0.8214,0.570299,0.00652912,0,0.570342,0.821355,0.0093249,0,0.247635,0.58448,0.900845,1], "F_T_NE": [0.7071,-0.7071,0,0,0.7071,0.7071,0,0,0,0,1,0,0,0,0.1034,1], "NE_T_EE": [1,0,0,0,0,1,0,0,0,0,1,0,0,0,0,1], "F_T_EE": [0.7071,-0.7071,0,0,0.7071,0.7071,0,0,0,0,1,0,0,0,0.1034,1], "EE_T_K": [1,0,0,0,0,1,0,0,0,0,1,0,0,0,0,1], "m_ee": 0.73, "F_x_Cee": [-0.01,0,0.03], "I_ee": [0.001,0,0,0,0.0025,0,0,0,0.0017], "m_load": 0, "F_x_Cload": [0,0,0], "I_load": [0,0,0,0,0,0,0,0,0], "m_total": 0.73, "F_x_Ctotal": [-0.01,0,0.03], "I_total": [0.001,0,0,0,0.0025,0,0,0,0.0017], "elbow": [-0.802605,-1], "elbow_d": [-0.802567,-1], "elbow_c": [-0.802567,-1], "delbow_c": [0,0], "ddelbow_c": [0,0], "tau_J": [-0.41143,-17.9464,1.01992,19.0225,1.55683,-0.254837,0.000202917], "tau_J_d": [0,0,0,0,0,0,0], "dtau_J": [-42.8484,111.832,-8.55498,-147.223,-1.74584,-44.7894,18.2147], "q": [1.99764,-0.0649702,-0.802605,-1.35286,-0.776358,2.80794,-1.65193], "dq": [2.73026e-05,-0.00170499,-0.000243392,0.00105139,6.87186e-05,0.000462135,0.000160443], "q_d": [1.99778,-0.0651153,-0.802567,-1.35281,-0.776387,2.80769,-1.65195], "dq_d": [0,0,0,0,0,0,0], "ddq_d": [0,0,0,0,0,0,0], "joint_contact": [0,0,0,0,0,0,0], "cartesian_contact": [0,0,0,0,0,0], "joint_collision": [0,0,0,0,0,0,0], "cartesian_collision": [0,0,0,0,0,0], "tau_ext_hat_filtered": [-0.363709,-0.505844,-0.16121,-0.457419,-0.0615517,-1.47293,0.0337403], "O_F_ext_hat_K": [0,0,0,0,0,0], "K_F_ext_hat_K": [0,0,0,0,0,0], "O_dP_EE_d": [0,0,0,0,0,0], "O_ddP_O": [0,0,-9.81], "O_T_EE_c": [-4.47414e-05,0.0113833,-0.999926,0,-0.8214,0.570299,0.00652912,0,0.570342,0.821355,0.0093249,0,0.247635,0.58448,0.900845,1], "O_dP_EE_c": [0,0,0,0,0,0], "O_ddP_EE_c": [0,0,0,0,0,0], "theta": [1.99761,-0.0662296,-0.802534,-1.35152,-0.776185,2.80791,-1.65193], "dtheta": [0,0,0,0,0,0,0], "current_errors": [], "last_motion_errors": [], "control_command_success_rate": 0, "robot_mode": "User stopped", "time": 2358976}