{"O_T_EE": [0.00280458,-0.00600753,-0.999968,0,-0.662492,0.74903,-0.00635803,0,0.749059,0.662501,-0.00187926,0,0.380598,0.504749,0.898392,1], "O_T_EE_d": [0.0027423,-0.00607714,-0.999968,0,-0.662558,0.74897,-0.00636873,0,0.749,0.662567,-0.00197259,0,0.380503,0.504805,0.898384,1], "F_T_NE": [0.7071,-0.7071,0,0,0.7071,0.7071,0,0,0,0,1,0,0,0,0.1034,1], "NE_T_EE": [1,0,0,0,0,1,0,0,0,0,1,0,0,0,0,1], "F_T_EE": [0.7071,-0.7071,0,0,0.7071,0.7071,0,0,0,0,1,0,0,0,0.1034,1], "EE_T_K": [1,0,0,0,0,1,0,0,0,0,1,0,0,0,0,1], "m_ee": 0.73, "F_x_Cee": [-0.01,0,0.03], "I_ee": [0.001,0,0,0,0.0025,0,0,0,0.0017], "m_load": 0, "F_x_Cload": [0,0,0], "I_load": [0,0,0,0,0,0,0,0,0], "m_total": 0.73, "F_x_Ctotal": [-0.01,0,0.03], "I_total": [0.001,0,0,0,0.0025,0,0,0,0.0017], "elbow": [0.461371,-1], "elbow_d": [0.461497,-1], "elbow_c": [0.461497,-1], "delbow_c": [0,0], "ddelbow_c": [0,0], "tau_J": [0.413765,-21.3424,-0.515423,19.0225,1.52936,0.166306,0.224507], "tau_J_d": [0,0,0,0,0,0,0], "dtau_J": [44.843,-119.881,-144.931,-116.615,9.20427,0.351496,115.572], "q": [0.416344,-0.0691254,0.461371,-1.39221,-0.560883,2.85203,-1.78924], "dq": [-0.0013532,0.000901052,-0.00602255,0.000873003,-0.000523155,-0.000206882,-0.00283041], "q_d": [0.416393,-0.0691838,0.461497,-1.39223,-0.56089,2.85187,-1.78921], "dq_d": [0,0,0,0,0,0,0], "ddq_d": [0,0,0,0,0,0,0], "joint_contact": [0,0,0,0,0,0,0], "cartesian_contact": [0,0,0,0,0,0], "joint_collision": [0,0,0,0,0,0,0], "cartesian_collision": [0,0,0,0,0,0], "tau_ext_hat_filtered": [0.374676,-0.420786,0.479366,-0.544565,-0.0519608,-1.22798,0.173242], "O_F_ext_hat_K": [-2.93011,0.974626,0.492508,-1.25741,-1.84774,0.386419], "K_F_ext_hat_K": [-0.506575,2.66811,-1.55006,1.45586,1.15507,0.174553], "O_dP_EE_d": [0,0,0,0,0,0], "O_ddP_O": [0,0,-9.81], "O_T_EE_c": [0.0027423,-0.00607714,-0.999968,0,-0.662558,0.74897,-0.00636873,0,0.749,0.662567,-0.00197259,0,0.380503,0.504805,0.898384,1], "O_dP_EE_c": [0,0,0,0,0,0], "O_ddP_EE_c": [0,0,0,0,0,0], "theta": [0.416374,-0.0706238,0.461335,-1.39087,-0.560713,2.85204,-1.78922], "dtheta": [0,0,-0.027669,0,0,0,0], "current_errors": [], "last_motion_errors": [], "control_command_success_rate": 0, "robot_mode": "User stopped", "time": 1656121}