{"O_T_EE": [-0.0280823,0.0100147,-0.999546,0,0.0502828,0.998688,0.00859342,0,0.99834,-0.0500196,-0.0285496,0,0.620396,0.06734,0.899409,1], "O_T_EE_d": [-0.0278324,0.0103155,-0.99955,0,0.0501461,0.998693,0.00891039,0,0.998354,-0.0498765,-0.0283138,0,0.620169,0.0672748,0.899648,1], "F_T_NE": [0.7071,-0.7071,0,0,0.7071,0.7071,0,0,0,0,1,0,0,0,0.1034,1], "NE_T_EE": [1,0,0,0,0,1,0,0,0,0,1,0,0,0,0,1], "F_T_EE": [0.7071,-0.7071,0,0,0.7071,0.7071,0,0,0,0,1,0,0,0,0.1034,1], "EE_T_K": [1,0,0,0,0,1,0,0,0,0,1,0,0,0,0,1], "m_ee": 0.73, "F_x_Cee": [-0.01,0,0.03], "I_ee": [0.001,0,0,0,0.0025,0,0,0,0.0017], "m_load": 0, "F_x_Cload": [0,0,0], "I_load": [0,0,0,0,0,0,0,0,0], "m_total": 0.73, "F_x_Ctotal": [-0.01,0,0.03], "I_total": [0.001,0,0,0,0.0025,0,0,0,0.0017], "elbow": [-0.599292,-1], "elbow_d": [-0.599077,-1], "elbow_c": [-0.599077,-1], "delbow_c": [0,0], "ddelbow_c": [0,0], "tau_J": [0.263009,-20.6243,2.07125,18.7567,1.43781,0.0454564,0.0111892], "tau_J_d": [0,0,0,0,0,0,0], "dtau_J": [47.2412,16.5245,-3.58827,1.66081,-3.34581,0.421486,-58.8308], "q": [0.744494,-0.102761,-0.599292,-1.4001,-0.641958,2.80513,-1.78639], "dq": [-0.000384369,0.000219745,-0.000455953,0.000463747,0.000122634,3.66905e-05,0.000859796], "q_d": [0.744513,-0.103277,-0.599077,-1.40009,-0.641973,2.80495,-1.78641], "dq_d": [0,0,0,0,0,0,0], "ddq_d": [0,0,0,0,0,0,0], "joint_contact": [0,0,0,0,0,0,0], "cartesian_contact": [0,0,0,0,0,0], "joint_collision": [0,0,0,0,0,0,0], "cartesian_collision": [0,0,0,0,0,0], "tau_ext_hat_filtered": [0.209278,-1.2235,0.537908,-0.752809,-0.0517423,-1.40887,0.0325913], "O_F_ext_hat_K": [0,0,0,0,0,0], "K_F_ext_hat_K": [0,0,0,0,0,0], "O_dP_EE_d": [0,0,0,0,0,0], "O_ddP_O": [0,0,-9.81], "O_T_EE_c": [-0.0278324,0.0103155,-0.99955,0,0.0501461,0.998693,0.00891039,0,0.998354,-0.0498765,-0.0283138,0,0.620169,0.0672748,0.899648,1], "O_dP_EE_c": [0,0,0,0,0,0], "O_ddP_EE_c": [0,0,0,0,0,0], "theta": [0.744511,-0.104208,-0.599147,-1.39879,-0.641798,2.80514,-1.78639], "dtheta": [0,0,0,0,0,0,0], "current_errors": [], "last_motion_errors": [], "control_command_success_rate": 0, "robot_mode": "User stopped", "time": 2182298}