{"O_T_EE": [-0.00977431,-0.000897673,-0.999942,0,-0.193569,0.981076,0.00101137,0,0.981038,0.193571,-0.00976329,0,0.588135,0.213451,0.899284,1], "O_T_EE_d": [-0.00989554,-0.000928911,-0.999941,0,-0.193642,0.981062,0.00100493,0,0.981022,0.193644,-0.0098882,0,0.588114,0.213523,0.899255,1], "F_T_NE": [0.7071,-0.7071,0,0,0.7071,0.7071,0,0,0,0,1,0,0,0,0.1034,1], "NE_T_EE": [1,0,0,0,0,1,0,0,0,0,1,0,0,0,0,1], "F_T_EE": [0.7071,-0.7071,0,0,0.7071,0.7071,0,0,0,0,1,0,0,0,0.1034,1], "EE_T_K": [1,0,0,0,0,1,0,0,0,0,1,0,0,0,0,1], "m_ee": 0.73, "F_x_Cee": [-0.01,0,0.03], "I_ee": [0.001,0,0,0,0.0025,0,0,0,0.0017], "m_load": 0, "F_x_Cload": [0,0,0], "I_load": [0,0,0,0,0,0,0,0,0], "m_total": 0.73, "F_x_Ctotal": [-0.01,0,0.03], "I_total": [0.001,0,0,0,0.0025,0,0,0,0.0017], "elbow": [-0.401736,-1], "elbow_d": [-0.401634,-1], "elbow_c": [-0.401634,-1], "delbow_c": [0,0], "ddelbow_c": [0,0], "tau_J": [0.298714,-22.6238,1.32143,19.0225,1.4195,0.186448,0.0313308], "tau_J_d": [0,0,0,0,0,0,0], "dtau_J": [-131.941,200.261,0.475289,91.5517,-2.4667,-7.74864,-54.9481], "q": [0.758619,-0.0879265,-0.401736,-1.41091,-0.597707,2.84779,-1.81088], "dq": [0.000270261,-0.000831916,-0.000542525,-0.00507666,-0.00238862,-0.000205839,0.000779311], "q_d": [0.758661,-0.0879446,-0.401634,-1.41094,-0.597708,2.84766,-1.81088], "dq_d": [0,0,0,0,0,0,0], "ddq_d": [0,0,0,0,0,0,0], "joint_contact": [0,0,0,0,0,0,0], "cartesian_contact": [0,0,0,0,0,0], "joint_collision": [0,0,0,0,0,0,0], "cartesian_collision": [0,0,0,0,0,0], "tau_ext_hat_filtered": [0.324878,-0.374767,0.495841,-0.553622,-0.108226,-1.22137,0.0750116], "O_F_ext_hat_K": [-5.39325,0.82188,-0.938122,-1.10853,-3.10444,0.345921], "K_F_ext_hat_K": [0.990065,1.84938,-5.12273,1.28917,1.20267,0.0777111], "O_dP_EE_d": [0,0,0,0,0,0], "O_ddP_O": [0,0,-9.81], "O_T_EE_c": [-0.00989554,-0.000928911,-0.999941,0,-0.193642,0.981062,0.00100493,0,0.981022,0.193644,-0.0098882,0,0.588114,0.213523,0.899255,1], "O_dP_EE_c": [0,0,0,0,0,0], "O_ddP_EE_c": [0,0,0,0,0,0], "theta": [0.75864,-0.0895142,-0.401644,-1.40957,-0.597548,2.84781,-1.81087], "dtheta": [0,0,0,0,0,0,0], "current_errors": [], "last_motion_errors": [], "control_command_success_rate": 0, "robot_mode": "User stopped", "time": 2132146}