{"O_T_EE": [0.0132067,0.0327844,-0.999366,0,0.135948,0.990113,0.0342774,0,0.990628,-0.136317,0.00861932,0,0.620633,0.0127552,0.903744,1], "O_T_EE_d": [0.0131912,0.0326801,-0.999369,0,0.136047,0.990103,0.0341728,0,0.990614,-0.136414,0.00861475,0,0.62057,0.0128076,0.903781,1], "F_T_NE": [0.7071,-0.7071,0,0,0.7071,0.7071,0,0,0,0,1,0,0,0,0.1034,1], "NE_T_EE": [1,0,0,0,0,1,0,0,0,0,1,0,0,0,0,1], "F_T_EE": [0.7071,-0.7071,0,0,0.7071,0.7071,0,0,0,0,1,0,0,0,0.1034,1], "EE_T_K": [1,0,0,0,0,1,0,0,0,0,1,0,0,0,0,1], "m_ee": 0.73, "F_x_Cee": [-0.01,0,0.03], "I_ee": [0.001,0,0,0,0.0025,0,0,0,0.0017], "m_load": 0, "F_x_Cload": [0,0,0], "I_load": [0,0,0,0,0,0,0,0,0], "m_total": 0.73, "F_x_Ctotal": [-0.01,0,0.03], "I_total": [0.001,0,0,0,0.0025,0,0,0,0.0017], "elbow": [-0.797088,-1], "elbow_d": [-0.79704,-1], "elbow_c": [-0.79704,-1], "delbow_c": [0,0], "ddelbow_c": [0,0], "tau_J": [-0.522514,26.3523,17.9325,4.68871,0.331852,-0.244766,0.0926712], "tau_J_d": [0,0,0,0,0,0,0], "dtau_J": [-7.92101,29.1388,-57.6242,-166.772,10.8669,-4.74675,-72.1546], "q": [2.19867,-1.04714,-0.797088,-1.38085,-2.19715,1.96978,-1.58981], "dq": [0.000506615,0.00090545,-0.000254081,0.000373916,-0.000221581,-0.000251531,0.00163049], "q_d": [2.19864,-1.04699,-0.79704,-1.38091,-2.19715,1.96959,-1.5898], "dq_d": [0,0,0,0,0,0,0], "ddq_d": [0,0,0,0,0,0,0], "joint_contact": [0,0,0,0,0,0,0], "cartesian_contact": [0,0,0,0,0,0], "joint_collision": [0,0,0,0,0,0,0], "cartesian_collision": [0,0,0,0,0,0], "tau_ext_hat_filtered": [-0.401296,-0.321405,0.00682717,-0.195286,0.472766,-1.438,0.136625], "O_F_ext_hat_K": [-4.81288,0.0451788,-2.4726,0.289377,-1.63673,-0.503759], "K_F_ext_hat_K": [2.409,-0.694339,-4.79524,0.636219,1.19544,0.192619], "O_dP_EE_d": [0,0,0,0,0,0], "O_ddP_O": [0,0,-9.81], "O_T_EE_c": [0.0131912,0.0326801,-0.999369,0,0.136047,0.990103,0.0341728,0,0.990614,-0.136414,0.00861475,0,0.62057,0.0128076,0.903781,1], "O_dP_EE_c": [0,0,0,0,0,0], "O_ddP_EE_c": [0,0,0,0,0,0], "theta": [2.19863,-1.04529,-0.795829,-1.38053,-2.19712,1.96976,-1.5898], "dtheta": [0,0,0,0,0,0,0], "current_errors": [], "last_motion_errors": [], "control_command_success_rate": 0, "robot_mode": "User stopped", "time": 2454884}