{"O_T_EE": [0.0165914,0.0146711,-0.999745,0,0.621846,0.782823,0.0218077,0,0.782959,-0.622062,0.00386498,0,0.540579,-0.324709,0.89742,1], "O_T_EE_d": [0.016372,0.0148401,-0.999746,0,0.622129,0.782599,0.0218049,0,0.782739,-0.62234,0.00358036,0,0.540509,-0.324918,0.897309,1], "F_T_NE": [0.7071,-0.7071,0,0,0.7071,0.7071,0,0,0,0,1,0,0,0,0.1034,1], "NE_T_EE": [1,0,0,0,0,1,0,0,0,0,1,0,0,0,0,1], "F_T_EE": [0.7071,-0.7071,0,0,0.7071,0.7071,0,0,0,0,1,0,0,0,0.1034,1], "EE_T_K": [1,0,0,0,0,1,0,0,0,0,1,0,0,0,0,1], "m_ee": 0.73, "F_x_Cee": [-0.01,0,0.03], "I_ee": [0.001,0,0,0,0.0025,0,0,0,0.0017], "m_load": 0, "F_x_Cload": [0,0,0], "I_load": [0,0,0,0,0,0,0,0,0], "m_total": 0.73, "F_x_Ctotal": [-0.01,0,0.03], "I_total": [0.001,0,0,0,0.0025,0,0,0,0.0017], "elbow": [0.475861,-1], "elbow_d": [0.47567,-1], "elbow_c": [0.47567,-1], "delbow_c": [0,0], "ddelbow_c": [0,0], "tau_J": [0.151925,-20.664,-0.928021,18.8718,1.5019,0.235886,0.0414016], "tau_J_d": [0,0,0,0,0,0,0], "dtau_J": [85.2006,-164.413,103.805,-222.2,6.96204,2.1031,-60.3946], "q": [-1.07011,-0.0811686,0.475861,-1.43209,-0.349958,2.91865,-1.95546], "dq": [-0.00205924,0.00184668,-0.000588666,0.00194688,-0.000269911,-0.00020693,0.00235657], "q_d": [-1.07021,-0.081155,0.47567,-1.43223,-0.349957,2.91849,-1.95547], "dq_d": [0,0,0,0,0,0,0], "ddq_d": [0,0,0,0,0,0,0], "joint_contact": [0,0,0,0,0,0,0], "cartesian_contact": [0,0,0,0,0,0], "joint_collision": [0,0,0,0,0,0,0], "cartesian_collision": [0,0,0,0,0,0], "tau_ext_hat_filtered": [0.0890171,-0.104559,0.188959,-0.797696,0.114513,-1.2879,0.0904191], "O_F_ext_hat_K": [-1.5232,2.04372,0.247841,-0.879056,-0.358031,0.131385], "K_F_ext_hat_K": [-0.243071,0.658093,-2.46297,0.51264,1.52815,0.0979478], "O_dP_EE_d": [0,0,0,0,0,0], "O_ddP_O": [0,0,-9.81], "O_T_EE_c": [0.016372,0.0148401,-0.999746,0,0.622129,0.782599,0.0218049,0,0.782739,-0.62234,0.00358036,0,0.540509,-0.324918,0.897309,1], "O_dP_EE_c": [0,0,0,0,0,0], "O_ddP_EE_c": [0,0,0,0,0,0], "theta": [-1.0701,-0.0826177,0.475796,-1.43076,-0.349791,2.91867,-1.95545], "dtheta": [0,0,0,0,0,0,0], "current_errors": [], "last_motion_errors": [], "control_command_success_rate": 0, "robot_mode": "User stopped", "time": 2735604}