{"O_T_EE": [0.0221767,-0.00356992,-0.999738,0,0.877876,0.478539,0.0177647,0,0.478359,-0.878057,0.0137466,0,0.364564,-0.516305,0.901738,1], "O_T_EE_d": [0.0223219,-0.00320629,-0.999736,0,0.878105,0.478106,0.0180728,0,0.477931,-0.878294,0.013488,0,0.364287,-0.516541,0.9017,1], "F_T_NE": [0.7071,-0.7071,0,0,0.7071,0.7071,0,0,0,0,1,0,0,0,0.1034,1], "NE_T_EE": [1,0,0,0,0,1,0,0,0,0,1,0,0,0,0,1], "F_T_EE": [0.7071,-0.7071,0,0,0.7071,0.7071,0,0,0,0,1,0,0,0,0.1034,1], "EE_T_K": [1,0,0,0,0,1,0,0,0,0,1,0,0,0,0,1], "m_ee": 0.73, "F_x_Cee": [-0.01,0,0.03], "I_ee": [0.001,0,0,0,0.0025,0,0,0,0.0017], "m_load": 0, "F_x_Cload": [0,0,0], "I_load": [0,0,0,0,0,0,0,0,0], "m_total": 0.73, "F_x_Ctotal": [-0.01,0,0.03], "I_total": [0.001,0,0,0,0.0025,0,0,0,0.0017], "elbow": [-0.910656,-1], "elbow_d": [-0.910534,-1], "elbow_c": [-0.910534,-1], "delbow_c": [0,0], "ddelbow_c": [0,0], "tau_J": [-0.708976,24.2774,18.1943,7.02545,0.642216,-0.344558,0.0615432], "tau_J_d": [0,0,0,0,0,0,0], "dtau_J": [-158.294,-83.8737,60.517,89.2193,11.2516,15.987,-108.694], "q": [1.1322,-0.94444,-0.910656,-1.33298,-2.02661,2.13347,-1.5794], "dq": [0.0014475,-0.000271289,-0.000549801,-0.00136395,-0.000317169,-0.000573546,0.00263928], "q_d": [1.1319,-0.944633,-0.910534,-1.3329,-2.0266,2.13317,-1.57938], "dq_d": [0,0,0,0,0,0,0], "ddq_d": [0,0,0,0,0,0,0], "joint_contact": [0,0,0,0,0,0,0], "cartesian_contact": [0,0,0,0,0,0], "joint_collision": [0,0,0,0,0,0,0], "cartesian_collision": [0,0,0,0,0,0], "tau_ext_hat_filtered": [-0.689758,-0.297769,0.181371,-0.176614,0.416502,-1.51936,0.124074], "O_F_ext_hat_K": [-3.6127,4.69208,-2.48586,-1.69977,-1.88705,-0.810598], "K_F_ext_hat_K": [2.38839,-0.970337,-5.88226,0.681753,1.30591,0.180106], "O_dP_EE_d": [0,0,0,0,0,0], "O_ddP_O": [0,0,-9.81], "O_T_EE_c": [0.0223219,-0.00320629,-0.999736,0,0.878105,0.478106,0.0180728,0,0.477931,-0.878294,0.013488,0,0.364287,-0.516541,0.9017,1], "O_dP_EE_c": [0,0,0,0,0,0], "O_ddP_EE_c": [0,0,0,0,0,0], "theta": [1.13215,-0.942737,-0.909379,-1.33249,-2.02654,2.13344,-1.5794], "dtheta": [0,0,0,0,0,0,0], "current_errors": [], "last_motion_errors": [], "control_command_success_rate": 0, "robot_mode": "User stopped", "time": 2882616}