{"O_T_EE": [-0.00101207,0.0109044,-0.99993,0,0.999881,0.0147563,-0.000851096,0,0.0147463,-0.999832,-0.0109182,0,0.0918142,-0.638057,0.895618,1], "O_T_EE_d": [-0.0010679,0.0109836,-0.999929,0,0.999892,0.0140257,-0.000913792,0,0.0140149,-0.999841,-0.0109976,0,0.0914196,-0.63806,0.895654,1], "F_T_NE": [0.7071,-0.7071,0,0,0.7071,0.7071,0,0,0,0,1,0,0,0,0.1034,1], "NE_T_EE": [1,0,0,0,0,1,0,0,0,0,1,0,0,0,0,1], "F_T_EE": [0.7071,-0.7071,0,0,0.7071,0.7071,0,0,0,0,1,0,0,0,0.1034,1], "EE_T_K": [1,0,0,0,0,1,0,0,0,0,1,0,0,0,0,1], "m_ee": 0.73, "F_x_Cee": [-0.01,0,0.03], "I_ee": [0.001,0,0,0,0.0025,0,0,0,0.0017], "m_load": 0, "F_x_Cload": [0,0,0], "I_load": [0,0,0,0,0,0,0,0,0], "m_total": 0.73, "F_x_Ctotal": [-0.01,0,0.03], "I_total": [0.001,0,0,0,0.0025,0,0,0,0.0017], "elbow": [0.569353,-1], "elbow_d": [0.56905,-1], "elbow_c": [0.56905,-1], "delbow_c": [0,0], "ddelbow_c": [0,0], "tau_J": [-0.744682,-21.0409,-1.26921,19.2526,1.45612,0.176377,0.143025], "tau_J_d": [0,0,0,0,0,0,0], "dtau_J": [126.787,-196.597,-94.7088,-99.6001,-41.0983,5.23528,63.9634], "q": [-2.02966,-0.0292627,0.569353,-1.3714,-0.387521,2.8869,-1.96397], "dq": [-0.00030262,0.0015058,0.00107582,0.000378774,0.000104244,0.000281016,-0.00262903], "q_d": [-2.03,-0.0294101,0.56905,-1.3714,-0.387527,2.88667,-1.96397], "dq_d": [0,0,0,0,0,0,0], "ddq_d": [0,0,0,0,0,0,0], "joint_contact": [0,0,0,0,0,0,0], "cartesian_contact": [0,0,0,0,0,0], "joint_collision": [0,0,0,0,0,0,0], "cartesian_collision": [0,0,0,0,0,0], "tau_ext_hat_filtered": [-0.755776,-0.208741,-0.750049,-0.447402,0.0815761,-1.37063,0.0833388], "O_F_ext_hat_K": [-0.370594,2.51258,0.869049,-1.23777,-0.464481,-0.746017], "K_F_ext_hat_K": [-0.841232,-0.334219,-2.52711,0.738045,1.56669,0.083961], "O_dP_EE_d": [0,0,0,0,0,0], "O_ddP_O": [0,0,-9.81], "O_T_EE_c": [-0.0010679,0.0109836,-0.999929,0,0.999892,0.0140257,-0.000913792,0,0.0140149,-0.999841,-0.0109976,0,0.0914196,-0.63806,0.895654,1], "O_dP_EE_c": [0,0,0,0,0,0], "O_ddP_EE_c": [0,0,0,0,0,0], "theta": [-2.02972,-0.0307403,0.569263,-1.37005,-0.387359,2.88692,-1.96396], "dtheta": [0,0,0,0,0,0,0], "current_errors": [], "last_motion_errors": [], "control_command_success_rate": 0, "robot_mode": "User stopped", "time": 3510966}