{"O_T_EE": [0.0181398,0.0172524,-0.999677,0,0.82655,-0.562821,0.00528512,0,-0.562559,-0.826395,-0.0244699,0,-0.299607,-0.58585,0.895454,1], "O_T_EE_d": [0.0182123,0.0174017,-0.999673,0,0.826351,-0.563114,0.00525239,0,-0.562849,-0.826193,-0.024636,0,-0.299742,-0.585744,0.895446,1], "F_T_NE": [0.7071,-0.7071,0,0,0.7071,0.7071,0,0,0,0,1,0,0,0,0.1034,1], "NE_T_EE": [1,0,0,0,0,1,0,0,0,0,1,0,0,0,0,1], "F_T_EE": [0.7071,-0.7071,0,0,0.7071,0.7071,0,0,0,0,1,0,0,0,0.1034,1], "EE_T_K": [1,0,0,0,0,1,0,0,0,0,1,0,0,0,0,1], "m_ee": 0.73, "F_x_Cee": [-0.01,0,0.03], "I_ee": [0.001,0,0,0,0.0025,0,0,0,0.0017], "m_load": 0, "F_x_Cload": [0,0,0], "I_load": [0,0,0,0,0,0,0,0,0], "m_total": 0.73, "F_x_Ctotal": [-0.01,0,0.03], "I_total": [0.001,0,0,0,0.0025,0,0,0,0.0017], "elbow": [0.316097,-1], "elbow_d": [0.315988,-1], "elbow_c": [0.315988,-1], "delbow_c": [0,0], "ddelbow_c": [0,0], "tau_J": [0.18763,-26.6943,0.496234,19.1019,1.58429,0.306382,0.163167], "tau_J_d": [0,0,0,0,0,0,0], "dtau_J": [-52.4157,-44.2044,-115.239,-195.567,29.3767,-0.47192,37.1563], "q": [-2.36729,0.0263371,0.316097,-1.3021,-0.419735,2.8502,-1.95233], "dq": [0.00057468,0.000184742,0.000338647,0.000158818,-0.00511237,-1.16061e-05,-0.00100298], "q_d": [-2.36744,0.0262088,0.315988,-1.30218,-0.419734,2.84996,-1.95232], "dq_d": [0,0,0,0,0,0,0], "ddq_d": [0,0,0,0,0,0,0], "joint_contact": [0,0,0,0,0,0,0], "cartesian_contact": [0,0,0,0,0,0], "joint_collision": [0,0,0,0,0,0,0], "cartesian_collision": [0,0,0,0,0,0], "tau_ext_hat_filtered": [0.17186,-0.864961,0.268233,-0.367749,0.230346,-1.253,0.15551], "O_F_ext_hat_K": [2.50353,2.86249,0.740857,-1.64404,1.3684,0.217852], "K_F_ext_hat_K": [-0.645832,0.462149,-3.79206,0.396745,1.7329,0.153505], "O_dP_EE_d": [0,0,0,0,0,0], "O_ddP_O": [0,0,-9.81], "O_T_EE_c": [0.0182123,0.0174017,-0.999673,0,0.826351,-0.563114,0.00525239,0,-0.562849,-0.826193,-0.024636,0,-0.299742,-0.585744,0.895446,1], "O_dP_EE_c": [0,0,0,0,0,0], "O_ddP_EE_c": [0,0,0,0,0,0], "theta": [-2.36728,0.0244638,0.316131,-1.30076,-0.419558,2.85024,-1.95231], "dtheta": [0,0,0,0,0,0,0], "current_errors": [], "last_motion_errors": [], "control_command_success_rate": 0, "robot_mode": "User stopped", "time": 3981769}