{"O_T_EE": [0.0165502,0.0233913,-0.99958,0,0.865641,-0.500639,0.00261701,0,-0.500377,-0.865337,-0.0285347,0,-0.252952,-0.604723,0.8952,1], "O_T_EE_d": [0.0165433,0.0234335,-0.999579,0,0.865446,-0.500976,0.0025788,0,-0.500714,-0.865141,-0.0285687,0,-0.2531,-0.60459,0.895254,1], "F_T_NE": [0.7071,-0.7071,0,0,0.7071,0.7071,0,0,0,0,1,0,0,0,0.1034,1], "NE_T_EE": [1,0,0,0,0,1,0,0,0,0,1,0,0,0,0,1], "F_T_EE": [0.7071,-0.7071,0,0,0.7071,0.7071,0,0,0,0,1,0,0,0,0.1034,1], "EE_T_K": [1,0,0,0,0,1,0,0,0,0,1,0,0,0,0,1], "m_ee": 0.73, "F_x_Cee": [-0.01,0,0.03], "I_ee": [0.001,0,0,0,0.0025,0,0,0,0.0017], "m_load": 0, "F_x_Cload": [0,0,0], "I_load": [0,0,0,0,0,0,0,0,0], "m_total": 0.73, "F_x_Ctotal": [-0.01,0,0.03], "I_total": [0.001,0,0,0,0.0025,0,0,0,0.0017], "elbow": [0.369021,-1], "elbow_d": [0.368904,-1], "elbow_c": [0.368904,-1], "delbow_c": [0,0], "ddelbow_c": [0,0], "tau_J": [0.263009,-26.1666,0.456562,19.2526,1.26477,0.336594,0.112813], "tau_J_d": [0,0,0,0,0,0,0], "dtau_J": [-9.4691,36.3309,41.8651,-97.5589,-16.4587,1.53773,-13.7707], "q": [-2.34498,0.016816,0.369021,-1.31184,-0.420264,2.84587,-1.95229], "dq": [-1.97975e-05,0.000111233,0.000182174,-6.8312e-05,0.000247715,0.000191974,2.07475e-05], "q_d": [-2.34517,0.0166609,0.368904,-1.31184,-0.420272,2.84567,-1.95228], "dq_d": [0,0,0,0,0,0,0], "ddq_d": [0,0,0,0,0,0,0], "joint_contact": [0,0,0,0,0,0,0], "cartesian_contact": [0,0,0,0,0,0], "joint_collision": [0,0,0,0,0,0,0], "cartesian_collision": [0,0,0,0,0,0], "tau_ext_hat_filtered": [0.265428,-1.1522,0.267185,-0.303344,-0.0801088,-1.24083,0.139063], "O_F_ext_hat_K": [3.50239,2.3529,0.341864,-1.15591,2.43345,0.271852], "K_F_ext_hat_K": [-0.228722,1.85479,-3.79833,1.25116,1.39305,0.13889], "O_dP_EE_d": [0,0,0,0,0,0], "O_ddP_O": [0,0,-9.81], "O_T_EE_c": [0.0165433,0.0234335,-0.999579,0,0.865446,-0.500976,0.0025788,0,-0.500714,-0.865141,-0.0285687,0,-0.2531,-0.60459,0.895254,1], "O_dP_EE_c": [0,0,0,0,0,0], "O_ddP_EE_c": [0,0,0,0,0,0], "theta": [-2.34496,0.0149787,0.369053,-1.31049,-0.420124,2.8459,-1.95228], "dtheta": [0,0,0,0,0,0,0], "current_errors": [], "last_motion_errors": [], "control_command_success_rate": 0, "robot_mode": "User stopped", "time": 3879723}