{"O_T_EE": [-0.0152426,-0.011788,-0.999805,0,-0.9511,-0.308318,0.0181352,0,-0.308477,0.951209,-0.00651212,0,-0.277451,0.460369,1.01106,1], "O_T_EE_d": [-0.0153153,-0.0117451,-0.999804,0,-0.95135,-0.307545,0.0181859,0,-0.307704,0.95146,-0.0064637,0,-0.277037,0.460535,1.01112,1], "F_T_NE": [0.7071,-0.7071,0,0,0.7071,0.7071,0,0,0,0,1,0,0,0,0.1034,1], "NE_T_EE": [1,0,0,0,0,1,0,0,0,0,1,0,0,0,0,1], "F_T_EE": [0.7071,-0.7071,0,0,0.7071,0.7071,0,0,0,0,1,0,0,0,0.1034,1], "EE_T_K": [1,0,0,0,0,1,0,0,0,0,1,0,0,0,0,1], "m_ee": 0.73, "F_x_Cee": [-0.01,0,0.03], "I_ee": [0.001,0,0,0,0.0025,0,0,0,0.0017], "m_load": 0, "F_x_Cload": [0,0,0], "I_load": [0,0,0,0,0,0,0,0,0], "m_total": 0.73, "F_x_Ctotal": [-0.01,0,0.03], "I_total": [0.001,0,0,0,0.0025,0,0,0,0.0017], "elbow": [0.660949,-1], "elbow_d": [0.660512,-1], "elbow_c": [0.660512,-1], "delbow_c": [0,0], "ddelbow_c": [0,0], "tau_J": [-1.0819,-11.1623,-4.37956,15.6107,0.990116,0.406174,0.0926712], "tau_J_d": [0,0,0,0,0,0,0], "dtau_J": [152.609,-2.51814,67.463,-95.2478,-0.546284,13.663,54.8095], "q": [1.3465,-0.166588,0.660949,-1.14302,-0.208363,2.55339,-2.06053], "dq": [-0.000648951,-0.000122266,-0.00108546,0.00104047,-5.95921e-05,0.00236777,0.000108718], "q_d": [1.34615,-0.166625,0.660512,-1.14294,-0.208379,2.55328,-2.06052], "dq_d": [0,0,0,0,0,0,0], "ddq_d": [0,0,0,0,0,0,0], "joint_contact": [0,0,0,0,0,0,0], "cartesian_contact": [0,0,0,0,0,0], "joint_collision": [0,0,0,0,0,0,0], "cartesian_collision": [0,0,0,0,0,0], "tau_ext_hat_filtered": [-1.14084,-0.432115,-1.71969,0.234805,0.09872,-1.18001,0.0801651], "O_F_ext_hat_K": [0,0,0,0,0,0], "K_F_ext_hat_K": [0,0,0,0,0,0], "O_dP_EE_d": [0,0,0,0,0,0], "O_ddP_O": [0,0,-9.81], "O_T_EE_c": [-0.0153153,-0.0117451,-0.999804,0,-0.95135,-0.307545,0.0181859,0,-0.307704,0.95146,-0.0064637,0,-0.277037,0.460535,1.01112,1], "O_dP_EE_c": [0,0,0,0,0,0], "O_ddP_EE_c": [0,0,0,0,0,0], "theta": [1.34642,-0.16737,0.660641,-1.14192,-0.208252,2.55343,-2.06052], "dtheta": [0,0,0,0,0,0,0], "current_errors": [], "last_motion_errors": [], "control_command_success_rate": 0, "robot_mode": "User stopped", "time": 1152273}