{"O_T_EE": [-0.0141645,-0.0204085,-0.999682,0,-0.913129,-0.407093,0.0212489,0,-0.407405,0.913157,-0.0128695,0,-0.319862,0.434734,1.01114,1], "O_T_EE_d": [-0.0141851,-0.020512,-0.999679,0,-0.913542,-0.406163,0.0212967,0,-0.406478,0.913569,-0.0129774,0,-0.319373,0.435063,1.01114,1], "F_T_NE": [0.7071,-0.7071,0,0,0.7071,0.7071,0,0,0,0,1,0,0,0,0.1034,1], "NE_T_EE": [1,0,0,0,0,1,0,0,0,0,1,0,0,0,0,1], "F_T_EE": [0.7071,-0.7071,0,0,0.7071,0.7071,0,0,0,0,1,0,0,0,0.1034,1], "EE_T_K": [1,0,0,0,0,1,0,0,0,0,1,0,0,0,0,1], "m_ee": 0.73, "F_x_Cee": [-0.01,0,0.03], "I_ee": [0.001,0,0,0,0.0025,0,0,0,0.0017], "m_load": 0, "F_x_Cload": [0,0,0], "I_load": [0,0,0,0,0,0,0,0,0], "m_total": 0.73, "F_x_Ctotal": [-0.01,0,0.03], "I_total": [0.001,0,0,0,0.0025,0,0,0,0.0017], "elbow": [0.701668,-1], "elbow_d": [0.701103,-1], "elbow_c": [0.701103,-1], "delbow_c": [0,0], "ddelbow_c": [0,0], "tau_J": [-2.05389,-9.99199,-5.24046,15.5749,0.706303,0.406174,0.071614], "tau_J_d": [0,0,0,0,0,0,0], "dtau_J": [-46.9514,21.5925,79.0618,77.3518,14.2916,30.292,61.9378], "q": [1.39369,-0.160469,0.701668,-1.12969,-0.1733,2.54745,-2.08582], "dq": [-8.53161e-05,0.00068185,-0.000554966,-0.000258542,0.00851805,-0.000779773,9.28535e-05], "q_d": [1.39329,-0.160428,0.701103,-1.12966,-0.173341,2.54728,-2.08584], "dq_d": [0,0,0,0,0,0,0], "ddq_d": [0,0,0,0,0,0,0], "joint_contact": [0,0,0,0,0,0,0], "cartesian_contact": [0,0,0,0,0,0], "joint_collision": [0,0,0,0,0,0,0], "cartesian_collision": [0,0,0,0,0,0], "tau_ext_hat_filtered": [-1.98968,0.262362,-2.52393,0.190789,-0.14942,-1.23893,0.0702495], "O_F_ext_hat_K": [0,0,0,0,0,0], "K_F_ext_hat_K": [0,0,0,0,0,0], "O_dP_EE_d": [0,0,0,0,0,0], "O_ddP_O": [0,0,-9.81], "O_T_EE_c": [-0.0141851,-0.020512,-0.999679,0,-0.913542,-0.406163,0.0212967,0,-0.406478,0.913569,-0.0129774,0,-0.319373,0.435063,1.01114,1], "O_dP_EE_c": [0,0,0,0,0,0], "O_ddP_EE_c": [0,0,0,0,0,0], "theta": [1.39355,-0.16117,0.701301,-1.12859,-0.17322,2.54749,-2.08581], "dtheta": [0,0,0,0,0.0379163,0,0], "current_errors": [], "last_motion_errors": [], "control_command_success_rate": 0, "robot_mode": "User stopped", "time": 1037873}