{"O_T_EE": [-0.0211819,-0.0464958,-0.998684,0,-0.970171,-0.24029,0.0317644,0,-0.241456,0.969586,-0.0400199,0,-0.236215,0.483034,1.01075,1], "O_T_EE_d": [-0.0213483,-0.046394,-0.998685,0,-0.970413,-0.239298,0.0318606,0,-0.240466,0.969836,-0.0399136,0,-0.235609,0.483112,1.01088,1], "F_T_NE": [0.7071,-0.7071,0,0,0.7071,0.7071,0,0,0,0,1,0,0,0,0.1034,1], "NE_T_EE": [1,0,0,0,0,1,0,0,0,0,1,0,0,0,0,1], "F_T_EE": [0.7071,-0.7071,0,0,0.7071,0.7071,0,0,0,0,1,0,0,0,0.1034,1], "EE_T_K": [1,0,0,0,0,1,0,0,0,0,1,0,0,0,0,1], "m_ee": 0.73, "F_x_Cee": [-0.01,0,0.03], "I_ee": [0.001,0,0,0,0.0025,0,0,0,0.0017], "m_load": 0, "F_x_Cload": [0,0,0], "I_load": [0,0,0,0,0,0,0,0,0], "m_total": 0.73, "F_x_Ctotal": [-0.01,0,0.03], "I_total": [0.001,0,0,0,0.0025,0,0,0,0.0017], "elbow": [-0.0401048,-1], "elbow_d": [-0.0406344,-1], "elbow_c": [-0.0406344,-1], "delbow_c": [0,0], "ddelbow_c": [0,0], "tau_J": [-1.97851,-20.8147,-2.35624,15.2655,0.807011,0.115952,0.071614], "tau_J_d": [0,0,0,0,0,0,0], "dtau_J": [-141.004,78.5594,62.6671,0.732279,2.5831,-30.2551,66.1114], "q": [2.11945,-0.107692,-0.0401048,-1.09396,-0.433928,2.47005,-1.97001], "dq": [0.000822318,-0.000861434,0.000177667,0.00088749,-0.000402413,0.000354138,-0.0019582], "q_d": [2.11905,-0.107992,-0.0406344,-1.09393,-0.433971,2.46984,-1.97003], "dq_d": [0,0,0,0,0,0,0], "ddq_d": [0,0,0,0,0,0,0], "joint_contact": [0,0,0,0,0,0,0], "cartesian_contact": [0,0,0,0,0,0], "joint_collision": [0,0,0,0,0,0,0], "cartesian_collision": [0,0,0,0,0,0], "tau_ext_hat_filtered": [-1.99399,-1.75383,-2.34131,-0.0440772,-0.066678,-1.5047,0.0104715], "O_F_ext_hat_K": [5.50435,-3.2827,-1.77861,1.30133,4.85415,-2.04522], "K_F_ext_hat_K": [1.81234,-4.60794,-4.44074,0.199602,1.18729,0.00555474], "O_dP_EE_d": [0,0,0,0,0,0], "O_ddP_O": [0,0,-9.81], "O_T_EE_c": [-0.0213483,-0.046394,-0.998685,0,-0.970413,-0.239298,0.0318606,0,-0.240466,0.969836,-0.0399136,0,-0.235609,0.483112,1.01088,1], "O_dP_EE_c": [0,0,0,0,0,0], "O_ddP_EE_c": [0,0,0,0,0,0], "theta": [2.11931,-0.109152,-0.0402702,-1.09288,-0.433839,2.47006,-1.97], "dtheta": [0,0,0,0,0,0,0], "current_errors": [], "last_motion_errors": [], "control_command_success_rate": 0, "robot_mode": "User stopped", "time": 1273822}