{"O_T_EE": [0.0081203,-0.0223139,-0.999708,0,-0.880077,-0.474798,0.00344914,0,-0.474746,0.879809,-0.0234939,0,-0.360409,0.403627,1.01056,1], "O_T_EE_d": [0.00799193,-0.0222924,-0.99971,0,-0.880579,-0.473867,0.0035271,0,-0.473817,0.880312,-0.0234177,0,-0.359904,0.403962,1.01064,1], "F_T_NE": [0.7071,-0.7071,0,0,0.7071,0.7071,0,0,0,0,1,0,0,0,0.1034,1], "NE_T_EE": [1,0,0,0,0,1,0,0,0,0,1,0,0,0,0,1], "F_T_EE": [0.7071,-0.7071,0,0,0.7071,0.7071,0,0,0,0,1,0,0,0,0.1034,1], "EE_T_K": [1,0,0,0,0,1,0,0,0,0,1,0,0,0,0,1], "m_ee": 0.73, "F_x_Cee": [-0.01,0,0.03], "I_ee": [0.001,0,0,0,0.0025,0,0,0,0.0017], "m_load": 0, "F_x_Cload": [0,0,0], "I_load": [0,0,0,0,0,0,0,0,0], "m_total": 0.73, "F_x_Ctotal": [-0.01,0,0.03], "I_total": [0.001,0,0,0,0.0025,0,0,0,0.0017], "elbow": [0.674328,-1], "elbow_d": [0.673685,-1], "elbow_c": [0.673685,-1], "delbow_c": [0,0], "ddelbow_c": [0,0], "tau_J": [-1.93883,-11.8407,-4.86754,15.8408,0.816166,0.416245,0.0414016], "tau_J_d": [0,0,0,0,0,0,0], "dtau_J": [37.2741,-59.1363,-135.635,52.3712,0.837148,-0.172096,84.497], "q": [1.54418,-0.140136,0.674328,-1.10754,-0.250385,2.51698,-2.05645], "dq": [-0.000681578,0.00048101,0.00103096,-0.0044,1.4092e-05,-2.50259e-05,-0.00289483], "q_d": [1.5438,-0.140127,0.673685,-1.10738,-0.250411,2.51685,-2.05645], "dq_d": [0,0,0,0,0,0,0], "ddq_d": [0,0,0,0,0,0,0], "joint_contact": [0,0,0,0,0,0,0], "cartesian_contact": [0,0,0,0,0,0], "joint_collision": [0,0,0,0,0,0,0], "cartesian_collision": [0,0,0,0,0,0], "tau_ext_hat_filtered": [-1.96607,-0.478922,-2.54221,0.578365,-0.0616154,-1.19983,-0.00914268], "O_F_ext_hat_K": [0,0,0,0,0,0], "K_F_ext_hat_K": [0,0,0,0,0,0], "O_dP_EE_d": [0,0,0,0,0,0], "O_ddP_O": [0,0,-9.81], "O_T_EE_c": [0.00799193,-0.0222924,-0.99971,0,-0.880579,-0.473867,0.0035271,0,-0.473817,0.880312,-0.0234177,0,-0.359904,0.403962,1.01064,1], "O_dP_EE_c": [0,0,0,0,0,0], "O_ddP_EE_c": [0,0,0,0,0,0], "theta": [1.54404,-0.140966,0.673986,-1.10643,-0.250293,2.51702,-2.05645], "dtheta": [0,0,0,0,0,0,0], "current_errors": [], "last_motion_errors": [], "control_command_success_rate": 0, "robot_mode": "User stopped", "time": 923460}