{"O_T_EE": [-0.0246524,0.013299,-0.999598,0,-0.825589,-0.564109,0.0128559,0,-0.563722,0.82559,0.0248866,0,-0.396444,0.36957,1.01032,1], "O_T_EE_d": [-0.0247665,0.0133577,-0.999594,0,-0.826265,-0.563116,0.012947,0,-0.562726,0.826266,0.0249839,0,-0.395894,0.369981,1.01043,1], "F_T_NE": [0.7071,-0.7071,0,0,0.7071,0.7071,0,0,0,0,1,0,0,0,0.1034,1], "NE_T_EE": [1,0,0,0,0,1,0,0,0,0,1,0,0,0,0,1], "F_T_EE": [0.7071,-0.7071,0,0,0.7071,0.7071,0,0,0,0,1,0,0,0,0.1034,1], "EE_T_K": [1,0,0,0,0,1,0,0,0,0,1,0,0,0,0,1], "m_ee": 0.73, "F_x_Cee": [-0.01,0,0.03], "I_ee": [0.001,0,0,0,0.0025,0,0,0,0.0017], "m_load": 0, "F_x_Cload": [0,0,0], "I_load": [0,0,0,0,0,0,0,0,0], "m_total": 0.73, "F_x_Ctotal": [-0.01,0,0.03], "I_total": [0.001,0,0,0,0.0025,0,0,0,0.0017], "elbow": [0.718325,-1], "elbow_d": [0.717536,-1], "elbow_c": [0.717536,-1], "delbow_c": [0,0], "ddelbow_c": [0,0], "tau_J": [-1.97851,-9.6151,-6.29179,16.4557,1.10913,0.326523,0.0313308], "tau_J_d": [0,0,0,0,0,0,0], "dtau_J": [99.1591,-35.5454,-153.323,74.114,-17.9906,-5.47474,83.0566], "q": [1.5434,-0.177788,0.718325,-1.16949,-0.172126,2.61438,-2.07925], "dq": [-0.00158522,-0.000195597,-0.000156981,-0.000281727,0.000206933,-0.000108391,-0.00200027], "q_d": [1.54301,-0.177827,0.717536,-1.16936,-0.172138,2.61423,-2.07925], "dq_d": [0,0,0,0,0,0,0], "ddq_d": [0,0,0,0,0,0,0], "joint_contact": [0,0,0,0,0,0,0], "cartesian_contact": [0,0,0,0,0,0], "joint_collision": [0,0,0,0,0,0,0], "cartesian_collision": [0,0,0,0,0,0], "tau_ext_hat_filtered": [-2.01634,-0.145994,-3.12899,0.789481,0.180795,-1.20687,0.000557162], "O_F_ext_hat_K": [0,0,0,0,0,0], "K_F_ext_hat_K": [0,0,0,0,0,0], "O_dP_EE_d": [0,0,0,0,0,0], "O_ddP_O": [0,0,-9.81], "O_T_EE_c": [-0.0247665,0.0133577,-0.999594,0,-0.826265,-0.563116,0.012947,0,-0.562726,0.826266,0.0249839,0,-0.395894,0.369981,1.01043,1], "O_dP_EE_c": [0,0,0,0,0,0], "O_ddP_EE_c": [0,0,0,0,0,0], "theta": [1.54326,-0.178463,0.717884,-1.16834,-0.172002,2.61442,-2.07924], "dtheta": [0,0,0,0,0,0,0], "current_errors": [], "last_motion_errors": ["joint_reflex"], "control_command_success_rate": 0, "robot_mode": "User stopped", "time": 19328737}