{"O_T_EE": [-0.0130644,-0.0345326,-0.999309,0,-0.999173,0.0386836,0.0117259,0,0.0382527,0.998655,-0.0350101,0,-0.0926278,0.523711,1.01164,1], "O_T_EE_d": [-0.0131943,-0.0345821,-0.999305,0,-0.999121,0.0399896,0.011808,0,0.0395542,0.998601,-0.03508,0,-0.0918889,0.523775,1.01167,1], "F_T_NE": [0.7071,-0.7071,0,0,0.7071,0.7071,0,0,0,0,1,0,0,0,0.1034,1], "NE_T_EE": [1,0,0,0,0,1,0,0,0,0,1,0,0,0,0,1], "F_T_EE": [0.7071,-0.7071,0,0,0.7071,0.7071,0,0,0,0,1,0,0,0,0.1034,1], "EE_T_K": [1,0,0,0,0,1,0,0,0,0,1,0,0,0,0,1], "m_ee": 0.73, "F_x_Cee": [-0.01,0,0.03], "I_ee": [0.001,0,0,0,0.0025,0,0,0,0.0017], "m_load": 0, "F_x_Cload": [0,0,0], "I_load": [0,0,0,0,0,0,0,0,0], "m_total": 0.73, "F_x_Ctotal": [-0.01,0,0.03], "I_total": [0.001,0,0,0,0.0025,0,0,0,0.0017], "elbow": [-0.185016,-1], "elbow_d": [-0.185679,-1], "elbow_c": [-0.185679,-1], "delbow_c": [0,0], "ddelbow_c": [0,0], "tau_J": [-2.72436,-19.8309,-2.57841,15.3805,0.542423,0.176377,0.0414016], "tau_J_d": [0,0,0,0,0,0,0], "dtau_J": [20.0279,-15.283,90.2526,-52.7944,7.88832,-18.811,99.714], "q": [2.01554,-0.129204,-0.185016,-1.11326,-0.492982,2.46687,-1.96124], "dq": [-0.0001279,-0.000513396,2.3893e-05,0.000573808,0.00509714,0.00013123,-0.00166726], "q_d": [2.01501,-0.129331,-0.185679,-1.11324,-0.493047,2.46667,-1.96124], "dq_d": [0,0,0,0,0,0,0], "ddq_d": [0,0,0,0,0,0,0], "joint_contact": [0,0,0,0,0,0,0], "cartesian_contact": [0,0,0,0,0,0], "joint_collision": [0,0,0,0,0,0,0], "cartesian_collision": [0,0,0,0,0,0], "tau_ext_hat_filtered": [-2.73272,-1.66325,-2.99848,0.0255559,-0.329509,-1.42372,0.0188416], "O_F_ext_hat_K": [4.59969,-2.73484,-1.07566,1.29492,4.59085,-2.70815], "K_F_ext_hat_K": [1.10929,-4.71438,-2.51755,0.562768,0.902598,0.0217988], "O_dP_EE_d": [0,0,0,0,0,0], "O_ddP_O": [0,0,-9.81], "O_T_EE_c": [-0.0131943,-0.0345821,-0.999305,0,-0.999121,0.0399896,0.011808,0,0.0395542,0.998601,-0.03508,0,-0.0918889,0.523775,1.01167,1], "O_dP_EE_c": [0,0,0,0,0,0], "O_ddP_EE_c": [0,0,0,0,0,0], "theta": [2.01535,-0.130596,-0.185196,-1.11218,-0.492921,2.46689,-1.96123], "dtheta": [0,0,0,0,0,0,0], "current_errors": [], "last_motion_errors": [], "control_command_success_rate": 0, "robot_mode": "User stopped", "time": 1329243}