{"O_T_EE": [-0.0158954,-0.0401434,-0.999058,0,-0.991631,0.12859,0.0106104,0,0.128045,0.990885,-0.0418522,0,-0.04299,0.527741,1.01225,1], "O_T_EE_d": [-0.0160107,-0.0403754,-0.999047,0,-0.991456,0.129929,0.0106381,0,0.129378,0.990701,-0.0421115,0,-0.0422545,0.527817,1.01219,1], "F_T_NE": [0.7071,-0.7071,0,0,0.7071,0.7071,0,0,0,0,1,0,0,0,0.1034,1], "NE_T_EE": [1,0,0,0,0,1,0,0,0,0,1,0,0,0,0,1], "F_T_EE": [0.7071,-0.7071,0,0,0.7071,0.7071,0,0,0,0,1,0,0,0,0.1034,1], "EE_T_K": [1,0,0,0,0,1,0,0,0,0,1,0,0,0,0,1], "m_ee": 0.73, "F_x_Cee": [-0.01,0,0.03], "I_ee": [0.001,0,0,0,0.0025,0,0,0,0.0017], "m_load": 0, "F_x_Cload": [0,0,0], "I_load": [0,0,0,0,0,0,0,0,0], "m_total": 0.73, "F_x_Ctotal": [-0.01,0,0.03], "I_total": [0.001,0,0,0,0.0025,0,0,0,0.0017], "elbow": [-0.257563,-1], "elbow_d": [-0.25821,-1], "elbow_c": [-0.25821,-1], "delbow_c": [0,0], "ddelbow_c": [0,0], "tau_J": [-2.42681,-18.4383,-1.94365,14.8053,0.605595,0.0262303,0.112813], "tau_J_d": [0,0,0,0,0,0,0], "dtau_J": [-59.2765,-32.8138,-119.689,-47.3733,24.0593,25.5101,122.268], "q": [2.01258,-0.134725,-0.257563,-1.1087,-0.509396,2.45064,-1.96143], "dq": [0.00111602,-8.06672e-05,-0.00220854,-0.000350916,-0.000239863,-0.000219024,-0.00321939], "q_d": [2.01201,-0.1348,-0.25821,-1.10878,-0.509482,2.45041,-1.96142], "dq_d": [0,0,0,0,0,0,0], "ddq_d": [0,0,0,0,0,0,0], "joint_contact": [0,0,0,0,0,0,0], "cartesian_contact": [0,0,0,0,0,0], "joint_collision": [0,0,0,0,0,0,0], "cartesian_collision": [0,0,0,0,0,0], "tau_ext_hat_filtered": [-2.3407,-0.863573,-2.57495,-0.503939,-0.246592,-1.59897,0.0539343], "O_F_ext_hat_K": [3.39202,-2.13533,-1.08955,0.518762,3.55653,-2.31339], "K_F_ext_hat_K": [1.12034,-3.64984,-1.63593,0.624662,1.07409,0.0572641], "O_dP_EE_d": [0,0,0,0,0,0], "O_ddP_O": [0,0,-9.81], "O_T_EE_c": [-0.0160107,-0.0403754,-0.999047,0,-0.991456,0.129929,0.0106381,0,0.129378,0.990701,-0.0421115,0,-0.0422545,0.527817,1.01219,1], "O_dP_EE_c": [0,0,0,0,0,0], "O_ddP_EE_c": [0,0,0,0,0,0], "theta": [2.01241,-0.136019,-0.257699,-1.10766,-0.50933,2.45064,-1.96141], "dtheta": [0,0,0,0,0,0,0], "current_errors": [], "last_motion_errors": [], "control_command_success_rate": 0, "robot_mode": "User stopped", "time": 1348456}