{"O_T_EE": [-0.0204152,-0.0394524,-0.999003,0,-0.997657,-0.0643153,0.0229276,0,-0.065157,0.997149,-0.0380477,0,-0.141535,0.514363,1.01124,1], "O_T_EE_d": [-0.0205903,-0.0394268,-0.999001,0,-0.997737,-0.0630067,0.0230509,0,-0.0638538,0.997234,-0.0380409,0,-0.14076,0.514427,1.01131,1], "F_T_NE": [0.7071,-0.7071,0,0,0.7071,0.7071,0,0,0,0,1,0,0,0,0.1034,1], "NE_T_EE": [1,0,0,0,0,1,0,0,0,0,1,0,0,0,0,1], "F_T_EE": [0.7071,-0.7071,0,0,0.7071,0.7071,0,0,0,0,1,0,0,0,0.1034,1], "EE_T_K": [1,0,0,0,0,1,0,0,0,0,1,0,0,0,0,1], "m_ee": 0.73, "F_x_Cee": [-0.01,0,0.03], "I_ee": [0.001,0,0,0,0.0025,0,0,0,0.0017], "m_load": 0, "F_x_Cload": [0,0,0], "I_load": [0,0,0,0,0,0,0,0,0], "m_total": 0.73, "F_x_Ctotal": [-0.01,0,0.03], "I_total": [0.001,0,0,0,0.0025,0,0,0,0.0017], "elbow": [-0.112224,-1], "elbow_d": [-0.112927,-1], "elbow_c": [-0.112927,-1], "delbow_c": [0,0], "ddelbow_c": [0,0], "tau_J": [-2.53789,-20.0967,-2.57841,15.3448,0.61475,0.146164,0.0111892], "tau_J_d": [0,0,0,0,0,0,0], "dtau_J": [52.5355,-72.8932,-53.7779,-26.4185,-22.1559,25.7905,-109.581], "q": [2.01782,-0.123536,-0.112224,-1.11101,-0.446578,2.47386,-1.97736], "dq": [-0.000255336,0.000204437,0.00300527,0.000116776,0.000903341,-6.62087e-05,0.00235443], "q_d": [2.01729,-0.123827,-0.112927,-1.11109,-0.446619,2.4737,-1.97737], "dq_d": [0,0,0,0,0,0,0], "ddq_d": [0,0,0,0,0,0,0], "joint_contact": [0,0,0,0,0,0,0], "cartesian_contact": [0,0,0,0,0,0], "joint_collision": [0,0,0,0,0,0,0], "cartesian_collision": [0,0,0,0,0,0], "tau_ext_hat_filtered": [-2.56154,-1.4956,-2.75292,-0.0552474,-0.23699,-1.48238,0.0713828], "O_F_ext_hat_K": [4.57141,-2.78714,-1.10775,1.18147,4.45319,-2.50687], "K_F_ext_hat_K": [1.1233,-4.40692,-3.03491,0.571736,1.05289,0.0776708], "O_dP_EE_d": [0,0,0,0,0,0], "O_ddP_O": [0,0,-9.81], "O_T_EE_c": [-0.0205903,-0.0394268,-0.999001,0,-0.997737,-0.0630067,0.0230509,0,-0.0638538,0.997234,-0.0380409,0,-0.14076,0.514427,1.01131,1], "O_dP_EE_c": [0,0,0,0,0,0], "O_ddP_EE_c": [0,0,0,0,0,0], "theta": [2.01765,-0.124946,-0.112406,-1.10993,-0.446508,2.47388,-1.97736], "dtheta": [0,0,0,0,0,0,0], "current_errors": [], "last_motion_errors": [], "control_command_success_rate": 0, "robot_mode": "User stopped", "time": 1296292}