{"O_T_EE": [-0.0152084,-0.0356938,-0.999237,0,-0.988218,-0.151616,0.0204566,0,-0.152233,0.987795,-0.032968,0,-0.18968,0.501381,1.01092,1], "O_T_EE_d": [-0.0153818,-0.0356644,-0.999236,0,-0.988343,-0.150778,0.0205956,0,-0.1514,0.987924,-0.03293,0,-0.189149,0.501359,1.01103,1], "F_T_NE": [0.7071,-0.7071,0,0,0.7071,0.7071,0,0,0,0,1,0,0,0,0.1034,1], "NE_T_EE": [1,0,0,0,0,1,0,0,0,0,1,0,0,0,0,1], "F_T_EE": [0.7071,-0.7071,0,0,0.7071,0.7071,0,0,0,0,1,0,0,0,0.1034,1], "EE_T_K": [1,0,0,0,0,1,0,0,0,0,1,0,0,0,0,1], "m_ee": 0.73, "F_x_Cee": [-0.01,0,0.03], "I_ee": [0.001,0,0,0,0.0025,0,0,0,0.0017], "m_load": 0, "F_x_Cload": [0,0,0], "I_load": [0,0,0,0,0,0,0,0,0], "m_total": 0.73, "F_x_Ctotal": [-0.01,0,0.03], "I_total": [0.001,0,0,0,0.0025,0,0,0,0.0017], "elbow": [-0.0688037,-1], "elbow_d": [-0.06922,-1], "elbow_c": [-0.06922,-1], "delbow_c": [0,0], "ddelbow_c": [0,0], "tau_J": [-1.93883,-20.3982,-2.16581,15.4599,0.852787,0.0756688,0.0615432], "tau_J_d": [0,0,0,0,0,0,0], "dtau_J": [-152.929,97.164,10.9201,27.1867,37.2744,-5.3272,62.4792], "q": [2.05863,-0.116819,-0.0688037,-1.10849,-0.444547,2.48194,-1.97502], "dq": [0.0013479,-4.42901e-05,-0.00115351,-0.000368303,-0.00994001,0.000380178,-0.00185995], "q_d": [2.05829,-0.1172,-0.06922,-1.10857,-0.444564,2.48169,-1.97501], "dq_d": [0,0,0,0,0,0,0], "ddq_d": [0,0,0,0,0,0,0], "joint_contact": [0,0,0,0,0,0,0], "cartesian_contact": [0,0,0,0,0,0], "joint_collision": [0,0,0,0,0,0,0], "cartesian_collision": [0,0,0,0,0,0], "tau_ext_hat_filtered": [-1.78039,-1.51825,-2.10873,-0.0453257,-0.0223127,-1.52819,0.029448], "O_F_ext_hat_K": [4.29084,-3.00662,-0.561078,1.33968,4.02879,-1.83063], "K_F_ext_hat_K": [0.602723,-3.79598,-3.60463,0.278185,1.42729,0.0241682], "O_dP_EE_d": [0,0,0,0,0,0], "O_ddP_O": [0,0,-9.81], "O_T_EE_c": [-0.0153818,-0.0356644,-0.999236,0,-0.988343,-0.150778,0.0205956,0,-0.1514,0.987924,-0.03293,0,-0.189149,0.501359,1.01103,1], "O_dP_EE_c": [0,0,0,0,0,0], "O_ddP_EE_c": [0,0,0,0,0,0], "theta": [2.05849,-0.118251,-0.0689556,-1.10741,-0.444452,2.48195,-1.97501], "dtheta": [0,0,0,0,-0.037723,0,0], "current_errors": [], "last_motion_errors": [], "control_command_success_rate": 0, "robot_mode": "User stopped", "time": 1246099}