{"O_T_EE": [-0.0210391,-0.0434879,-0.998823,0,-0.974375,0.224628,0.0107441,0,0.223901,0.973473,-0.0471005,0,0.00709157,0.527517,1.01255,1], "O_T_EE_d": [-0.0211895,-0.0435809,-0.998816,0,-0.974108,0.225783,0.0108138,0,0.225049,0.973202,-0.0472377,0,0.00776933,0.527448,1.01256,1], "F_T_NE": [0.7071,-0.7071,0,0,0.7071,0.7071,0,0,0,0,1,0,0,0,0.1034,1], "NE_T_EE": [1,0,0,0,0,1,0,0,0,0,1,0,0,0,0,1], "F_T_EE": [0.7071,-0.7071,0,0,0.7071,0.7071,0,0,0,0,1,0,0,0,0.1034,1], "EE_T_K": [1,0,0,0,0,1,0,0,0,0,1,0,0,0,0,1], "m_ee": 0.73, "F_x_Cee": [-0.01,0,0.03], "I_ee": [0.001,0,0,0,0.0025,0,0,0,0.0017], "m_load": 0, "F_x_Cload": [0,0,0], "I_load": [0,0,0,0,0,0,0,0,0], "m_total": 0.73, "F_x_Ctotal": [-0.01,0,0.03], "I_total": [0.001,0,0,0,0.0025,0,0,0,0.0017], "elbow": [-0.315301,-1], "elbow_d": [-0.315896,-1], "elbow_c": [-0.315896,-1], "delbow_c": [0,0], "ddelbow_c": [0,0], "tau_J": [-2.53789,-17.9861,-1.86827,14.5752,0.496647,-0.114761,-0.00986788], "tau_J_d": [0,0,0,0,0,0,0], "dtau_J": [-97.0003,-105.497,-212.442,-32.6826,16.1737,-15.8082,-96.9052], "q": [1.9934,-0.139947,-0.315301,-1.10467,-0.535084,2.43433,-1.95144], "dq": [0.00136844,0.00110606,0.00264354,0.000392832,-0.000180348,-5.81583e-05,0.00188185], "q_d": [1.99294,-0.140117,-0.315896,-1.10469,-0.535169,2.43409,-1.95146], "dq_d": [0,0,0,0,0,0,0], "ddq_d": [0,0,0,0,0,0,0], "joint_contact": [0,0,0,0,0,0,0], "cartesian_contact": [0,0,0,0,0,0], "joint_collision": [0,0,0,0,0,0,0], "cartesian_collision": [0,0,0,0,0,0], "tau_ext_hat_filtered": [-2.4729,-1.01551,-2.64742,-0.627877,-0.338449,-1.73437,0.0465926], "O_F_ext_hat_K": [3.08631,-3.16532,-2.16814,1.11319,3.37588,-2.41948], "K_F_ext_hat_K": [2.23835,-3.74162,-2.2882,0.777763,0.968441,0.0531303], "O_dP_EE_d": [0,0,0,0,0,0], "O_ddP_O": [0,0,-9.81], "O_T_EE_c": [-0.0211895,-0.0435809,-0.998816,0,-0.974108,0.225783,0.0108138,0,0.225049,0.973202,-0.0472377,0,0.00776933,0.527448,1.01256,1], "O_dP_EE_c": [0,0,0,0,0,0], "O_ddP_EE_c": [0,0,0,0,0,0], "theta": [1.99322,-0.141209,-0.315431,-1.10365,-0.535029,2.43432,-1.95144], "dtheta": [0,0,0,0,0,0,0], "current_errors": [], "last_motion_errors": [], "control_command_success_rate": 0, "robot_mode": "User stopped", "time": 1370272}