{"O_T_EE": [-0.0390344,-0.0157051,-0.999105,0,-0.766261,0.642208,0.0198424,0,0.641333,0.766365,-0.0371031,0,0.247756,0.455455,1.01297,1], "O_T_EE_d": [-0.039193,-0.0159219,-0.999095,0,-0.766187,0.642297,0.0198205,0,0.641412,0.766286,-0.0373734,0,0.247801,0.455459,1.01289,1], "F_T_NE": [0.7071,-0.7071,0,0,0.7071,0.7071,0,0,0,0,1,0,0,0,0.1034,1], "NE_T_EE": [1,0,0,0,0,1,0,0,0,0,1,0,0,0,0,1], "F_T_EE": [0.7071,-0.7071,0,0,0.7071,0.7071,0,0,0,0,1,0,0,0,0.1034,1], "EE_T_K": [1,0,0,0,0,1,0,0,0,0,1,0,0,0,0,1], "m_ee": 0.73, "F_x_Cee": [-0.01,0,0.03], "I_ee": [0.001,0,0,0,0.0025,0,0,0,0.0017], "m_load": 0, "F_x_Cload": [0,0,0], "I_load": [0,0,0,0,0,0,0,0,0], "m_total": 0.73, "F_x_Ctotal": [-0.01,0,0.03], "I_total": [0.001,0,0,0,0.0025,0,0,0,0.0017], "elbow": [0.0648529,-1], "elbow_d": [0.064833,-1], "elbow_c": [0.064833,-1], "delbow_c": [0,0], "ddelbow_c": [0,0], "tau_J": [-0.447135,-16.1373,-1.19383,14.23,0.889408,0.206589,0.0615432], "tau_J_d": [0,0,0,0,0,0,0], "dtau_J": [23.3274,-133.318,-109.826,3.19647,13.3155,3.66078,34.7177], "q": [1.03522,-0.170961,0.0648529,-1.16305,-0.375042,2.48822,-2.01357], "dq": [-0.000757929,0.00181184,0.000984606,0.000314245,-0.000468147,-7.70033e-05,-0.000491766], "q_d": [1.0352,-0.171003,0.064833,-1.16316,-0.375051,2.48801,-2.01356], "dq_d": [0,0,0,0,0,0,0], "ddq_d": [0,0,0,0,0,0,0], "joint_contact": [0,0,0,0,0,0,0], "cartesian_contact": [0,0,0,0,0,0], "joint_collision": [0,0,0,0,0,0,0], "cartesian_collision": [0,0,0,0,0,0], "tau_ext_hat_filtered": [-0.478513,0.753703,-0.672278,-1.17698,0.0174085,-1.42829,0.0589961], "O_F_ext_hat_K": [-0.420065,-1.44033,-1.02773,0.0695961,0.643938,-0.547231], "K_F_ext_hat_K": [1.06584,-0.623513,-1.33509,0.404533,1.22169,0.0477379], "O_dP_EE_d": [0,0,0,0,0,0], "O_ddP_O": [0,0,-9.81], "O_T_EE_c": [-0.039193,-0.0159219,-0.999095,0,-0.766187,0.642297,0.0198205,0,0.641412,0.766286,-0.0373734,0,0.247801,0.455459,1.01289,1], "O_dP_EE_c": [0,0,0,0,0,0], "O_ddP_EE_c": [0,0,0,0,0,0], "theta": [1.03518,-0.172093,0.0647691,-1.16205,-0.374943,2.48825,-2.01356], "dtheta": [0,0,0,0,0,0,0], "current_errors": [], "last_motion_errors": [], "control_command_success_rate": 0, "robot_mode": "User stopped", "time": 1962703}