{"O_T_EE": [0.000327529,0.0311734,-0.999504,0,-0.810508,0.585434,0.0179934,0,0.585716,0.810116,0.0254585,0,0.205615,0.474721,1.01469,1], "O_T_EE_d": [-0.000460868,0.0308965,-0.999513,0,-0.81032,0.58568,0.0184779,0,0.585977,0.809949,0.0247666,0,0.206143,0.474681,1.01444,1], "F_T_NE": [0.7071,-0.7071,0,0,0.7071,0.7071,0,0,0,0,1,0,0,0,0.1034,1], "NE_T_EE": [1,0,0,0,0,1,0,0,0,0,1,0,0,0,0,1], "F_T_EE": [0.7071,-0.7071,0,0,0.7071,0.7071,0,0,0,0,1,0,0,0,0.1034,1], "EE_T_K": [1,0,0,0,0,1,0,0,0,0,1,0,0,0,0,1], "m_ee": 0.73, "F_x_Cee": [-0.01,0,0.03], "I_ee": [0.001,0,0,0,0.0025,0,0,0,0.0017], "m_load": 0, "F_x_Cload": [0,0,0], "I_load": [0,0,0,0,0,0,0,0,0], "m_total": 0.73, "F_x_Ctotal": [-0.01,0,0.03], "I_total": [0.001,0,0,0,0.0025,0,0,0,0.0017], "elbow": [0.877468,-1], "elbow_d": [0.877369,-1], "elbow_c": [0.877369,-1], "delbow_c": [0,0], "ddelbow_c": [0,0], "tau_J": [-1.00652,6.03187,-9.25535,11.3934,0.651371,0.196518,0.071614], "tau_J_d": [0,0,0,0,0,0,0], "dtau_J": [31.4257,-24.5504,99.4647,1.90467,-1.14902,-1.21599,-6.0939], "q": [-0.161633,-0.419187,0.877468,-1.2169,0.477911,2.57018,-2.41293], "dq": [0.000621431,-0.000201785,0.00191843,-0.000577076,0.000197196,-0.00027922,0.000175802], "q_d": [-0.16173,-0.418784,0.877369,-1.21732,0.477923,2.57001,-2.41294], "dq_d": [0,0,0,0,0,0,0], "ddq_d": [0,0,0,0,0,0,0], "joint_contact": [0,0,0,0,0,0,0], "cartesian_contact": [0,0,0,0,0,0], "joint_collision": [0,0,0,0,0,0,0], "cartesian_collision": [0,0,0,0,0,0], "tau_ext_hat_filtered": [-1.0308,1.85832,-1.12214,-1.87901,0.124239,-1.38182,0.0798489], "O_F_ext_hat_K": [0,0,0,0,0,0], "K_F_ext_hat_K": [0,0,0,0,0,0], "O_dP_EE_d": [0,0,0,0,0,0], "O_ddP_O": [0,0,-9.81], "O_T_EE_c": [-0.000460868,0.0308965,-0.999513,0,-0.81032,0.58568,0.0184779,0,0.585977,0.809949,0.0247666,0,0.206143,0.474681,1.01444,1], "O_dP_EE_c": [0,0,0,0,0,0], "O_ddP_EE_c": [0,0,0,0,0,0], "theta": [-0.161704,-0.418764,0.87682,-1.2161,0.477984,2.5702,-2.41292], "dtheta": [0,0,0,0,0,0,0], "current_errors": [], "last_motion_errors": [], "control_command_success_rate": 0, "robot_mode": "User stopped", "time": 1795606}