{"O_T_EE": [-0.0270787,0.00395154,-0.999616,0,-0.858136,0.512782,0.0252732,0,0.512695,0.858507,-0.0104947,0,0.159115,0.493426,1.01458,1], "O_T_EE_d": [-0.0276977,0.00378295,-0.9996,0,-0.858049,0.512905,0.0257166,0,0.512806,0.858434,-0.0109605,0,0.159508,0.493394,1.01444,1], "F_T_NE": [0.7071,-0.7071,0,0,0.7071,0.7071,0,0,0,0,1,0,0,0,0.1034,1], "NE_T_EE": [1,0,0,0,0,1,0,0,0,0,1,0,0,0,0,1], "F_T_EE": [0.7071,-0.7071,0,0,0.7071,0.7071,0,0,0,0,1,0,0,0,0.1034,1], "EE_T_K": [1,0,0,0,0,1,0,0,0,0,1,0,0,0,0,1], "m_ee": 0.73, "F_x_Cee": [-0.01,0,0.03], "I_ee": [0.001,0,0,0,0.0025,0,0,0,0.0017], "m_load": 0, "F_x_Cload": [0,0,0], "I_load": [0,0,0,0,0,0,0,0,0], "m_total": 0.73, "F_x_Ctotal": [-0.01,0,0.03], "I_total": [0.001,0,0,0,0.0025,0,0,0,0.0017], "elbow": [0.911992,-1], "elbow_d": [0.911905,-1], "elbow_c": [0.911905,-1], "delbow_c": [0,0], "ddelbow_c": [0,0], "tau_J": [-0.82006,8.14247,-9.40611,10.7825,0.569889,0.386033,0.122884], "tau_J_d": [0,0,0,0,0,0,0], "dtau_J": [-218.569,64.8876,58.4995,98.4008,12.1846,16.2375,86.59], "q": [-0.162925,-0.439578,0.911992,-1.1673,0.538768,2.49118,-2.41673], "dq": [0.0013709,1.9127e-05,-0.000770198,-0.000313032,-0.000326951,3.94521e-05,0.00335031], "q_d": [-0.162912,-0.439185,0.911905,-1.16754,0.538759,2.49103,-2.41673], "dq_d": [0,0,0,0,0,0,0], "ddq_d": [0,0,0,0,0,0,0], "joint_contact": [0,0,0,0,0,0,0], "cartesian_contact": [0,0,0,0,0,0], "joint_collision": [0,0,0,0,0,0,0], "cartesian_collision": [0,0,0,0,0,0], "tau_ext_hat_filtered": [-0.796872,1.59237,-0.822841,-1.65709,0.0397452,-1.27642,0.0858154], "O_F_ext_hat_K": [0,0,0,0,0,0], "K_F_ext_hat_K": [0,0,0,0,0,0], "O_dP_EE_d": [0,0,0,0,0,0], "O_ddP_O": [0,0,-9.81], "O_T_EE_c": [-0.0276977,0.00378295,-0.9996,0,-0.858049,0.512905,0.0257166,0,0.512806,0.858434,-0.0109605,0,0.159508,0.493394,1.01444,1], "O_dP_EE_c": [0,0,0,0,0,0], "O_ddP_EE_c": [0,0,0,0,0,0], "theta": [-0.162982,-0.439006,0.911332,-1.16654,0.53883,2.49122,-2.41671], "dtheta": [0,0,0,0,0,0,0], "current_errors": [], "last_motion_errors": [], "control_command_success_rate": 0, "robot_mode": "User stopped", "time": 1684588}