{"O_T_EE": [0.00482935,0.0247724,-0.999672,0,-0.907654,0.419653,0.00601441,0,0.419673,0.907345,0.0245119,0,0.110666,0.508619,1.01461,1], "O_T_EE_d": [0.00409921,0.0245395,-0.999681,0,-0.907473,0.420037,0.0065897,0,0.420073,0.907173,0.0239912,0,0.111249,0.508547,1.01446,1], "F_T_NE": [0.7071,-0.7071,0,0,0.7071,0.7071,0,0,0,0,1,0,0,0,0.1034,1], "NE_T_EE": [1,0,0,0,0,1,0,0,0,0,1,0,0,0,0,1], "F_T_EE": [0.7071,-0.7071,0,0,0.7071,0.7071,0,0,0,0,1,0,0,0,0.1034,1], "EE_T_K": [1,0,0,0,0,1,0,0,0,0,1,0,0,0,0,1], "m_ee": 0.73, "F_x_Cee": [-0.01,0,0.03], "I_ee": [0.001,0,0,0,0.0025,0,0,0,0.0017], "m_load": 0, "F_x_Cload": [0,0,0], "I_load": [0,0,0,0,0,0,0,0,0], "m_total": 0.73, "F_x_Ctotal": [-0.01,0,0.03], "I_total": [0.001,0,0,0,0.0025,0,0,0,0.0017], "elbow": [0.917277,-1], "elbow_d": [0.917076,-1], "elbow_c": [0.917076,-1], "delbow_c": [0,0], "ddelbow_c": [0,0], "tau_J": [-0.708976,11.0426,-10.0805,9.44152,0.496647,0.376877,0.102742], "tau_J_d": [0,0,0,0,0,0,0], "dtau_J": [-46.678,-40.2531,67.1303,52.8221,34.7408,-56.8785,110.645], "q": [-0.170859,-0.509951,0.917277,-1.18314,0.732967,2.50482,-2.52871], "dq": [0.000870659,0.00106954,-0.000488791,0.000390252,-0.000748091,0.000338747,-0.0021073], "q_d": [-0.170974,-0.509546,0.917076,-1.18353,0.732949,2.50464,-2.52869], "dq_d": [0,0,0,0,0,0,0], "ddq_d": [0,0,0,0,0,0,0], "joint_contact": [0,0,0,0,0,0,0], "cartesian_contact": [0,0,0,0,0,0], "joint_collision": [0,0,0,0,0,0,0], "cartesian_collision": [0,0,0,0,0,0], "tau_ext_hat_filtered": [-0.678413,1.40026,-0.198006,-2.03531,0.0728678,-1.173,0.0604753], "O_F_ext_hat_K": [0,0,0,0,0,0], "K_F_ext_hat_K": [0,0,0,0,0,0], "O_dP_EE_d": [0,0,0,0,0,0], "O_ddP_O": [0,0,-9.81], "O_T_EE_c": [0.00409921,0.0245395,-0.999681,0,-0.907473,0.420037,0.0065897,0,0.420073,0.907173,0.0239912,0,0.111249,0.508547,1.01446,1], "O_dP_EE_c": [0,0,0,0,0,0], "O_ddP_EE_c": [0,0,0,0,0,0], "theta": [-0.170908,-0.509176,0.91657,-1.18248,0.733022,2.50487,-2.5287], "dtheta": [0,0,0,0,0,0,0], "current_errors": [], "last_motion_errors": [], "control_command_success_rate": 0, "robot_mode": "User stopped", "time": 1502725}