{"O_T_EE": [-0.0168155,-0.003874,-0.999841,0,-0.94336,0.33142,0.0145815,0,0.331317,0.943474,-0.00922775,0,0.0623919,0.518846,1.01431,1], "O_T_EE_d": [-0.0173749,-0.00411345,-0.999831,0,-0.943233,0.331762,0.0150264,0,0.33165,0.943353,-0.00964444,0,0.062857,0.518845,1.01418,1], "F_T_NE": [0.7071,-0.7071,0,0,0.7071,0.7071,0,0,0,0,1,0,0,0,0.1034,1], "NE_T_EE": [1,0,0,0,0,1,0,0,0,0,1,0,0,0,0,1], "F_T_EE": [0.7071,-0.7071,0,0,0.7071,0.7071,0,0,0,0,1,0,0,0,0.1034,1], "EE_T_K": [1,0,0,0,0,1,0,0,0,0,1,0,0,0,0,1], "m_ee": 0.73, "F_x_Cee": [-0.01,0,0.03], "I_ee": [0.001,0,0,0,0.0025,0,0,0,0.0017], "m_load": 0, "F_x_Cload": [0,0,0], "I_load": [0,0,0,0,0,0,0,0,0], "m_total": 0.73, "F_x_Ctotal": [-0.01,0,0.03], "I_total": [0.001,0,0,0,0.0025,0,0,0,0.0017], "elbow": [0.938181,-1], "elbow_d": [0.937993,-1], "elbow_c": [0.937993,-1], "delbow_c": [0,0], "ddelbow_c": [0,0], "tau_J": [-0.558219,9.34852,-9.62828,10.3223,0.487492,0.296311,0.0926712], "tau_J_d": [0,0,0,0,0,0,0], "dtau_J": [30.6923,-79.8574,-65.0226,114.867,-10.1599,-12.975,-52.3132], "q": [-0.045111,-0.461084,0.938181,-1.15013,0.624132,2.47554,-2.46572], "dq": [0.000497662,0.00098154,-0.000269234,0.00288646,-0.00114087,-1.08189e-05,0.000561147], "q_d": [-0.0451966,-0.460786,0.937993,-1.15047,0.624134,2.47542,-2.46571], "dq_d": [0,0,0,0,0,0,0], "ddq_d": [0,0,0,0,0,0,0], "joint_contact": [0,0,0,0,0,0,0], "cartesian_contact": [0,0,0,0,0,0], "joint_collision": [0,0,0,0,0,0,0], "cartesian_collision": [0,0,0,0,0,0], "tau_ext_hat_filtered": [-0.563759,1.09688,-0.576483,-1.56153,0.0183688,-1.35586,0.115561], "O_F_ext_hat_K": [0,0,0,0,0,0], "K_F_ext_hat_K": [0,0,0,0,0,0], "O_dP_EE_d": [0,0,0,0,0,0], "O_ddP_O": [0,0,-9.81], "O_T_EE_c": [-0.0173749,-0.00411345,-0.999831,0,-0.943233,0.331762,0.0150264,0,0.33165,0.943353,-0.00964444,0,0.062857,0.518845,1.01418,1], "O_dP_EE_c": [0,0,0,0,0,0], "O_ddP_EE_c": [0,0,0,0,0,0], "theta": [-0.0451502,-0.460428,0.937505,-1.14941,0.624186,2.47558,-2.46571], "dtheta": [0,0,0,0,0,0,0], "current_errors": [], "last_motion_errors": [], "control_command_success_rate": 0, "robot_mode": "User stopped", "time": 1611159}