{"O_T_EE": [-0.063956,-0.0255062,-0.997617,0,-0.703143,0.710526,0.0269115,0,0.70816,0.703202,-0.0633781,0,0.290268,0.428232,1.01318,1], "O_T_EE_d": [-0.0640485,-0.0254906,-0.997612,0,-0.703074,0.710591,0.0269819,0,0.70822,0.703137,-0.0634353,0,0.290264,0.42813,1.01321,1], "F_T_NE": [0.7071,-0.7071,0,0,0.7071,0.7071,0,0,0,0,1,0,0,0,0.1034,1], "NE_T_EE": [1,0,0,0,0,1,0,0,0,0,1,0,0,0,0,1], "F_T_EE": [0.7071,-0.7071,0,0,0.7071,0.7071,0,0,0,0,1,0,0,0,0.1034,1], "EE_T_K": [1,0,0,0,0,1,0,0,0,0,1,0,0,0,0,1], "m_ee": 0.73, "F_x_Cee": [-0.01,0,0.03], "I_ee": [0.001,0,0,0,0.0025,0,0,0,0.0017], "m_load": 0, "F_x_Cload": [0,0,0], "I_load": [0,0,0,0,0,0,0,0,0], "m_total": 0.73, "F_x_Ctotal": [-0.01,0,0.03], "I_total": [0.001,0,0,0,0.0025,0,0,0,0.0017], "elbow": [0.0175161,-1], "elbow_d": [0.0174658,-1], "elbow_c": [0.0174658,-1], "delbow_c": [0,0], "ddelbow_c": [0,0], "tau_J": [0.151925,-17.1172,-0.178204,14.2697,1.31879,0.426316,0.0111892], "tau_J_d": [0,0,0,0,0,0,0], "dtau_J": [75.3292,37.0724,-101.752,-58.2317,-24.5282,-8.26075,-53.5897], "q": [1.00219,-0.161177,0.0175161,-1.13271,-0.37292,2.44158,-2.02025], "dq": [-0.000354219,0.000475646,0.00134434,2.16361e-06,0.00057279,-0.000164457,0.00190585], "q_d": [1.00218,-0.16133,0.0174658,-1.13272,-0.372867,2.44139,-2.02026], "dq_d": [0,0,0,0,0,0,0], "ddq_d": [0,0,0,0,0,0,0], "joint_contact": [0,0,0,0,0,0,0], "cartesian_contact": [0,0,0,0,0,0], "joint_collision": [0,0,0,0,0,0,0], "cartesian_collision": [0,0,0,0,0,0], "tau_ext_hat_filtered": [0.114993,-0.0301002,0.112562,-0.873508,0.528409,-1.28601,0.0550075], "O_F_ext_hat_K": [-1.32014,-2.62563,-1.26799,1.22401,0.0525382,0.168657], "K_F_ext_hat_K": [1.4164,-0.971475,-2.70086,-0.333551,1.36405,0.0629711], "O_dP_EE_d": [0,0,0,0,0,0], "O_ddP_O": [0,0,-9.81], "O_T_EE_c": [-0.0640485,-0.0254906,-0.997612,0,-0.703074,0.710591,0.0269819,0,0.70822,0.703137,-0.0634353,0,0.290264,0.42813,1.01321,1], "O_dP_EE_c": [0,0,0,0,0,0], "O_ddP_EE_c": [0,0,0,0,0,0], "theta": [1.0022,-0.162378,0.0175034,-1.1317,-0.372777,2.44162,-2.02025], "dtheta": [0,0,0,0,0,0,0], "current_errors": [], "last_motion_errors": [], "control_command_success_rate": 0, "robot_mode": "User stopped", "time": 1935102}