{"O_T_EE": [-0.0375057,-0.00433406,-0.999277,0,-0.604371,0.796459,0.0192294,0,0.795815,0.604667,-0.0324918,0,0.346127,0.379251,1.01344,1], "O_T_EE_d": [-0.037634,-0.00444567,-0.999272,0,-0.604245,0.796555,0.0192129,0,0.795905,0.604539,-0.0326644,0,0.346201,0.379231,1.01339,1], "F_T_NE": [0.7071,-0.7071,0,0,0.7071,0.7071,0,0,0,0,1,0,0,0,0.1034,1], "NE_T_EE": [1,0,0,0,0,1,0,0,0,0,1,0,0,0,0,1], "F_T_EE": [0.7071,-0.7071,0,0,0.7071,0.7071,0,0,0,0,1,0,0,0,0.1034,1], "EE_T_K": [1,0,0,0,0,1,0,0,0,0,1,0,0,0,0,1], "m_ee": 0.73, "F_x_Cee": [-0.01,0,0.03], "I_ee": [0.001,0,0,0,0.0025,0,0,0,0.0017], "m_load": 0, "F_x_Cload": [0,0,0], "I_load": [0,0,0,0,0,0,0,0,0], "m_total": 0.73, "F_x_Ctotal": [-0.01,0,0.03], "I_total": [0.001,0,0,0,0.0025,0,0,0,0.0017], "elbow": [-0.117842,-1], "elbow_d": [-0.117897,-1], "elbow_c": [-0.117897,-1], "delbow_c": [0,0], "ddelbow_c": [0,0], "tau_J": [-0.558219,-16.2127,-0.253582,14.3848,0.953495,0.276169,0.0111892], "tau_J_d": [0,0,0,0,0,0,0], "dtau_J": [-178.453,-37.7397,-19.2595,102.617,13.6395,-7.23966,-40.1383], "q": [1.02363,-0.190124,-0.117842,-1.18255,-0.435551,2.49019,-1.99691], "dq": [0.00156252,1.23547e-05,6.19888e-05,-0.000272039,-0.000622204,2.1264e-05,0.00152296], "q_d": [1.02358,-0.190098,-0.117897,-1.18257,-0.435564,2.49005,-1.99691], "dq_d": [0,0,0,0,0,0,0], "ddq_d": [0,0,0,0,0,0,0], "joint_contact": [0,0,0,0,0,0,0], "cartesian_contact": [0,0,0,0,0,0], "joint_collision": [0,0,0,0,0,0,0], "cartesian_collision": [0,0,0,0,0,0], "tau_ext_hat_filtered": [-0.501078,0.140826,-0.572484,-1.07433,0.0732648,-1.34522,0.0519239], "O_F_ext_hat_K": [-1.65439,-2.36047,-2.37109,0.930458,-0.043343,-0.492227], "K_F_ext_hat_K": [2.4417,-0.925765,-2.66684,0.319989,0.981299,0.0535263], "O_dP_EE_d": [0,0,0,0,0,0], "O_ddP_O": [0,0,-9.81], "O_T_EE_c": [-0.037634,-0.00444567,-0.999272,0,-0.604245,0.796555,0.0192129,0,0.795905,0.604539,-0.0326644,0,0.346201,0.379231,1.01339,1], "O_dP_EE_c": [0,0,0,0,0,0], "O_ddP_EE_c": [0,0,0,0,0,0], "theta": [1.02359,-0.191262,-0.117861,-1.18154,-0.435444,2.49022,-1.99691], "dtheta": [0,0,0,0,0,0,0], "current_errors": [], "last_motion_errors": [], "control_command_success_rate": 0, "robot_mode": "User stopped", "time": 1997995}