{"O_T_EE": [0.0314189,0.0265035,-0.999145,0,-0.49678,0.867834,0.00739865,0,0.867305,0.496132,0.0404336,0,0.382303,0.338947,1.01408,1], "O_T_EE_d": [0.031038,0.026438,-0.999159,0,-0.496738,0.867857,0.00753301,0,0.867343,0.496095,0.0400701,0,0.382464,0.338928,1.01395,1], "F_T_NE": [0.7071,-0.7071,0,0,0.7071,0.7071,0,0,0,0,1,0,0,0,0.1034,1], "NE_T_EE": [1,0,0,0,0,1,0,0,0,0,1,0,0,0,0,1], "F_T_EE": [0.7071,-0.7071,0,0,0.7071,0.7071,0,0,0,0,1,0,0,0,0.1034,1], "EE_T_K": [1,0,0,0,0,1,0,0,0,0,1,0,0,0,0,1], "m_ee": 0.73, "F_x_Cee": [-0.01,0,0.03], "I_ee": [0.001,0,0,0,0.0025,0,0,0,0.0017], "m_load": 0, "F_x_Cload": [0,0,0], "I_load": [0,0,0,0,0,0,0,0,0], "m_total": 0.73, "F_x_Ctotal": [-0.01,0,0.03], "I_total": [0.001,0,0,0,0.0025,0,0,0,0.0017], "elbow": [0.692625,-1], "elbow_d": [0.692616,-1], "elbow_c": [0.692616,-1], "delbow_c": [0,0], "ddelbow_c": [0,0], "tau_J": [-0.185295,-2.86675,-5.65306,13.4643,0.825321,0.296311,0.112813], "tau_J_d": [0,0,0,0,0,0,0], "dtau_J": [70.8229,28.3414,-60.2589,-9.74983,-19.5022,-6.19545,112.587], "q": [-0.232264,-0.328119,0.692625,-1.27693,0.159166,2.64362,-2.27771], "dq": [-0.000182014,-0.000620395,0.000330183,0.00025147,-0.00716967,0.000110798,-0.00255002], "q_d": [-0.232275,-0.327974,0.692616,-1.27706,0.159185,2.64348,-2.2777], "dq_d": [0,0,0,0,0,0,0], "ddq_d": [0,0,0,0,0,0,0], "joint_contact": [0,0,0,0,0,0,0], "cartesian_contact": [0,0,0,0,0,0], "joint_collision": [0,0,0,0,0,0,0], "cartesian_collision": [0,0,0,0,0,0], "tau_ext_hat_filtered": [-0.229319,1.25184,-0.0349238,-1.52681,0.097871,-1.24781,0.0582816], "O_F_ext_hat_K": [0,0,0,0,0,0], "K_F_ext_hat_K": [0,0,0,0,0,0], "O_dP_EE_d": [0,0,0,0,0,0], "O_ddP_O": [0,0,-9.81], "O_T_EE_c": [0.031038,0.026438,-0.999159,0,-0.496738,0.867857,0.00753301,0,0.867343,0.496095,0.0400701,0,0.382464,0.338928,1.01395,1], "O_dP_EE_c": [0,0,0,0,0,0], "O_ddP_EE_c": [0,0,0,0,0,0], "theta": [-0.232277,-0.32832,0.692228,-1.27599,0.159256,2.64365,-2.2777], "dtheta": [0,0,0,0,-0.0411155,0,0], "current_errors": [], "last_motion_errors": [], "control_command_success_rate": 0, "robot_mode": "User stopped", "time": 2184340}