{"O_T_EE": [0.0542052,0.0512461,-0.997204,0,-0.248293,0.967997,0.0362486,0,0.967167,0.245639,0.0651957,0,0.461481,0.210958,1.01342,1], "O_T_EE_d": [0.0536322,0.0511932,-0.997238,0,-0.248199,0.968017,0.0363448,0,0.967223,0.245569,0.0646243,0,0.461688,0.210922,1.0132,1], "F_T_NE": [0.7071,-0.7071,0,0,0.7071,0.7071,0,0,0,0,1,0,0,0,0.1034,1], "NE_T_EE": [1,0,0,0,0,1,0,0,0,0,1,0,0,0,0,1], "F_T_EE": [0.7071,-0.7071,0,0,0.7071,0.7071,0,0,0,0,1,0,0,0,0.1034,1], "EE_T_K": [1,0,0,0,0,1,0,0,0,0,1,0,0,0,0,1], "m_ee": 0.73, "F_x_Cee": [-0.01,0,0.03], "I_ee": [0.001,0,0,0,0.0025,0,0,0,0.0017], "m_load": 0, "F_x_Cload": [0,0,0], "I_load": [0,0,0,0,0,0,0,0,0], "m_total": 0.73, "F_x_Ctotal": [-0.01,0,0.03], "I_total": [0.001,0,0,0,0.0025,0,0,0,0.0017], "elbow": [0.574841,-1], "elbow_d": [0.574851,-1], "elbow_c": [0.574851,-1], "delbow_c": [0,0], "ddelbow_c": [0,0], "tau_J": [-0.221,-5.88188,-5.01829,13.9642,0.871098,0.105881,0.0414016], "tau_J_d": [0,0,0,0,0,0,0], "dtau_J": [76.9098,212.724,68.8781,32.0594,11.9912,10.0692,45.4099], "q": [-0.355534,-0.313245,0.574841,-1.32117,0.0936618,2.6979,-2.233], "dq": [0.000136422,-0.00124314,-0.000458861,0.000386014,-0.000675536,-0.000381203,-0.00526767], "q_d": [-0.355558,-0.313118,0.574851,-1.32143,0.0936655,2.6977,-2.23299], "dq_d": [0,0,0,0,0,0,0], "ddq_d": [0,0,0,0,0,0,0], "joint_contact": [0,0,0,0,0,0,0], "cartesian_contact": [0,0,0,0,0,0], "joint_collision": [0,0,0,0,0,0,0], "cartesian_collision": [0,0,0,0,0,0], "tau_ext_hat_filtered": [-0.245005,1.424,-0.290156,-1.69918,0.0792773,-1.39326,0.0425427], "O_F_ext_hat_K": [-0.896537,-1.54372,-1.91374,0.880012,1.07167,-0.306915], "K_F_ext_hat_K": [1.78072,-1.34111,-1.37106,-0.174747,1.13951,0.0121027], "O_dP_EE_d": [0,0,0,0,0,0], "O_ddP_O": [0,0,-9.81], "O_T_EE_c": [0.0536322,0.0511932,-0.997238,0,-0.248199,0.968017,0.0363448,0,0.967223,0.245569,0.0646243,0,0.461688,0.210922,1.0132,1], "O_dP_EE_c": [0,0,0,0,0,0], "O_ddP_EE_c": [0,0,0,0,0,0], "theta": [-0.355548,-0.313658,0.574489,-1.32019,0.0937598,2.69791,-2.233], "dtheta": [0,0,0,0,0,0,0], "current_errors": [], "last_motion_errors": [], "control_command_success_rate": 0, "robot_mode": "User stopped", "time": 2259822}