{"O_T_EE": [0.0573477,0.0434202,-0.9974,0,-0.329445,0.943905,0.0221491,0,0.94243,0.327325,0.0684367,0,0.438799,0.256186,1.01367,1], "O_T_EE_d": [0.0567768,0.0433857,-0.997434,0,-0.329371,0.943927,0.0223096,0,0.942491,0.327265,0.0678844,0,0.439042,0.256138,1.01345,1], "F_T_NE": [0.7071,-0.7071,0,0,0.7071,0.7071,0,0,0,0,1,0,0,0,0.1034,1], "NE_T_EE": [1,0,0,0,0,1,0,0,0,0,1,0,0,0,0,1], "F_T_EE": [0.7071,-0.7071,0,0,0.7071,0.7071,0,0,0,0,1,0,0,0,0.1034,1], "EE_T_K": [1,0,0,0,0,1,0,0,0,0,1,0,0,0,0,1], "m_ee": 0.73, "F_x_Cee": [-0.01,0,0.03], "I_ee": [0.001,0,0,0,0.0025,0,0,0,0.0017], "m_load": 0, "F_x_Cload": [0,0,0], "I_load": [0,0,0,0,0,0,0,0,0], "m_total": 0.73, "F_x_Ctotal": [-0.01,0,0.03], "I_total": [0.001,0,0,0,0.0025,0,0,0,0.0017], "elbow": [0.636658,-1], "elbow_d": [0.636665,-1], "elbow_c": [0.636665,-1], "delbow_c": [0,0], "ddelbow_c": [0,0], "tau_J": [-0.0345378,-4.11247,-5.39122,13.8492,0.94434,0.215744,0.132954], "tau_J_d": [0,0,0,0,0,0,0], "dtau_J": [9.15665,166.59,40.4984,135.956,-1.9159,-21.25,88.6433], "q": [-0.352027,-0.331042,0.636658,-1.3175,0.142723,2.69676,-2.26341], "dq": [-0.000289452,-0.0014498,0.000392124,-0.00306923,-0.000138155,1.45696e-05,-0.00285366], "q_d": [-0.352042,-0.330833,0.636665,-1.31774,0.142721,2.69661,-2.26339], "dq_d": [0,0,0,0,0,0,0], "ddq_d": [0,0,0,0,0,0,0], "joint_contact": [0,0,0,0,0,0,0], "cartesian_contact": [0,0,0,0,0,0], "joint_collision": [0,0,0,0,0,0,0], "cartesian_collision": [0,0,0,0,0,0], "tau_ext_hat_filtered": [-0.0634905,1.25563,-0.00138242,-1.56606,0.209932,-1.26244,0.0750077], "O_F_ext_hat_K": [-0.845584,-1.45948,-2.02301,0.676039,0.982266,-0.0797443], "K_F_ext_hat_K": [1.90592,-1.14387,-1.41308,-0.318191,0.999871,0.0663546], "O_dP_EE_d": [0,0,0,0,0,0], "O_ddP_O": [0,0,-9.81], "O_T_EE_c": [0.0567768,0.0433857,-0.997434,0,-0.329371,0.943927,0.0223096,0,0.942491,0.327265,0.0678844,0,0.439042,0.256138,1.01345,1], "O_dP_EE_c": [0,0,0,0,0,0], "O_ddP_EE_c": [0,0,0,0,0,0], "theta": [-0.352029,-0.33133,0.636279,-1.31653,0.142828,2.69679,-2.26339], "dtheta": [0,0,0,0,0,0,0], "current_errors": [], "last_motion_errors": [], "control_command_success_rate": 0, "robot_mode": "User stopped", "time": 2220625}