{"O_T_EE": [0.0627783,0.0330361,-0.997471,0,-0.0788482,0.996483,0.0280408,0,0.994908,0.07689,0.0651635,0,0.493235,0.117018,1.0127,1], "O_T_EE_d": [0.0622583,0.0330373,-0.997503,0,-0.0788218,0.996483,0.028084,0,0.994943,0.076878,0.0646447,0,0.493402,0.117009,1.01249,1], "F_T_NE": [0.7071,-0.7071,0,0,0.7071,0.7071,0,0,0,0,1,0,0,0,0.1034,1], "NE_T_EE": [1,0,0,0,0,1,0,0,0,0,1,0,0,0,0,1], "F_T_EE": [0.7071,-0.7071,0,0,0.7071,0.7071,0,0,0,0,1,0,0,0,0.1034,1], "EE_T_K": [1,0,0,0,0,1,0,0,0,0,1,0,0,0,0,1], "m_ee": 0.73, "F_x_Cee": [-0.01,0,0.03], "I_ee": [0.001,0,0,0,0.0025,0,0,0,0.0017], "m_load": 0, "F_x_Cload": [0,0,0], "I_load": [0,0,0,0,0,0,0,0,0], "m_total": 0.73, "F_x_Ctotal": [-0.01,0,0.03], "I_total": [0.001,0,0,0,0.0025,0,0,0,0.0017], "elbow": [0.442815,-1], "elbow_d": [0.442849,-1], "elbow_c": [0.442849,-1], "delbow_c": [0,0], "ddelbow_c": [0,0], "tau_J": [-0.296379,-9.42864,-3.32823,14.3451,0.880253,0.065598,0.132954], "tau_J_d": [0,0,0,0,0,0,0], "dtau_J": [125.796,14.3045,-31.882,94.6312,24.0453,8.7408,9.62778], "q": [-0.358179,-0.28625,0.442815,-1.3307,0.00095682,2.70731,-2.20739], "dq": [4.55674e-05,-0.000863179,-1.05564e-05,-0.00350368,-0.000166956,7.30449e-05,0.000616151], "q_d": [-0.358174,-0.286162,0.442849,-1.33096,0.000960361,2.70713,-2.20738], "dq_d": [0,0,0,0,0,0,0], "ddq_d": [0,0,0,0,0,0,0], "joint_contact": [0,0,0,0,0,0,0], "cartesian_contact": [0,0,0,0,0,0], "joint_collision": [0,0,0,0,0,0,0], "cartesian_collision": [0,0,0,0,0,0], "tau_ext_hat_filtered": [-0.262684,0.854216,0.208217,-1.52546,0.0542823,-1.39811,0.148484], "O_F_ext_hat_K": [-1.09573,0.807284,-1.43941,-0.831924,0.775166,-0.142792], "K_F_ext_hat_K": [1.39368,0.850495,-1.12187,0.715994,1.1398,0.19999], "O_dP_EE_d": [0,0,0,0,0,0], "O_ddP_O": [0,0,-9.81], "O_T_EE_c": [0.0622583,0.0330373,-0.997503,0,-0.0788218,0.996483,0.028084,0,0.994943,0.076878,0.0646447,0,0.493402,0.117009,1.01249,1], "O_dP_EE_c": [0,0,0,0,0,0], "O_ddP_EE_c": [0,0,0,0,0,0], "theta": [-0.358201,-0.286912,0.442582,-1.32969,0.00105461,2.70731,-2.20737], "dtheta": [0,0,0,0,0,0,0], "current_errors": [], "last_motion_errors": [], "control_command_success_rate": 0, "robot_mode": "User stopped", "time": 2332090}