{"O_T_EE": [0.024508,0.0284209,-0.999286,0,0.0204477,0.999363,0.0289246,0,0.99949,-0.0211424,0.0239117,0,0.501944,0.067279,1.01225,1], "O_T_EE_d": [0.0241978,0.0284853,-0.999292,0,0.0204967,0.99936,0.0289836,0,0.999497,-0.021184,0.0235989,0,0.502019,0.0672401,1.01215,1], "F_T_NE": [0.7071,-0.7071,0,0,0.7071,0.7071,0,0,0,0,1,0,0,0,0.1034,1], "NE_T_EE": [1,0,0,0,0,1,0,0,0,0,1,0,0,0,0,1], "F_T_EE": [0.7071,-0.7071,0,0,0.7071,0.7071,0,0,0,0,1,0,0,0,0.1034,1], "EE_T_K": [1,0,0,0,0,1,0,0,0,0,1,0,0,0,0,1], "m_ee": 0.73, "F_x_Cee": [-0.01,0,0.03], "I_ee": [0.001,0,0,0,0.0025,0,0,0,0.0017], "m_load": 0, "F_x_Cload": [0,0,0], "I_load": [0,0,0,0,0,0,0,0,0], "m_total": 0.73, "F_x_Ctotal": [-0.01,0,0.03], "I_total": [0.001,0,0,0,0.0025,0,0,0,0.0017], "elbow": [0.449484,-1], "elbow_d": [0.449457,-1], "elbow_c": [0.449457,-1], "delbow_c": [0,0], "ddelbow_c": [0,0], "tau_J": [0.151925,-9.91661,-3.29252,14.5395,1.0542,0.266098,0.071614], "tau_J_d": [0,0,0,0,0,0,0], "dtau_J": [107.141,-105.536,-228.93,93.3407,16.2807,-30.7128,-55.127], "q": [-0.4635,-0.278191,0.449484,-1.29565,0.0106107,2.63935,-2.21679], "dq": [-0.0007568,0.00060829,0.00146162,-0.000900292,-5.46356e-07,0.000548513,0.00161313], "q_d": [-0.463492,-0.278138,0.449457,-1.29572,0.0106246,2.63915,-2.21678], "dq_d": [0,0,0,0,0,0,0], "ddq_d": [0,0,0,0,0,0,0], "joint_contact": [0,0,0,0,0,0,0], "cartesian_contact": [0,0,0,0,0,0], "joint_collision": [0,0,0,0,0,0,0], "cartesian_collision": [0,0,0,0,0,0], "tau_ext_hat_filtered": [0.1561,0.472429,0.233533,-1.17434,0.273051,-1.29965,0.110824], "O_F_ext_hat_K": [-2.3113,-0.2054,-1.6527,0.245898,-0.323682,0.199944], "K_F_ext_hat_K": [1.58907,-0.300339,-2.3453,-0.110069,1.19291,0.127543], "O_dP_EE_d": [0,0,0,0,0,0], "O_ddP_O": [0,0,-9.81], "O_T_EE_c": [0.0241978,0.0284853,-0.999292,0,0.0204967,0.99936,0.0289836,0,0.999497,-0.021184,0.0235989,0,0.502019,0.0672401,1.01215,1], "O_dP_EE_c": [0,0,0,0,0,0], "O_ddP_EE_c": [0,0,0,0,0,0], "theta": [-0.463489,-0.278887,0.449252,-1.29463,0.0107283,2.63938,-2.21678], "dtheta": [0,0,0,0,0,0,0], "current_errors": [], "last_motion_errors": [], "control_command_success_rate": 0, "robot_mode": "User stopped", "time": 2455567}