{"O_T_EE": [-0.0100365,0.0281756,-0.999543,0,0.203525,0.978727,0.0255452,0,0.979018,-0.20318,-0.0155577,0,0.506095,-0.0321554,1.01184,1], "O_T_EE_d": [-0.0101671,0.0281542,-0.999542,0,0.203516,0.97873,0.0254978,0,0.979018,-0.203168,-0.015681,0,0.506059,-0.0321043,1.01183,1], "F_T_NE": [0.7071,-0.7071,0,0,0.7071,0.7071,0,0,0,0,1,0,0,0,0.1034,1], "NE_T_EE": [1,0,0,0,0,1,0,0,0,0,1,0,0,0,0,1], "F_T_EE": [0.7071,-0.7071,0,0,0.7071,0.7071,0,0,0,0,1,0,0,0,0.1034,1], "EE_T_K": [1,0,0,0,0,1,0,0,0,0,1,0,0,0,0,1], "m_ee": 0.73, "F_x_Cee": [-0.01,0,0.03], "I_ee": [0.001,0,0,0,0.0025,0,0,0,0.0017], "m_load": 0, "F_x_Cload": [0,0,0], "I_load": [0,0,0,0,0,0,0,0,0], "m_total": 0.73, "F_x_Ctotal": [-0.01,0,0.03], "I_total": [0.001,0,0,0,0.0025,0,0,0,0.0017], "elbow": [0.353752,-1], "elbow_d": [0.353767,-1], "elbow_c": [0.353767,-1], "delbow_c": [0,0], "ddelbow_c": [0,0], "tau_J": [0.0765462,-12.1026,-2.13011,14.3451,0.843632,0.336594,0.0313308], "tau_J_d": [0,0,0,0,0,0,0], "dtau_J": [110.353,-33.425,-116.404,-64.2094,-31.3282,-10.0652,-139.808], "q": [-0.517341,-0.2477,0.353752,-1.25549,-0.0552116,2.57451,-2.19851], "dq": [-0.00162039,0.00010653,0.000525733,0.000325523,0.000315572,0.000152793,0.00281184], "q_d": [-0.517315,-0.247828,0.353767,-1.25556,-0.0552104,2.57434,-2.19852], "dq_d": [0,0,0,0,0,0,0], "ddq_d": [0,0,0,0,0,0,0], "joint_contact": [0,0,0,0,0,0,0], "cartesian_contact": [0,0,0,0,0,0], "joint_collision": [0,0,0,0,0,0,0], "cartesian_collision": [0,0,0,0,0,0], "tau_ext_hat_filtered": [0.0213979,0.329689,0.386651,-1.15572,0.0695791,-1.32885,0.115282], "O_F_ext_hat_K": [-1.68178,1.29921,-1.28526,-0.891138,0.0921436,0.133867], "K_F_ext_hat_K": [1.33818,0.89647,-1.89047,0.497749,1.18482,0.149107], "O_dP_EE_d": [0,0,0,0,0,0], "O_ddP_O": [0,0,-9.81], "O_T_EE_c": [-0.0101671,0.0281542,-0.999542,0,0.203516,0.97873,0.0254978,0,0.979018,-0.203168,-0.015681,0,0.506059,-0.0321043,1.01183,1], "O_dP_EE_c": [0,0,0,0,0,0], "O_ddP_EE_c": [0,0,0,0,0,0], "theta": [-0.517335,-0.24855,0.353602,-1.25448,-0.0551179,2.57455,-2.19851], "dtheta": [0,0,0,0,0,0,0], "current_errors": [], "last_motion_errors": [], "control_command_success_rate": 0, "robot_mode": "User stopped", "time": 2485174}