{"O_T_EE": [0.016951,0.0278284,-0.999459,0,0.120557,0.992253,0.0296724,0,0.992562,-0.120997,0.013465,0,0.507019,0.017685,1.01223,1], "O_T_EE_d": [0.0165191,0.0278994,-0.999465,0,0.1206,0.992247,0.0296912,0,0.992564,-0.121028,0.0130266,0,0.507144,0.0176475,1.01206,1], "F_T_NE": [0.7071,-0.7071,0,0,0.7071,0.7071,0,0,0,0,1,0,0,0,0.1034,1], "NE_T_EE": [1,0,0,0,0,1,0,0,0,0,1,0,0,0,0,1], "F_T_EE": [0.7071,-0.7071,0,0,0.7071,0.7071,0,0,0,0,1,0,0,0,0.1034,1], "EE_T_K": [1,0,0,0,0,1,0,0,0,0,1,0,0,0,0,1], "m_ee": 0.73, "F_x_Cee": [-0.01,0,0.03], "I_ee": [0.001,0,0,0,0.0025,0,0,0,0.0017], "m_load": 0, "F_x_Cload": [0,0,0], "I_load": [0,0,0,0,0,0,0,0,0], "m_total": 0.73, "F_x_Ctotal": [-0.01,0,0.03], "I_total": [0.001,0,0,0,0.0025,0,0,0,0.0017], "elbow": [0.387395,-1], "elbow_d": [0.387403,-1], "elbow_c": [0.387403,-1], "delbow_c": [0,0], "ddelbow_c": [0,0], "tau_J": [-0.0345378,-11.2734,-2.46733,14.4601,0.898563,0.306382,0.0926712], "tau_J_d": [0,0,0,0,0,0,0], "dtau_J": [-93.6299,36.3821,151.8,62.1957,-46.9064,6.28725,-57.2075], "q": [-0.468603,-0.260545,0.387395,-1.28172,-0.059091,2.62041,-2.17813], "dq": [0.00066529,-0.000578735,-0.000852159,0.000449679,0.000450769,-0.000345944,0.00107332], "q_d": [-0.468603,-0.260481,0.387403,-1.28192,-0.0590775,2.62023,-2.17814], "dq_d": [0,0,0,0,0,0,0], "ddq_d": [0,0,0,0,0,0,0], "joint_contact": [0,0,0,0,0,0,0], "cartesian_contact": [0,0,0,0,0,0], "joint_collision": [0,0,0,0,0,0,0], "cartesian_collision": [0,0,0,0,0,0], "tau_ext_hat_filtered": [-0.011096,0.502113,0.353161,-1.24177,0.0944868,-1.29607,0.128786], "O_F_ext_hat_K": [-1.47934,1.0379,-1.36658,-0.76882,0.296931,0.0934357], "K_F_ext_hat_K": [1.36967,0.810981,-1.61232,0.494559,1.11621,0.16421], "O_dP_EE_d": [0,0,0,0,0,0], "O_ddP_O": [0,0,-9.81], "O_T_EE_c": [0.0165191,0.0278994,-0.999465,0,0.1206,0.992247,0.0296912,0,0.992564,-0.121028,0.0130266,0,0.507144,0.0176475,1.01206,1], "O_dP_EE_c": [0,0,0,0,0,0], "O_ddP_EE_c": [0,0,0,0,0,0], "theta": [-0.468606,-0.261336,0.387222,-1.28071,-0.0589912,2.62045,-2.17812], "dtheta": [0,0,0,0,0,0,0], "current_errors": [], "last_motion_errors": [], "control_command_success_rate": 0, "robot_mode": "User stopped", "time": 2433589}