{"O_T_EE": [0.0528007,0.0481932,-0.997432,0,-0.165108,0.985499,0.0388764,0,0.984861,0.162634,0.0599933,0,0.479666,0.164666,1.01323,1], "O_T_EE_d": [0.0522192,0.0482109,-0.997462,0,-0.165091,0.985498,0.0389897,0,0.984895,0.162639,0.0594222,0,0.479896,0.164637,1.01301,1], "F_T_NE": [0.7071,-0.7071,0,0,0.7071,0.7071,0,0,0,0,1,0,0,0,0.1034,1], "NE_T_EE": [1,0,0,0,0,1,0,0,0,0,1,0,0,0,0,1], "F_T_EE": [0.7071,-0.7071,0,0,0.7071,0.7071,0,0,0,0,1,0,0,0,0.1034,1], "EE_T_K": [1,0,0,0,0,1,0,0,0,0,1,0,0,0,0,1], "m_ee": 0.73, "F_x_Cee": [-0.01,0,0.03], "I_ee": [0.001,0,0,0,0.0025,0,0,0,0.0017], "m_load": 0, "F_x_Cload": [0,0,0], "I_load": [0,0,0,0,0,0,0,0,0], "m_total": 0.73, "F_x_Ctotal": [-0.01,0,0.03], "I_total": [0.001,0,0,0,0.0025,0,0,0,0.0017], "elbow": [0.510798,-1], "elbow_d": [0.51083,-1], "elbow_c": [0.51083,-1], "delbow_c": [0,0], "ddelbow_c": [0,0], "tau_J": [0.0011678,-8.07183,-3.93126,14.2697,0.916874,0.115952,0.153096], "tau_J_d": [0,0,0,0,0,0,0], "dtau_J": [106.761,-51.7023,-64.7624,76.7257,-0.91912,2.45123,49.4632], "q": [-0.357216,-0.296518,0.510798,-1.32059,0.0461396,2.69405,-2.214], "dq": [-0.00138781,0.00118804,0.000361989,-0.000581273,0.000334352,0.000121362,-0.00232557], "q_d": [-0.357196,-0.296291,0.51083,-1.32079,0.0461415,2.69388,-2.214], "dq_d": [0,0,0,0,0,0,0], "ddq_d": [0,0,0,0,0,0,0], "joint_contact": [0,0,0,0,0,0,0], "cartesian_contact": [0,0,0,0,0,0], "joint_collision": [0,0,0,0,0,0,0], "cartesian_collision": [0,0,0,0,0,0], "tau_ext_hat_filtered": [-0.0393244,0.935909,0.190172,-1.48768,0.127294,-1.37858,0.0952836], "O_F_ext_hat_K": [-1.19359,-0.151923,-1.45214,-0.162419,0.687266,-0.00326896], "K_F_ext_hat_K": [1.37809,-0.00910321,-1.28734,0.180373,1.19052,0.111498], "O_dP_EE_d": [0,0,0,0,0,0], "O_ddP_O": [0,0,-9.81], "O_T_EE_c": [0.0522192,0.0482109,-0.997462,0,-0.165091,0.985498,0.0389897,0,0.984895,0.162639,0.0594222,0,0.479896,0.164637,1.01301,1], "O_dP_EE_c": [0,0,0,0,0,0], "O_ddP_EE_c": [0,0,0,0,0,0], "theta": [-0.357216,-0.297084,0.510522,-1.31959,0.0462399,2.69407,-2.21398], "dtheta": [0,0,0,0,0,0,0], "current_errors": [], "last_motion_errors": [], "control_command_success_rate": 0, "robot_mode": "User stopped", "time": 2309644}