{"O_T_EE": [-0.0158526,0.0327996,-0.999327,0,0.396399,0.917758,0.0238341,0,0.91794,-0.395762,-0.0275511,0,0.491295,-0.130662,1.01137,1], "O_T_EE_d": [-0.0157015,0.0327409,-0.999331,0,0.396575,0.917683,0.0238349,0,0.917867,-0.395943,-0.0273938,0,0.491094,-0.130674,1.0115,1], "F_T_NE": [0.7071,-0.7071,0,0,0.7071,0.7071,0,0,0,0,1,0,0,0,0.1034,1], "NE_T_EE": [1,0,0,0,0,1,0,0,0,0,1,0,0,0,0,1], "F_T_EE": [0.7071,-0.7071,0,0,0.7071,0.7071,0,0,0,0,1,0,0,0,0.1034,1], "EE_T_K": [1,0,0,0,0,1,0,0,0,0,1,0,0,0,0,1], "m_ee": 0.73, "F_x_Cee": [-0.01,0,0.03], "I_ee": [0.001,0,0,0,0.0025,0,0,0,0.0017], "m_load": 0, "F_x_Cload": [0,0,0], "I_load": [0,0,0,0,0,0,0,0,0], "m_total": 0.73, "F_x_Ctotal": [-0.01,0,0.03], "I_total": [0.001,0,0,0,0.0025,0,0,0,0.0017], "elbow": [0.214714,-1], "elbow_d": [0.214573,-1], "elbow_c": [0.214573,-1], "delbow_c": [0,0], "ddelbow_c": [0,0], "tau_J": [0.151925,-14.8956,-1.34062,14.8846,0.953495,0.416245,-0.00986788], "tau_J_d": [0,0,0,0,0,0,0], "dtau_J": [226.066,-50.5163,-61.443,47.0691,-42.3476,-12.0895,-82.8932], "q": [-0.517873,-0.225934,0.214714,-1.23776,-0.174318,2.5482,-2.13669], "dq": [-0.00144123,0.000372211,0.000886096,-0.00264072,-0.00461505,-0.000232022,0.00220372], "q_d": [-0.517902,-0.226221,0.214573,-1.23773,-0.174314,2.54804,-2.13669], "dq_d": [0,0,0,0,0,0,0], "ddq_d": [0,0,0,0,0,0,0], "joint_contact": [0,0,0,0,0,0,0], "cartesian_contact": [0,0,0,0,0,0], "joint_collision": [0,0,0,0,0,0,0], "cartesian_collision": [0,0,0,0,0,0], "tau_ext_hat_filtered": [0.101247,-0.521711,0.209002,-0.634648,0.142961,-1.25423,0.0454238], "O_F_ext_hat_K": [-3.20893,1.51947,-1.20008,-0.8168,-1.48847,0.157437], "K_F_ext_hat_K": [1.30001,0.0938875,-3.51389,0.199031,1.29051,0.0596145], "O_dP_EE_d": [0,0,0,0,0,0], "O_ddP_O": [0,0,-9.81], "O_T_EE_c": [-0.0157015,0.0327409,-0.999331,0,0.396575,0.917683,0.0238349,0,0.917867,-0.395943,-0.0273938,0,0.491094,-0.130674,1.0115,1], "O_dP_EE_c": [0,0,0,0,0,0], "O_ddP_EE_c": [0,0,0,0,0,0], "theta": [-0.517862,-0.226978,0.21462,-1.23671,-0.174212,2.54825,-2.13669], "dtheta": [0,0,0,0,0,0,0], "current_errors": [], "last_motion_errors": [], "control_command_success_rate": 0, "robot_mode": "User stopped", "time": 2546426}