{"O_T_EE": [0.00764729,0.0260329,-0.999622,0,0.471599,0.881402,0.026562,0,0.881778,-0.471633,-0.00553687,0,0.476227,-0.179185,1.01127,1], "O_T_EE_d": [0.00744556,0.0261929,-0.99962,0,0.471679,0.881358,0.0266074,0,0.881736,-0.471707,-0.00579257,0,0.476238,-0.17924,1.0112,1], "F_T_NE": [0.7071,-0.7071,0,0,0.7071,0.7071,0,0,0,0,1,0,0,0,0.1034,1], "NE_T_EE": [1,0,0,0,0,1,0,0,0,0,1,0,0,0,0,1], "F_T_EE": [0.7071,-0.7071,0,0,0.7071,0.7071,0,0,0,0,1,0,0,0,0.1034,1], "EE_T_K": [1,0,0,0,0,1,0,0,0,0,1,0,0,0,0,1], "m_ee": 0.73, "F_x_Cee": [-0.01,0,0.03], "I_ee": [0.001,0,0,0,0.0025,0,0,0,0.0017], "m_load": 0, "F_x_Cload": [0,0,0], "I_load": [0,0,0,0,0,0,0,0,0], "m_total": 0.73, "F_x_Ctotal": [-0.01,0,0.03], "I_total": [0.001,0,0,0,0.0025,0,0,0,0.0017], "elbow": [0.263481,-1], "elbow_d": [0.263407,-1], "elbow_c": [0.263407,-1], "delbow_c": [0,0], "ddelbow_c": [0,0], "tau_J": [0.298714,-13.4237,-1.416,14.5395,1.08167,0.326523,0.174153], "tau_J_d": [0,0,0,0,0,0,0], "dtau_J": [23.6892,82.372,57.4213,-47.1919,14.1645,29.7229,71.3549], "q": [-0.691156,-0.238381,0.263481,-1.26501,-0.107484,2.59378,-2.17583], "dq": [-0.000330246,-0.00143766,-0.000192697,0.00136483,-4.61684e-05,-0.000153105,-0.00175873], "q_d": [-0.69114,-0.238407,0.263407,-1.26511,-0.107473,2.59359,-2.1758], "dq_d": [0,0,0,0,0,0,0], "ddq_d": [0,0,0,0,0,0,0], "joint_contact": [0,0,0,0,0,0,0], "cartesian_contact": [0,0,0,0,0,0], "joint_collision": [0,0,0,0,0,0,0], "cartesian_collision": [0,0,0,0,0,0], "tau_ext_hat_filtered": [0.290193,0.327273,0.461969,-1.13369,0.279677,-1.32008,0.159667], "O_F_ext_hat_K": [-1.85953,1.54928,-1.51376,-0.557715,-0.154635,0.350158], "K_F_ext_hat_K": [1.53933,0.448386,-2.362,0.0862316,1.23224,0.176889], "O_dP_EE_d": [0,0,0,0,0,0], "O_ddP_O": [0,0,-9.81], "O_T_EE_c": [0.00744556,0.0261929,-0.99962,0,0.471679,0.881358,0.0266074,0,0.881736,-0.471707,-0.00579257,0,0.476238,-0.17924,1.0112,1], "O_dP_EE_c": [0,0,0,0,0,0], "O_ddP_EE_c": [0,0,0,0,0,0], "theta": [-0.691135,-0.239323,0.263381,-1.26399,-0.107364,2.59382,-2.17581], "dtheta": [0,0,0,0,0,0,0], "current_errors": [], "last_motion_errors": [], "control_command_success_rate": 0, "robot_mode": "User stopped", "time": 2668537}