{"O_T_EE": [0.0113974,0.0356238,-0.999291,0,0.305103,0.951574,0.0374026,0,0.95225,-0.305319,-2.35056e-05,0,0.500337,-0.0821517,1.01169,1], "O_T_EE_d": [0.0110712,0.0357829,-0.999289,0,0.305131,0.951563,0.0374545,0,0.952245,-0.305335,-0.00038354,0,0.500443,-0.0822047,1.01156,1], "F_T_NE": [0.7071,-0.7071,0,0,0.7071,0.7071,0,0,0,0,1,0,0,0,0.1034,1], "NE_T_EE": [1,0,0,0,0,1,0,0,0,0,1,0,0,0,0,1], "F_T_EE": [0.7071,-0.7071,0,0,0.7071,0.7071,0,0,0,0,1,0,0,0,0.1034,1], "EE_T_K": [1,0,0,0,0,1,0,0,0,0,1,0,0,0,0,1], "m_ee": 0.73, "F_x_Cee": [-0.01,0,0.03], "I_ee": [0.001,0,0,0,0.0025,0,0,0,0.0017], "m_load": 0, "F_x_Cload": [0,0,0], "I_load": [0,0,0,0,0,0,0,0,0], "m_total": 0.73, "F_x_Ctotal": [-0.01,0,0.03], "I_total": [0.001,0,0,0,0.0025,0,0,0,0.0017], "elbow": [0.280544,-1], "elbow_d": [0.280542,-1], "elbow_c": [0.280542,-1], "delbow_c": [0,0], "ddelbow_c": [0,0], "tau_J": [0.0765462,-12.8207,-1.75322,14.4601,1.16407,0.296311,0.143025], "tau_J_d": [0,0,0,0,0,0,0], "dtau_J": [-70.6334,194.971,-60.1652,36.9959,10.8088,12.5053,28.0903], "q": [-0.517352,-0.245637,0.280544,-1.27178,-0.126563,2.5982,-2.14277], "dq": [0.0010266,-0.00131332,0.00131443,0.000113778,-0.000330113,-0.00109854,-0.00114057], "q_d": [-0.517345,-0.245535,0.280542,-1.27188,-0.126538,2.59804,-2.14275], "dq_d": [0,0,0,0,0,0,0], "ddq_d": [0,0,0,0,0,0,0], "joint_contact": [0,0,0,0,0,0,0], "cartesian_contact": [0,0,0,0,0,0], "joint_collision": [0,0,0,0,0,0,0], "cartesian_collision": [0,0,0,0,0,0], "tau_ext_hat_filtered": [0.109595,0.518118,0.370466,-1.26079,0.324414,-1.32627,0.135289], "O_F_ext_hat_K": [-2.05887,0.87756,-1.78993,-0.217765,-0.121258,0.234428], "K_F_ext_hat_K": [1.79649,0.139949,-2.22845,0.0794194,1.17271,0.172531], "O_dP_EE_d": [0,0,0,0,0,0], "O_ddP_O": [0,0,-9.81], "O_T_EE_c": [0.0110712,0.0357829,-0.999289,0,0.305131,0.951563,0.0374545,0,0.952245,-0.305335,-0.00038354,0,0.500443,-0.0822047,1.01156,1], "O_dP_EE_c": [0,0,0,0,0,0], "O_ddP_EE_c": [0,0,0,0,0,0], "theta": [-0.517348,-0.246536,0.280421,-1.27076,-0.126434,2.59823,-2.14276], "dtheta": [0,0,0,0,0,0,0], "current_errors": [], "last_motion_errors": [], "control_command_success_rate": 0, "robot_mode": "User stopped", "time": 2525108}