{"O_T_EE": [0.0398689,0.00550642,-0.99918,0,0.624875,0.780165,0.029233,0,0.779701,-0.625541,0.027664,0,0.432834,-0.269576,1.0105,1], "O_T_EE_d": [0.0400356,0.00537788,-0.999174,0,0.625234,0.779877,0.0292498,0,0.779405,-0.625901,0.0278609,0,0.432536,-0.269643,1.01064,1], "F_T_NE": [0.7071,-0.7071,0,0,0.7071,0.7071,0,0,0,0,1,0,0,0,0.1034,1], "NE_T_EE": [1,0,0,0,0,1,0,0,0,0,1,0,0,0,0,1], "F_T_EE": [0.7071,-0.7071,0,0,0.7071,0.7071,0,0,0,0,1,0,0,0,0.1034,1], "EE_T_K": [1,0,0,0,0,1,0,0,0,0,1,0,0,0,0,1], "m_ee": 0.73, "F_x_Cee": [-0.01,0,0.03], "I_ee": [0.001,0,0,0,0.0025,0,0,0,0.0017], "m_load": 0, "F_x_Cload": [0,0,0], "I_load": [0,0,0,0,0,0,0,0,0], "m_total": 0.73, "F_x_Ctotal": [-0.01,0,0.03], "I_total": [0.001,0,0,0,0.0025,0,0,0,0.0017], "elbow": [0.187099,-1], "elbow_d": [0.186866,-1], "elbow_c": [0.186866,-1], "delbow_c": [0,0], "ddelbow_c": [0,0], "tau_J": [-0.185295,-15.9509,-1.67784,15.8804,0.898563,0.356736,0.112813], "tau_J_d": [0,0,0,0,0,0,0], "dtau_J": [-19.6257,93.9923,36.0848,9.87199,-27.6857,9.93667,78.7877], "q": [-0.792416,-0.242675,0.187099,-1.30095,-0.142463,2.65372,-2.15794], "dq": [-0.0011087,-0.000365451,0.000341033,0.000381668,0.00211551,-0.00016161,-0.00198524], "q_d": [-0.792626,-0.243003,0.186866,-1.30094,-0.142471,2.65356,-2.15793], "dq_d": [0,0,0,0,0,0,0], "ddq_d": [0,0,0,0,0,0,0], "joint_contact": [0,0,0,0,0,0,0], "cartesian_contact": [0,0,0,0,0,0], "joint_collision": [0,0,0,0,0,0,0], "cartesian_collision": [0,0,0,0,0,0], "tau_ext_hat_filtered": [-0.138491,-1.3599,-0.201533,-0.22398,0.0525282,-1.20079,0.0686549], "O_F_ext_hat_K": [-4.0721,2.87709,-1.15252,-1.66123,-2.57868,-0.124943], "K_F_ext_hat_K": [1.00509,-0.333643,-5.00664,0.315287,1.38572,0.0728895], "O_dP_EE_d": [0,0,0,0,0,0], "O_ddP_O": [0,0,-9.81], "O_T_EE_c": [0.0400356,0.00537788,-0.999174,0,0.625234,0.779877,0.0292498,0,0.779405,-0.625901,0.0278609,0,0.432536,-0.269643,1.01064,1], "O_dP_EE_c": [0,0,0,0,0,0], "O_ddP_EE_c": [0,0,0,0,0,0], "theta": [-0.792429,-0.243794,0.186983,-1.29984,-0.142363,2.65376,-2.15792], "dtheta": [0,0,0,0,0,0,0], "current_errors": [], "last_motion_errors": [], "control_command_success_rate": 0, "robot_mode": "User stopped", "time": 2695301}