{"O_T_EE": [0.0165018,0.0251959,-0.999537,0,0.550626,0.834197,0.0301186,0,0.834585,-0.550879,-0.000107761,0,0.457102,-0.225918,1.0111,1], "O_T_EE_d": [0.0162488,0.0253515,-0.999537,0,0.550697,0.834151,0.0301091,0,0.834544,-0.550942,-0.000407098,0,0.457148,-0.225985,1.01099,1], "F_T_NE": [0.7071,-0.7071,0,0,0.7071,0.7071,0,0,0,0,1,0,0,0,0.1034,1], "NE_T_EE": [1,0,0,0,0,1,0,0,0,0,1,0,0,0,0,1], "F_T_EE": [0.7071,-0.7071,0,0,0.7071,0.7071,0,0,0,0,1,0,0,0,0.1034,1], "EE_T_K": [1,0,0,0,0,1,0,0,0,0,1,0,0,0,0,1], "m_ee": 0.73, "F_x_Cee": [-0.01,0,0.03], "I_ee": [0.001,0,0,0,0.0025,0,0,0,0.0017], "m_load": 0, "F_x_Cload": [0,0,0], "I_load": [0,0,0,0,0,0,0,0,0], "m_total": 0.73, "F_x_Ctotal": [-0.01,0,0.03], "I_total": [0.001,0,0,0,0.0025,0,0,0,0.0017], "elbow": [0.234284,-1], "elbow_d": [0.23428,-1], "elbow_c": [0.23428,-1], "delbow_c": [0,0], "ddelbow_c": [0,0], "tau_J": [0.18763,-13.9156,-1.38029,14.6902,1.09082,0.326523,0.071614], "tau_J_d": [0,0,0,0,0,0,0], "dtau_J": [95.937,-179.029,5.47758,-0.207719,2.51091,24.9183,-37.1435], "q": [-0.751885,-0.235266,0.234284,-1.26899,-0.116454,2.6044,-2.17166], "dq": [-0.000995323,0.00184105,-0.000725072,-0.000109745,0.000771158,-0.000508535,0.00224111], "q_d": [-0.751923,-0.235248,0.23428,-1.26912,-0.116459,2.60425,-2.17166], "dq_d": [0,0,0,0,0,0,0], "ddq_d": [0,0,0,0,0,0,0], "joint_contact": [0,0,0,0,0,0,0], "cartesian_contact": [0,0,0,0,0,0], "joint_collision": [0,0,0,0,0,0,0], "cartesian_collision": [0,0,0,0,0,0], "tau_ext_hat_filtered": [0.136265,0.324817,0.280845,-1.1216,0.262485,-1.30933,0.124598], "O_F_ext_hat_K": [-1.98304,1.47563,-1.58075,-0.343968,-0.347666,0.208308], "K_F_ext_hat_K": [1.58451,0.0914431,-2.46774,0.0547932,1.21475,0.145119], "O_dP_EE_d": [0,0,0,0,0,0], "O_ddP_O": [0,0,-9.81], "O_T_EE_c": [0.0162488,0.0253515,-0.999537,0,0.550697,0.834151,0.0301091,0,0.834544,-0.550942,-0.000407098,0,0.457148,-0.225985,1.01099,1], "O_dP_EE_c": [0,0,0,0,0,0], "O_ddP_EE_c": [0,0,0,0,0,0], "theta": [-0.751871,-0.236243,0.234188,-1.26796,-0.116333,2.60444,-2.17165], "dtheta": [0,0,0,0,0,0,0], "current_errors": [], "last_motion_errors": [], "control_command_success_rate": 0, "robot_mode": "User stopped", "time": 2647263}