{"O_T_EE": [0.0173936,0.0147071,-0.999731,0,0.706652,0.707184,0.0226979,0,0.707341,-0.70687,0.00190769,0,0.406139,-0.311788,1.01054,1], "O_T_EE_d": [0.0173073,0.0148482,-0.99973,0,0.707084,0.70675,0.0227379,0,0.706911,-0.707301,0.00173307,0,0.405909,-0.312023,1.01052,1], "F_T_NE": [0.7071,-0.7071,0,0,0.7071,0.7071,0,0,0,0,1,0,0,0,0.1034,1], "NE_T_EE": [1,0,0,0,0,1,0,0,0,0,1,0,0,0,0,1], "F_T_EE": [0.7071,-0.7071,0,0,0.7071,0.7071,0,0,0,0,1,0,0,0,0.1034,1], "EE_T_K": [1,0,0,0,0,1,0,0,0,0,1,0,0,0,0,1], "m_ee": 0.73, "F_x_Cee": [-0.01,0,0.03], "I_ee": [0.001,0,0,0,0.0025,0,0,0,0.0017], "m_load": 0, "F_x_Cload": [0,0,0], "I_load": [0,0,0,0,0,0,0,0,0], "m_total": 0.73, "F_x_Ctotal": [-0.01,0,0.03], "I_total": [0.001,0,0,0,0.0025,0,0,0,0.0017], "elbow": [0.134909,-1], "elbow_d": [0.134642,-1], "elbow_c": [0.134642,-1], "delbow_c": [0,0], "ddelbow_c": [0,0], "tau_J": [-0.371757,-15.0066,-1.38029,14.8846,0.94434,0.186448,0.0816849], "tau_J_d": [0,0,0,0,0,0,0], "dtau_J": [21.1018,2.81155,8.05321,71.0149,12.0121,-31.1336,82.7205], "q": [-0.813147,-0.22421,0.134909,-1.26471,-0.202812,2.603,-2.1289], "dq": [0.000639322,-0.000462268,0.000164396,-0.00469006,3.54644e-05,0.000438789,-0.00171766], "q_d": [-0.813442,-0.224323,0.134642,-1.26478,-0.202822,2.60277,-2.1289], "dq_d": [0,0,0,0,0,0,0], "ddq_d": [0,0,0,0,0,0,0], "joint_contact": [0,0,0,0,0,0,0], "cartesian_contact": [0,0,0,0,0,0], "joint_collision": [0,0,0,0,0,0,0], "cartesian_collision": [0,0,0,0,0,0], "tau_ext_hat_filtered": [-0.386302,0.182865,-0.318313,-0.945921,0.0717846,-1.39886,0.0539882], "O_F_ext_hat_K": [-1.92387,1.47224,-0.800702,-0.198734,-0.679473,-0.32336], "K_F_ext_hat_K": [0.788691,-0.336547,-2.40304,0.353264,1.39153,0.0704864], "O_dP_EE_d": [0,0,0,0,0,0], "O_ddP_O": [0,0,-9.81], "O_T_EE_c": [0.0173073,0.0148482,-0.99973,0,0.707084,0.70675,0.0227379,0,0.706911,-0.707301,0.00173307,0,0.405909,-0.312023,1.01052,1], "O_dP_EE_c": [0,0,0,0,0,0], "O_ddP_EE_c": [0,0,0,0,0,0], "theta": [-0.813173,-0.225262,0.134811,-1.26366,-0.202706,2.60302,-2.12889], "dtheta": [0,0,0,0,0,0,0], "current_errors": [], "last_motion_errors": [], "control_command_success_rate": 0, "robot_mode": "User stopped", "time": 2752728}