{"O_T_EE": [0.0261014,0.0171442,-0.999503,0,0.940175,0.339307,0.0303721,0,0.339665,-0.940518,-0.00726232,0,0.23639,-0.455914,1.01533,1], "O_T_EE_d": [0.0262761,0.0176793,-0.999489,0,0.940317,0.338882,0.0307148,0,0.339258,-0.940662,-0.00771979,0,0.236092,-0.456216,1.0152,1], "F_T_NE": [0.7071,-0.7071,0,0,0.7071,0.7071,0,0,0,0,1,0,0,0,0.1034,1], "NE_T_EE": [1,0,0,0,0,1,0,0,0,0,1,0,0,0,0,1], "F_T_EE": [0.7071,-0.7071,0,0,0.7071,0.7071,0,0,0,0,1,0,0,0,0.1034,1], "EE_T_K": [1,0,0,0,0,1,0,0,0,0,1,0,0,0,0,1], "m_ee": 0.73, "F_x_Cee": [-0.01,0,0.03], "I_ee": [0.001,0,0,0,0.0025,0,0,0,0.0017], "m_load": 0, "F_x_Cload": [0,0,0], "I_load": [0,0,0,0,0,0,0,0,0], "m_total": 0.73, "F_x_Ctotal": [-0.01,0,0.03], "I_total": [0.001,0,0,0,0.0025,0,0,0,0.0017], "elbow": [-0.741448,-1], "elbow_d": [-0.741492,-1], "elbow_c": [-0.741492,-1], "delbow_c": [0,0], "ddelbow_c": [0,0], "tau_J": [-0.558219,15.1527,11.1801,7.06512,0.414249,-0.164199,0.132954], "tau_J_d": [0,0,0,0,0,0,0], "dtau_J": [-0.799395,-48.6085,14.4447,53.6236,14.0909,-20.1252,97.1697], "q": [0.87182,-0.700718,-0.741448,-1.13369,-1.74849,1.98741,-1.73086], "dq": [-0.000102265,-0.000520257,0.000181261,0.0014108,-0.000905482,6.90695e-05,-0.0020144], "q_d": [0.871595,-0.701072,-0.741492,-1.13366,-1.74848,1.9871,-1.73085], "dq_d": [0,0,0,0,0,0,0], "ddq_d": [0,0,0,0,0,0,0], "joint_contact": [0,0,0,0,0,0,0], "cartesian_contact": [0,0,0,0,0,0], "joint_collision": [0,0,0,0,0,0,0], "cartesian_collision": [0,0,0,0,0,0], "tau_ext_hat_filtered": [-0.493109,-0.59069,-0.117114,-0.383694,0.417642,-1.535,0.0943617], "O_F_ext_hat_K": [-3.12755,4.60303,-5.38165,-1.42199,-1.7262,-0.60208], "K_F_ext_hat_K": [5.37636,-1.54209,-5.35247,0.288024,0.80227,0.106389], "O_dP_EE_d": [0,0,0,0,0,0], "O_ddP_O": [0,0,-9.81], "O_T_EE_c": [0.0262761,0.0176793,-0.999489,0,0.940317,0.338882,0.0307148,0,0.339258,-0.940662,-0.00771979,0,0.236092,-0.456216,1.0152,1], "O_dP_EE_c": [0,0,0,0,0,0], "O_ddP_EE_c": [0,0,0,0,0,0], "theta": [0.871781,-0.699655,-0.740664,-1.13319,-1.74845,1.98739,-1.73085], "dtheta": [0,0,0,0,0,0,0], "current_errors": [], "last_motion_errors": [], "control_command_success_rate": 0, "robot_mode": "User stopped", "time": 3146552}