{"O_T_EE": [0.0262641,-0.0179866,-0.999484,0,0.903155,0.428994,0.0160127,0,0.428493,-0.903126,0.0275123,0,0.279407,-0.428273,1.01504,1], "O_T_EE_d": [0.0262868,-0.0176811,-0.999488,0,0.903384,0.428505,0.0161789,0,0.428008,-0.903364,0.0272374,0,0.279162,-0.428493,1.01498,1], "F_T_NE": [0.7071,-0.7071,0,0,0.7071,0.7071,0,0,0,0,1,0,0,0,0.1034,1], "NE_T_EE": [1,0,0,0,0,1,0,0,0,0,1,0,0,0,0,1], "F_T_EE": [0.7071,-0.7071,0,0,0.7071,0.7071,0,0,0,0,1,0,0,0,0.1034,1], "EE_T_K": [1,0,0,0,0,1,0,0,0,0,1,0,0,0,0,1], "m_ee": 0.73, "F_x_Cee": [-0.01,0,0.03], "I_ee": [0.001,0,0,0,0.0025,0,0,0,0.0017], "m_load": 0, "F_x_Cload": [0,0,0], "I_load": [0,0,0,0,0,0,0,0,0], "m_total": 0.73, "F_x_Ctotal": [-0.01,0,0.03], "I_total": [0.001,0,0,0,0.0025,0,0,0,0.0017], "elbow": [-0.805096,-1], "elbow_d": [-0.805151,-1], "elbow_c": [-0.805151,-1], "delbow_c": [0,0], "ddelbow_c": [0,0], "tau_J": [-0.482841,9.27315,10.0931,10.4373,0.706303,-0.204483,0.0926712], "tau_J_d": [0,0,0,0,0,0,0], "dtau_J": [-70.3266,-67.8663,-100.718,49.71,3.28101,-5.0761,-20.2235], "q": [0.713824,-0.58404,-0.805096,-1.17451,-1.50337,2.18143,-1.70401], "dq": [0.00164474,0.00130196,0.000988311,0.000139645,-0.000378503,-0.00478328,0.000377777], "q_d": [0.713515,-0.584181,-0.805151,-1.17448,-1.50338,2.18116,-1.704], "dq_d": [0,0,0,0,0,0,0], "ddq_d": [0,0,0,0,0,0,0], "joint_contact": [0,0,0,0,0,0,0], "cartesian_contact": [0,0,0,0,0,0], "joint_collision": [0,0,0,0,0,0,0], "cartesian_collision": [0,0,0,0,0,0], "tau_ext_hat_filtered": [-0.4785,-0.491061,-0.178468,-0.330372,0.320652,-1.47705,0.123041], "O_F_ext_hat_K": [-2.87017,3.82839,-3.32358,-1.39893,-1.62422,-0.597013], "K_F_ext_hat_K": [3.17769,-1.00309,-4.77881,0.458706,1.1082,0.118162], "O_dP_EE_d": [0,0,0,0,0,0], "O_ddP_O": [0,0,-9.81], "O_T_EE_c": [0.0262868,-0.0176811,-0.999488,0,0.903384,0.428505,0.0161789,0,0.428008,-0.903364,0.0272374,0,0.279162,-0.428493,1.01498,1], "O_dP_EE_c": [0,0,0,0,0,0], "O_ddP_EE_c": [0,0,0,0,0,0], "theta": [0.71379,-0.583389,-0.804388,-1.17377,-1.50329,2.18141,-1.704], "dtheta": [0,0,0,0,0,0,0], "current_errors": [], "last_motion_errors": [], "control_command_success_rate": 0, "robot_mode": "User stopped", "time": 3192664}