{"O_T_EE": [0.0119258,0.00305627,-0.999915,0,0.971193,0.237936,0.0123105,0,0.237958,-0.971275,-0.000130654,0,0.193537,-0.477996,1.01498,1], "O_T_EE_d": [0.0121352,0.00332218,-0.999911,0,0.971325,0.237383,0.0125769,0,0.237408,-0.97141,-0.000346249,0,0.193164,-0.47816,1.01496,1], "F_T_NE": [0.7071,-0.7071,0,0,0.7071,0.7071,0,0,0,0,1,0,0,0,0.1034,1], "NE_T_EE": [1,0,0,0,0,1,0,0,0,0,1,0,0,0,0,1], "F_T_EE": [0.7071,-0.7071,0,0,0.7071,0.7071,0,0,0,0,1,0,0,0,0.1034,1], "EE_T_K": [1,0,0,0,0,1,0,0,0,0,1,0,0,0,0,1], "m_ee": 0.73, "F_x_Cee": [-0.01,0,0.03], "I_ee": [0.001,0,0,0,0.0025,0,0,0,0.0017], "m_load": 0, "F_x_Cload": [0,0,0], "I_load": [0,0,0,0,0,0,0,0,0], "m_total": 0.73, "F_x_Ctotal": [-0.01,0,0.03], "I_total": [0.001,0,0,0,0.0025,0,0,0,0.0017], "elbow": [-0.84345,-1], "elbow_d": [-0.843441,-1], "elbow_c": [-0.843441,-1], "delbow_c": [0,0], "ddelbow_c": [0,0], "tau_J": [-0.633598,8.14247,9.60512,10.9729,0.761234,-0.0946193,-0.0300095], "tau_J_d": [0,0,0,0,0,0,0], "dtau_J": [-134.503,-39.5756,-7.65481,-97.5702,16.5306,27.1235,-67.8619], "q": [0.509774,-0.536787,-0.84345,-1.13376,-1.42759,2.17976,-1.73291], "dq": [0.00116805,0.000183408,-0.00094299,0.000393367,1.48967e-05,-0.000353215,0.00171372], "q_d": [0.509406,-0.536982,-0.843441,-1.13365,-1.4276,2.17948,-1.73292], "dq_d": [0,0,0,0,0,0,0], "ddq_d": [0,0,0,0,0,0,0], "joint_contact": [0,0,0,0,0,0,0], "cartesian_contact": [0,0,0,0,0,0], "joint_collision": [0,0,0,0,0,0,0], "cartesian_collision": [0,0,0,0,0,0], "tau_ext_hat_filtered": [-0.580819,-0.737107,-0.0948799,-0.0834758,0.394243,-1.44758,0.024787], "O_F_ext_hat_K": [0,0,0,0,0,0], "K_F_ext_hat_K": [0,0,0,0,0,0], "O_dP_EE_d": [0,0,0,0,0,0], "O_ddP_O": [0,0,-9.81], "O_T_EE_c": [0.0121352,0.00332218,-0.999911,0,0.971325,0.237383,0.0125769,0,0.237408,-0.97141,-0.000346249,0,0.193164,-0.47816,1.01496,1], "O_dP_EE_c": [0,0,0,0,0,0], "O_ddP_EE_c": [0,0,0,0,0,0], "theta": [0.509729,-0.536216,-0.842776,-1.13299,-1.4275,2.17974,-1.73291], "dtheta": [0,0,0,0,0,0,0], "current_errors": [], "last_motion_errors": [], "control_command_success_rate": 0, "robot_mode": "User stopped", "time": 3233367}