{"O_T_EE": [-0.0181575,0.0441628,-0.99885,0,0.859191,0.511589,0.00700045,0,0.511319,-0.858092,-0.0472344,0,0.320433,-0.39826,1.01529,1], "O_T_EE_d": [-0.0184035,0.0442802,-0.99884,0,0.859308,0.511394,0.00683828,0,0.511113,-0.858202,-0.0474627,0,0.320452,-0.398287,1.01521,1], "F_T_NE": [0.7071,-0.7071,0,0,0.7071,0.7071,0,0,0,0,1,0,0,0,0.1034,1], "NE_T_EE": [1,0,0,0,0,1,0,0,0,0,1,0,0,0,0,1], "F_T_EE": [0.7071,-0.7071,0,0,0.7071,0.7071,0,0,0,0,1,0,0,0,0.1034,1], "EE_T_K": [1,0,0,0,0,1,0,0,0,0,1,0,0,0,0,1], "m_ee": 0.73, "F_x_Cee": [-0.01,0,0.03], "I_ee": [0.001,0,0,0,0.0025,0,0,0,0.0017], "m_load": 0, "F_x_Cload": [0,0,0], "I_load": [0,0,0,0,0,0,0,0,0], "m_total": 0.73, "F_x_Ctotal": [-0.01,0,0.03], "I_total": [0.001,0,0,0,0.0025,0,0,0,0.0017], "elbow": [-0.855898,-1], "elbow_d": [-0.855879,-1], "elbow_c": [-0.855879,-1], "delbow_c": [0,0], "ddelbow_c": [0,0], "tau_J": [0.413765,5.3138,8.29592,10.8975,0.880253,0.186448,0.112813], "tau_J_d": [0,0,0,0,0,0,0], "dtau_J": [115.985,86.7819,-48.7504,-66.5139,12.5646,16.3327,92.0751], "q": [0.66492,-0.44432,-0.855898,-1.10452,-1.20726,2.20761,-1.80167], "dq": [-0.00124412,-0.000913664,-0.000543636,0.00044153,-0.00030798,-9.1856e-05,-0.00211719], "q_d": [0.664768,-0.444237,-0.855879,-1.10462,-1.20727,2.20739,-1.80166], "dq_d": [0,0,0,0,0,0,0], "ddq_d": [0,0,0,0,0,0,0], "joint_contact": [0,0,0,0,0,0,0], "cartesian_contact": [0,0,0,0,0,0], "joint_collision": [0,0,0,0,0,0,0], "cartesian_collision": [0,0,0,0,0,0], "tau_ext_hat_filtered": [0.426432,0.45238,0.369276,-1.27152,0.40978,-1.31886,0.0677585], "O_F_ext_hat_K": [0,0,0,0,0,0], "K_F_ext_hat_K": [0,0,0,0,0,0], "O_dP_EE_d": [0,0,0,0,0,0], "O_ddP_O": [0,0,-9.81], "O_T_EE_c": [-0.0184035,0.0442802,-0.99884,0,0.859308,0.511394,0.00683828,0,0.511113,-0.858202,-0.0474627,0,0.320452,-0.398287,1.01521,1], "O_dP_EE_c": [0,0,0,0,0,0], "O_ddP_EE_c": [0,0,0,0,0,0], "theta": [0.664949,-0.443947,-0.855316,-1.10376,-1.20717,2.20763,-1.80166], "dtheta": [0,0,0,0,0,0,0], "current_errors": [], "last_motion_errors": [], "control_command_success_rate": 0, "robot_mode": "User stopped", "time": 2956299}