{"O_T_EE": [0.0223604,0.0218342,-0.999502,0,0.795564,0.60506,0.0310156,0,0.605447,-0.795876,-0.00384124,0,0.356149,-0.363886,1.01493,1], "O_T_EE_d": [0.0222101,0.0219986,-0.999502,0,0.795663,0.60493,0.0309948,0,0.605322,-0.79597,-0.00406796,0,0.356131,-0.363918,1.01487,1], "F_T_NE": [0.7071,-0.7071,0,0,0.7071,0.7071,0,0,0,0,1,0,0,0,0.1034,1], "NE_T_EE": [1,0,0,0,0,1,0,0,0,0,1,0,0,0,0,1], "F_T_EE": [0.7071,-0.7071,0,0,0.7071,0.7071,0,0,0,0,1,0,0,0,0.1034,1], "EE_T_K": [1,0,0,0,0,1,0,0,0,0,1,0,0,0,0,1], "m_ee": 0.73, "F_x_Cee": [-0.01,0,0.03], "I_ee": [0.001,0,0,0,0.0025,0,0,0,0.0017], "m_load": 0, "F_x_Cload": [0,0,0], "I_load": [0,0,0,0,0,0,0,0,0], "m_total": 0.73, "F_x_Ctotal": [-0.01,0,0.03], "I_total": [0.001,0,0,0,0.0025,0,0,0,0.0017], "elbow": [-0.819241,-1], "elbow_d": [-0.81915,-1], "elbow_c": [-0.81915,-1], "delbow_c": [0,0], "ddelbow_c": [0,0], "tau_J": [0.0765462,3.12782,8.29592,12.1631,0.880253,0.065598,0.132954], "tau_J_d": [0,0,0,0,0,0,0], "dtau_J": [25.3535,-147.861,176.178,-151.174,-30.1493,3.57284,-36.7158], "q": [0.647856,-0.441756,-0.819241,-1.16656,-1.16681,2.30544,-1.75962], "dq": [-0.000249717,0.000317837,-0.0035461,0.000700554,0.000166751,-0.000175623,1.55172e-05], "q_d": [0.647739,-0.441782,-0.81915,-1.16664,-1.16683,2.30519,-1.7596], "dq_d": [0,0,0,0,0,0,0], "ddq_d": [0,0,0,0,0,0,0], "joint_contact": [0,0,0,0,0,0,0], "cartesian_contact": [0,0,0,0,0,0], "joint_collision": [0,0,0,0,0,0,0], "cartesian_collision": [0,0,0,0,0,0], "tau_ext_hat_filtered": [0.0498157,0.123437,0.409769,-0.781477,0.249982,-1.33286,0.156839], "O_F_ext_hat_K": [0,0,0,0,0,0], "K_F_ext_hat_K": [0,0,0,0,0,0], "O_dP_EE_d": [0,0,0,0,0,0], "O_ddP_O": [0,0,-9.81], "O_T_EE_c": [0.0222101,0.0219986,-0.999502,0,0.795663,0.60493,0.0309948,0,0.605322,-0.79597,-0.00406796,0,0.356131,-0.363918,1.01487,1], "O_dP_EE_c": [0,0,0,0,0,0], "O_ddP_EE_c": [0,0,0,0,0,0], "theta": [0.647861,-0.441537,-0.81866,-1.1657,-1.16672,2.30545,-1.7596], "dtheta": [0,0,0,0,0,0,0], "current_errors": [], "last_motion_errors": [], "control_command_success_rate": 0, "robot_mode": "User stopped", "time": 3038414}