{"O_T_EE": [0.019203,-0.0449283,-0.998796,0,0.997571,0.0676244,0.0161376,0,0.0668192,-0.996699,0.0461187,0,0.0984001,-0.51461,1.0091,1], "O_T_EE_d": [0.019159,-0.0447165,-0.998806,0,0.997604,0.067132,0.0161304,0,0.0663318,-0.996741,0.0458965,0,0.0981428,-0.51463,1.00907,1], "F_T_NE": [0.7071,-0.7071,0,0,0.7071,0.7071,0,0,0,0,1,0,0,0,0.1034,1], "NE_T_EE": [1,0,0,0,0,1,0,0,0,0,1,0,0,0,0,1], "F_T_EE": [0.7071,-0.7071,0,0,0.7071,0.7071,0,0,0,0,1,0,0,0,0.1034,1], "EE_T_K": [1,0,0,0,0,1,0,0,0,0,1,0,0,0,0,1], "m_ee": 0.73, "F_x_Cee": [-0.01,0,0.03], "I_ee": [0.001,0,0,0,0.0025,0,0,0,0.0017], "m_load": 0, "F_x_Cload": [0,0,0], "I_load": [0,0,0,0,0,0,0,0,0], "m_total": 0.73, "F_x_Ctotal": [-0.01,0,0.03], "I_total": [0.001,0,0,0,0.0025,0,0,0,0.0017], "elbow": [0.0374707,-1], "elbow_d": [0.0372896,-1], "elbow_c": [0.0372896,-1], "delbow_c": [0,0], "ddelbow_c": [0,0], "tau_J": [0.0765462,-17.268,-0.368634,15.69,1.32795,0.186448,0.0313308], "tau_J_d": [0,0,0,0,0,0,0], "dtau_J": [-40.8473,141.405,111.42,-73.0905,-7.8779,-1.61721,8.14085], "q": [-1.42024,-0.200564,0.0374707,-1.27605,-0.271825,2.67717,-2.09388], "dq": [-0.00100551,-0.000783248,-0.00161843,0.00114468,-0.00026678,-4.51903e-05,-8.55571e-05], "q_d": [-1.42048,-0.20068,0.0372896,-1.27612,-0.271839,2.6769,-2.09391], "dq_d": [0,0,0,0,0,0,0], "ddq_d": [0,0,0,0,0,0,0], "joint_contact": [0,0,0,0,0,0,0], "cartesian_contact": [0,0,0,0,0,0], "joint_collision": [0,0,0,0,0,0,0], "cartesian_collision": [0,0,0,0,0,0], "tau_ext_hat_filtered": [0.049732,-0.410548,0.0256806,-0.593187,0.362041,-1.30858,0.0268987], "O_F_ext_hat_K": [-0.992287,3.00306,-0.0351389,-1.32682,-0.909024,0.0953578], "K_F_ext_hat_K": [-0.118883,-0.787378,-3.06107,-0.281758,1.69241,0.0383976], "O_dP_EE_d": [0,0,0,0,0,0], "O_ddP_O": [0,0,-9.81], "O_T_EE_c": [0.019159,-0.0447165,-0.998806,0,0.997604,0.067132,0.0161304,0,0.0663318,-0.996741,0.0458965,0,0.0981428,-0.51463,1.00907,1], "O_dP_EE_c": [0,0,0,0,0,0], "O_ddP_EE_c": [0,0,0,0,0,0], "theta": [-1.42024,-0.201776,0.0374451,-1.27495,-0.271678,2.67719,-2.09387], "dtheta": [0,0,0,0,0,0,0], "current_errors": [], "last_motion_errors": [], "control_command_success_rate": 0, "robot_mode": "User stopped", "time": 3428707}