{"O_T_EE": [-0.00510021,-0.0533186,-0.998555,0,0.993193,-0.116392,0.00114203,0,-0.116287,-0.991771,0.0535503,0,-0.000392448,-0.527529,1.00932,1], "O_T_EE_d": [-0.00506492,-0.053153,-0.998564,0,0.993144,-0.116805,0.00118003,0,-0.116702,-0.991731,0.0533813,0,-0.00062185,-0.52755,1.00928,1], "F_T_NE": [0.7071,-0.7071,0,0,0.7071,0.7071,0,0,0,0,1,0,0,0,0.1034,1], "NE_T_EE": [1,0,0,0,0,1,0,0,0,0,1,0,0,0,0,1], "F_T_EE": [0.7071,-0.7071,0,0,0.7071,0.7071,0,0,0,0,1,0,0,0,0.1034,1], "EE_T_K": [1,0,0,0,0,1,0,0,0,0,1,0,0,0,0,1], "m_ee": 0.73, "F_x_Cee": [-0.01,0,0.03], "I_ee": [0.001,0,0,0,0.0025,0,0,0,0.0017], "m_load": 0, "F_x_Cload": [0,0,0], "I_load": [0,0,0,0,0,0,0,0,0], "m_total": 0.73, "F_x_Ctotal": [-0.01,0,0.03], "I_total": [0.001,0,0,0,0.0025,0,0,0,0.0017], "elbow": [-0.0145855,-1], "elbow_d": [-0.0147489,-1], "elbow_c": [-0.0147489,-1], "delbow_c": [0,0], "ddelbow_c": [0,0], "tau_J": [0.0011678,-17.8353,-0.142498,15.805,1.11829,0.156235,0.0816849], "tau_J_d": [0,0,0,0,0,0,0], "dtau_J": [-20.5535,64.9996,8.70641,68.3147,2.89522,-32.4664,177.701], "q": [-1.54646,-0.190049,-0.0145855,-1.26887,-0.291346,2.68724,-2.10144], "dq": [0.000470728,-0.000227628,-0.000332367,-0.00116954,-5.61156e-05,0.000172327,-0.00431934], "q_d": [-1.54668,-0.190046,-0.0147489,-1.26889,-0.291347,2.68709,-2.10143], "dq_d": [0,0,0,0,0,0,0], "ddq_d": [0,0,0,0,0,0,0], "joint_contact": [0,0,0,0,0,0,0], "cartesian_contact": [0,0,0,0,0,0], "joint_collision": [0,0,0,0,0,0,0], "cartesian_collision": [0,0,0,0,0,0], "tau_ext_hat_filtered": [0.021062,-0.532377,0.0225092,-0.555301,0.138605,-1.30338,0.00914831], "O_F_ext_hat_K": [0.249882,3.35877,-0.304397,-1.65013,0.0512031,0.0240425], "K_F_ext_hat_K": [0.1236,-0.143104,-3.37649,0.10896,1.59184,0.00987491], "O_dP_EE_d": [0,0,0,0,0,0], "O_ddP_O": [0,0,-9.81], "O_T_EE_c": [-0.00506492,-0.053153,-0.998564,0,0.993144,-0.116805,0.00118003,0,-0.116702,-0.991731,0.0533813,0,-0.00062185,-0.52755,1.00928,1], "O_dP_EE_c": [0,0,0,0,0,0], "O_ddP_EE_c": [0,0,0,0,0,0], "theta": [-1.54646,-0.1913,-0.0145952,-1.26776,-0.291221,2.68726,-2.10143], "dtheta": [0,0,0,0,0,0,0], "current_errors": [], "last_motion_errors": [], "control_command_success_rate": 0, "robot_mode": "User stopped", "time": 3466419}