{"O_T_EE": [-0.001674,-0.00895593,-0.999949,0,0.975599,-0.219515,0.000332821,0,-0.219511,-0.975568,0.00910505,0,-0.0503406,-0.526563,1.00884,1], "O_T_EE_d": [-0.00161081,-0.00896566,-0.999949,0,0.975504,-0.219938,0.000400562,0,-0.219935,-0.975472,0.00910049,0,-0.0505695,-0.526407,1.00891,1], "F_T_NE": [0.7071,-0.7071,0,0,0.7071,0.7071,0,0,0,0,1,0,0,0,0.1034,1], "NE_T_EE": [1,0,0,0,0,1,0,0,0,0,1,0,0,0,0,1], "F_T_EE": [0.7071,-0.7071,0,0,0.7071,0.7071,0,0,0,0,1,0,0,0,0.1034,1], "EE_T_K": [1,0,0,0,0,1,0,0,0,0,1,0,0,0,0,1], "m_ee": 0.73, "F_x_Cee": [-0.01,0,0.03], "I_ee": [0.001,0,0,0,0.0025,0,0,0,0.0017], "m_load": 0, "F_x_Cload": [0,0,0], "I_load": [0,0,0,0,0,0,0,0,0], "m_total": 0.73, "F_x_Ctotal": [-0.01,0,0.03], "I_total": [0.001,0,0,0,0.0025,0,0,0,0.0017], "elbow": [-0.0756196,-1], "elbow_d": [-0.0757663,-1], "elbow_c": [-0.0757663,-1], "delbow_c": [0,0], "ddelbow_c": [0,0], "tau_J": [-0.0742106,-18.0614,0.194721,15.4202,0.861942,0.166306,0.071614], "tau_J_d": [0,0,0,0,0,0,0], "dtau_J": [189.065,-34.9548,27.9722,75.5666,4.39642,-2.26939,-71.3753], "q": [-1.55611,-0.173648,-0.0756196,-1.2201,-0.320538,2.60645,-2.0924], "dq": [-0.000776127,-0.000486851,0.000244925,0.00493507,-5.04761e-06,-2.05967e-05,0.00132207], "q_d": [-1.55633,-0.173886,-0.0757663,-1.22012,-0.32056,2.60622,-2.09239], "dq_d": [0,0,0,0,0,0,0], "ddq_d": [0,0,0,0,0,0,0], "joint_contact": [0,0,0,0,0,0,0], "cartesian_contact": [0,0,0,0,0,0], "joint_collision": [0,0,0,0,0,0,0], "cartesian_collision": [0,0,0,0,0,0], "tau_ext_hat_filtered": [-0.120728,-0.472792,0.101642,-0.621438,-0.0692579,-1.39511,0.115653], "O_F_ext_hat_K": [1.83539,3.51396,-1.0243,-1.65431,1.35942,-0.0703039], "K_F_ext_hat_K": [0.989728,1.01892,-3.84032,0.861508,1.41476,0.1254], "O_dP_EE_d": [0,0,0,0,0,0], "O_ddP_O": [0,0,-9.81], "O_T_EE_c": [-0.00161081,-0.00896566,-0.999949,0,0.975504,-0.219938,0.000400562,0,-0.219935,-0.975472,0.00910049,0,-0.0505695,-0.526407,1.00891,1], "O_dP_EE_c": [0,0,0,0,0,0], "O_ddP_EE_c": [0,0,0,0,0,0], "theta": [-1.55612,-0.174915,-0.0756061,-1.21902,-0.320444,2.60646,-2.09239], "dtheta": [0,0,0,0,0,0,0], "current_errors": [], "last_motion_errors": [], "control_command_success_rate": 0, "robot_mode": "User stopped", "time": 3504369}