{"O_T_EE": [0.0187523,-0.0226732,-0.999557,0,0.998797,-0.0446735,0.0197513,0,-0.0451024,-0.998744,0.0218086,0,0.0489206,-0.523417,1.00905,1], "O_T_EE_d": [0.0187238,-0.0226423,-0.999559,0,0.998781,-0.0450299,0.0197293,0,-0.0454576,-0.998729,0.021772,0,0.0487315,-0.523381,1.00907,1], "F_T_NE": [0.7071,-0.7071,0,0,0.7071,0.7071,0,0,0,0,1,0,0,0,0.1034,1], "NE_T_EE": [1,0,0,0,0,1,0,0,0,0,1,0,0,0,0,1], "F_T_EE": [0.7071,-0.7071,0,0,0.7071,0.7071,0,0,0,0,1,0,0,0,0.1034,1], "EE_T_K": [1,0,0,0,0,1,0,0,0,0,1,0,0,0,0,1], "m_ee": 0.73, "F_x_Cee": [-0.01,0,0.03], "I_ee": [0.001,0,0,0,0.0025,0,0,0,0.0017], "m_load": 0, "F_x_Cload": [0,0,0], "I_load": [0,0,0,0,0,0,0,0,0], "m_total": 0.73, "F_x_Ctotal": [-0.01,0,0.03], "I_total": [0.001,0,0,0,0.0025,0,0,0,0.0017], "elbow": [0.0302251,-1], "elbow_d": [0.030098,-1], "elbow_c": [0.030098,-1], "delbow_c": [0,0], "ddelbow_c": [0,0], "tau_J": [-0.0742106,-17.7203,-0.253582,15.4956,0.907719,0.215744,0.0111892], "tau_J_d": [0,0,0,0,0,0,0], "dtau_J": [81.0611,-57.6964,103.092,-69.7019,49.2893,35.5877,-66.7579], "q": [-1.49954,-0.187037,0.0302251,-1.24327,-0.301437,2.62885,-2.06939], "dq": [-0.000887191,0.000803528,-0.000841674,0.000278765,-0.000178225,-0.000704941,0.00184067], "q_d": [-1.49972,-0.187122,0.030098,-1.24325,-0.301463,2.6287,-2.06943], "dq_d": [0,0,0,0,0,0,0], "ddq_d": [0,0,0,0,0,0,0], "joint_contact": [0,0,0,0,0,0,0], "cartesian_contact": [0,0,0,0,0,0], "joint_collision": [0,0,0,0,0,0,0], "cartesian_collision": [0,0,0,0,0,0], "tau_ext_hat_filtered": [-0.109816,-0.479503,0.0865267,-0.650556,-0.0517851,-1.34355,0.0519849], "O_F_ext_hat_K": [0.894867,3.58939,-1.02183,-1.71206,0.812247,-0.0578882], "K_F_ext_hat_K": [0.956796,0.713271,-3.64753,0.730542,1.36568,0.0632067], "O_dP_EE_d": [0,0,0,0,0,0], "O_ddP_O": [0,0,-9.81], "O_T_EE_c": [0.0187238,-0.0226423,-0.999559,0,0.998781,-0.0450299,0.0197293,0,-0.0454576,-0.998729,0.021772,0,0.0487315,-0.523381,1.00907,1], "O_dP_EE_c": [0,0,0,0,0,0], "O_ddP_EE_c": [0,0,0,0,0,0], "theta": [-1.49955,-0.18828,0.0302066,-1.24219,-0.301336,2.62887,-2.06939], "dtheta": [0,0,0,0,0,0,0], "current_errors": [], "last_motion_errors": [], "control_command_success_rate": 0, "robot_mode": "User stopped", "time": 3402909}