{"O_T_EE": [0.0196515,-0.0336742,-0.99923,0,0.985691,0.167947,0.0137254,0,0.167358,-0.985221,0.0364934,0,0.14718,-0.495251,1.01445,1], "O_T_EE_d": [0.019901,-0.0334768,-0.999232,0,0.985788,0.167347,0.0140267,0,0.166752,-0.985329,0.0363321,0,0.14679,-0.495369,1.01446,1], "F_T_NE": [0.7071,-0.7071,0,0,0.7071,0.7071,0,0,0,0,1,0,0,0,0.1034,1], "NE_T_EE": [1,0,0,0,0,1,0,0,0,0,1,0,0,0,0,1], "F_T_EE": [0.7071,-0.7071,0,0,0.7071,0.7071,0,0,0,0,1,0,0,0,0.1034,1], "EE_T_K": [1,0,0,0,0,1,0,0,0,0,1,0,0,0,0,1], "m_ee": 0.73, "F_x_Cee": [-0.01,0,0.03], "I_ee": [0.001,0,0,0,0.0025,0,0,0,0.0017], "m_load": 0, "F_x_Cload": [0,0,0], "I_load": [0,0,0,0,0,0,0,0,0], "m_total": 0.73, "F_x_Ctotal": [-0.01,0,0.03], "I_total": [0.001,0,0,0,0.0025,0,0,0,0.0017], "elbow": [-0.842232,-1], "elbow_d": [-0.842255,-1], "elbow_c": [-0.842255,-1], "delbow_c": [0,0], "ddelbow_c": [0,0], "tau_J": [-0.296379,8.1028,10.0574,11.3577,0.916874,-0.114761,0.184224], "tau_J_d": [0,0,0,0,0,0,0], "dtau_J": [-67.5884,130.32,-171.646,-55.7398,-19.1843,-20.283,74.6676], "q": [0.358368,-0.540028,-0.842232,-1.17251,-1.40315,2.26114,-1.71765], "dq": [0.00158982,-0.00110989,0.00112542,3.13688e-05,5.63317e-05,0.000270113,-0.00178433], "q_d": [0.358037,-0.540178,-0.842255,-1.17232,-1.40317,2.26086,-1.71763], "dq_d": [0,0,0,0,0,0,0], "ddq_d": [0,0,0,0,0,0,0], "joint_contact": [0,0,0,0,0,0,0], "cartesian_contact": [0,0,0,0,0,0], "joint_collision": [0,0,0,0,0,0,0], "cartesian_collision": [0,0,0,0,0,0], "tau_ext_hat_filtered": [-0.20573,-0.11221,0.307593,-0.353004,0.400292,-1.36065,0.131622], "O_F_ext_hat_K": [-1.28018,5.17001,-2.38684,-2.70906,-0.856711,-0.304743], "K_F_ext_hat_K": [2.18579,-0.426349,-5.39495,0.454866,1.34342,0.121443], "O_dP_EE_d": [0,0,0,0,0,0], "O_ddP_O": [0,0,-9.81], "O_T_EE_c": [0.019901,-0.0334768,-0.999232,0,0.985788,0.167347,0.0140267,0,0.166752,-0.985329,0.0363321,0,0.14679,-0.495369,1.01446,1], "O_dP_EE_c": [0,0,0,0,0,0], "O_ddP_EE_c": [0,0,0,0,0,0], "theta": [0.358348,-0.53946,-0.841526,-1.17171,-1.40305,2.26113,-1.71763], "dtheta": [0,0,0,0,0,0,0], "current_errors": [], "last_motion_errors": [], "control_command_success_rate": 0, "robot_mode": "User stopped", "time": 3273330}