{"O_T_EE": [0.0125661,0.00708838,-0.999886,0,0.877854,-0.478847,0.00763779,0,-0.478747,-0.877867,-0.01224,0,-0.196467,-0.497215,1.00995,1], "O_T_EE_d": [0.0126344,0.00707646,-0.999886,0,0.877744,-0.479048,0.00770066,0,-0.478948,-0.877758,-0.012264,0,-0.196572,-0.497084,1.01,1], "F_T_NE": [0.7071,-0.7071,0,0,0.7071,0.7071,0,0,0,0,1,0,0,0,0.1034,1], "NE_T_EE": [1,0,0,0,0,1,0,0,0,0,1,0,0,0,0,1], "F_T_EE": [0.7071,-0.7071,0,0,0.7071,0.7071,0,0,0,0,1,0,0,0,0.1034,1], "EE_T_K": [1,0,0,0,0,1,0,0,0,0,1,0,0,0,0,1], "m_ee": 0.73, "F_x_Cee": [-0.01,0,0.03], "I_ee": [0.001,0,0,0,0.0025,0,0,0,0.0017], "m_load": 0, "F_x_Cload": [0,0,0], "I_load": [0,0,0,0,0,0,0,0,0], "m_total": 0.73, "F_x_Ctotal": [-0.01,0,0.03], "I_total": [0.001,0,0,0,0.0025,0,0,0,0.0017], "elbow": [-0.369638,-1], "elbow_d": [-0.369626,-1], "elbow_c": [-0.369626,-1], "delbow_c": [0,0], "ddelbow_c": [0,0], "tau_J": [-0.109916,-17.9861,1.32143,15.7257,1.02674,0.336594,0.000202917], "tau_J_d": [0,0,0,0,0,0,0], "dtau_J": [-134.429,-122.276,142.075,75.5004,-7.66502,-20.6342,-9.45727], "q": [-1.47728,-0.154085,-0.369638,-1.1622,-0.415603,2.54894,-2.05177], "dq": [0.00155057,0.00117132,-0.000735238,-0.00724864,-0.00506057,0.00059195,0.000853315], "q_d": [-1.47745,-0.154221,-0.369626,-1.16215,-0.415617,2.54875,-2.05177], "dq_d": [0,0,0,0,0,0,0], "ddq_d": [0,0,0,0,0,0,0], "joint_contact": [0,0,0,0,0,0,0], "cartesian_contact": [0,0,0,0,0,0], "joint_collision": [0,0,0,0,0,0,0], "cartesian_collision": [0,0,0,0,0,0], "tau_ext_hat_filtered": [-0.0498896,-1.5312,0.0674119,0.0403916,0.138241,-1.23152,0.0282985], "O_F_ext_hat_K": [2.2835,4.81577,-0.661354,-3.20333,1.42207,-0.0539184], "K_F_ext_hat_K": [0.724123,-0.306496,-5.31273,0.254521,1.5281,0.0276082], "O_dP_EE_d": [0,0,0,0,0,0], "O_ddP_O": [0,0,-9.81], "O_T_EE_c": [0.0126344,0.00707646,-0.999886,0,0.877744,-0.479048,0.00770066,0,-0.478948,-0.877758,-0.012264,0,-0.196572,-0.497084,1.01,1], "O_dP_EE_c": [0,0,0,0,0,0], "O_ddP_EE_c": [0,0,0,0,0,0], "theta": [-1.47728,-0.155348,-0.369546,-1.16109,-0.415488,2.54898,-2.05177], "dtheta": [0,0,0,0,0,0,0], "current_errors": [], "last_motion_errors": [], "control_command_success_rate": 0, "robot_mode": "User stopped", "time": 3677250}