{"O_T_EE": [-0.00611622,-0.0180405,-0.999809,0,0.955157,-0.296067,-0.000500851,0,-0.296007,-0.954996,0.0190427,0,-0.0997102,-0.521803,1.00901,1], "O_T_EE_d": [-0.00603654,-0.017893,-0.999812,0,0.955026,-0.296489,-0.000460057,0,-0.296431,-0.954868,0.0188784,0,-0.0999466,-0.521719,1.009,1], "F_T_NE": [0.7071,-0.7071,0,0,0.7071,0.7071,0,0,0,0,1,0,0,0,0.1034,1], "NE_T_EE": [1,0,0,0,0,1,0,0,0,0,1,0,0,0,0,1], "F_T_EE": [0.7071,-0.7071,0,0,0.7071,0.7071,0,0,0,0,1,0,0,0,0.1034,1], "EE_T_K": [1,0,0,0,0,1,0,0,0,0,1,0,0,0,0,1], "m_ee": 0.73, "F_x_Cee": [-0.01,0,0.03], "I_ee": [0.001,0,0,0,0.0025,0,0,0,0.0017], "m_load": 0, "F_x_Cload": [0,0,0], "I_load": [0,0,0,0,0,0,0,0,0], "m_total": 0.73, "F_x_Ctotal": [-0.01,0,0.03], "I_total": [0.001,0,0,0,0.0025,0,0,0,0.0017], "elbow": [-0.152754,-1], "elbow_d": [-0.152934,-1], "elbow_c": [-0.152934,-1], "delbow_c": [0,0], "ddelbow_c": [0,0], "tau_J": [-0.221,-17.9107,0.381183,15.4599,0.926029,0.0958104,0.153096], "tau_J_d": [0,0,0,0,0,0,0], "dtau_J": [-10.2822,-98.8967,-54.5668,4.7252,0.109448,-18.2412,86.417], "q": [-1.55915,-0.171086,-0.152754,-1.222,-0.329883,2.62367,-2.09689], "dq": [-0.000137577,0.00127245,-0.000874947,-0.000187925,0.000178222,0.00051471,-0.0017247], "q_d": [-1.55935,-0.171201,-0.152934,-1.22204,-0.329904,2.62344,-2.09689], "dq_d": [0,0,0,0,0,0,0], "ddq_d": [0,0,0,0,0,0,0], "joint_contact": [0,0,0,0,0,0,0], "cartesian_contact": [0,0,0,0,0,0], "joint_collision": [0,0,0,0,0,0,0], "cartesian_collision": [0,0,0,0,0,0], "tau_ext_hat_filtered": [-0.180238,-0.30099,-0.0180071,-0.635573,-0.0128217,-1.43724,0.107077], "O_F_ext_hat_K": [1.6888,2.95349,-0.460734,-1.29124,1.0743,-0.140144], "K_F_ext_hat_K": [0.397042,0.738884,-3.32924,0.728416,1.55666,0.11491], "O_dP_EE_d": [0,0,0,0,0,0], "O_ddP_O": [0,0,-9.81], "O_T_EE_c": [-0.00603654,-0.017893,-0.999812,0,0.955026,-0.296489,-0.000460057,0,-0.296431,-0.954868,0.0188784,0,-0.0999466,-0.521719,1.009,1], "O_dP_EE_c": [0,0,0,0,0,0], "O_ddP_EE_c": [0,0,0,0,0,0], "theta": [-1.55917,-0.172343,-0.152727,-1.22091,-0.329782,2.62368,-2.09688], "dtheta": [0,0,0,0,0,0,0], "current_errors": [], "last_motion_errors": [], "control_command_success_rate": 0, "robot_mode": "User stopped", "time": 3531584}