{"O_T_EE": [0.0170582,0.00564009,-0.999829,0,0.923901,-0.382364,0.0136058,0,-0.382229,-0.923993,-0.0117335,0,-0.149027,-0.51167,1.00918,1], "O_T_EE_d": [0.0171264,0.00541399,-0.999829,0,0.923753,-0.382717,0.0137509,0,-0.382585,-0.923848,-0.011556,0,-0.149218,-0.511368,1.00934,1], "F_T_NE": [0.7071,-0.7071,0,0,0.7071,0.7071,0,0,0,0,1,0,0,0,0.1034,1], "NE_T_EE": [1,0,0,0,0,1,0,0,0,0,1,0,0,0,0,1], "F_T_EE": [0.7071,-0.7071,0,0,0.7071,0.7071,0,0,0,0,1,0,0,0,0.1034,1], "EE_T_K": [1,0,0,0,0,1,0,0,0,0,1,0,0,0,0,1], "m_ee": 0.73, "F_x_Cee": [-0.01,0,0.03], "I_ee": [0.001,0,0,0,0.0025,0,0,0,0.0017], "m_load": 0, "F_x_Cload": [0,0,0], "I_load": [0,0,0,0,0,0,0,0,0], "m_total": 0.73, "F_x_Ctotal": [-0.01,0,0.03], "I_total": [0.001,0,0,0,0.0025,0,0,0,0.0017], "elbow": [-0.224693,-1], "elbow_d": [-0.224787,-1], "elbow_c": [-0.224787,-1], "delbow_c": [0,0], "ddelbow_c": [0,0], "tau_J": [-0.221,-18.5891,0.682697,15.4956,0.861942,0.266098,0.0313308], "tau_J_d": [0,0,0,0,0,0,0], "dtau_J": [78.9278,94.871,-42.3965,45.8,3.23319,8.56767,-84.8865], "q": [-1.56337,-0.156634,-0.224693,-1.18124,-0.332362,2.56826,-2.09357], "dq": [-0.000232611,-0.00158768,0.000840398,-0.0018666,-0.000211175,0.000289707,0.00127875], "q_d": [-1.5636,-0.157015,-0.224787,-1.18121,-0.33239,2.56806,-2.09356], "dq_d": [0,0,0,0,0,0,0], "ddq_d": [0,0,0,0,0,0,0], "joint_contact": [0,0,0,0,0,0,0], "cartesian_contact": [0,0,0,0,0,0], "joint_collision": [0,0,0,0,0,0,0], "cartesian_collision": [0,0,0,0,0,0], "tau_ext_hat_filtered": [-0.227235,-1.22189,0.0506014,-0.300506,-0.0194124,-1.33788,0.0760793], "O_F_ext_hat_K": [2.41596,4.92448,-1.70398,-2.87011,1.58676,-0.14288], "K_F_ext_hat_K": [1.77271,0.325983,-5.45364,0.662642,1.35384,0.0903382], "O_dP_EE_d": [0,0,0,0,0,0], "O_ddP_O": [0,0,-9.81], "O_T_EE_c": [0.0171264,0.00541399,-0.999829,0,0.923753,-0.382717,0.0137509,0,-0.382585,-0.923848,-0.011556,0,-0.149218,-0.511368,1.00934,1], "O_dP_EE_c": [0,0,0,0,0,0], "O_ddP_EE_c": [0,0,0,0,0,0], "theta": [-1.56339,-0.157939,-0.224645,-1.18015,-0.332265,2.56829,-2.09356], "dtheta": [0,0,0,0,0,0,0], "current_errors": [], "last_motion_errors": [], "control_command_success_rate": 0, "robot_mode": "User stopped", "time": 3559464}