{"O_T_EE": [0.0523231,0.00958331,-0.998575,0,0.768719,-0.638659,0.03415,0,-0.637434,-0.769425,-0.0407843,0,-0.287651,-0.454964,1.01072,1], "O_T_EE_d": [0.0524093,0.00945979,-0.998571,0,0.768567,-0.638835,0.0342858,0,-0.63761,-0.769281,-0.0407522,0,-0.287762,-0.454771,1.01079,1], "F_T_NE": [0.7071,-0.7071,0,0,0.7071,0.7071,0,0,0,0,1,0,0,0,0.1034,1], "NE_T_EE": [1,0,0,0,0,1,0,0,0,0,1,0,0,0,0,1], "F_T_EE": [0.7071,-0.7071,0,0,0.7071,0.7071,0,0,0,0,1,0,0,0,0.1034,1], "EE_T_K": [1,0,0,0,0,1,0,0,0,0,1,0,0,0,0,1], "m_ee": 0.73, "F_x_Cee": [-0.01,0,0.03], "I_ee": [0.001,0,0,0,0.0025,0,0,0,0.0017], "m_load": 0, "F_x_Cload": [0,0,0], "I_load": [0,0,0,0,0,0,0,0,0], "m_total": 0.73, "F_x_Ctotal": [-0.01,0,0.03], "I_total": [0.001,0,0,0,0.0025,0,0,0,0.0017], "elbow": [-0.480286,-1], "elbow_d": [-0.480402,-1], "elbow_c": [-0.480402,-1], "delbow_c": [0,0], "ddelbow_c": [0,0], "tau_J": [0.374093,-16.7046,1.92049,15.0751,1.1366,0.456528,0.132954], "tau_J_d": [0,0,0,0,0,0,0], "dtau_J": [26.6366,160.277,-55.0211,-131.581,-3.50557,-16.4664,2.00792], "q": [-1.53798,-0.13059,-0.480286,-1.1058,-0.420101,2.49058,-2.03235], "dq": [-0.000869601,-0.00123271,0.000186271,0.00132503,-0.000327898,-1.28653e-05,-0.00141683], "q_d": [-1.53805,-0.130789,-0.480402,-1.10578,-0.42011,2.49044,-2.03235], "dq_d": [0,0,0,0,0,0,0], "ddq_d": [0,0,0,0,0,0,0], "joint_contact": [0,0,0,0,0,0,0], "cartesian_contact": [0,0,0,0,0,0], "joint_collision": [0,0,0,0,0,0,0], "cartesian_collision": [0,0,0,0,0,0], "tau_ext_hat_filtered": [0.346154,-0.876171,0.59079,-0.221473,0.29439,-1.20948,0.135145], "O_F_ext_hat_K": [0,0,0,0,0,0], "K_F_ext_hat_K": [0,0,0,0,0,0], "O_dP_EE_d": [0,0,0,0,0,0], "O_ddP_O": [0,0,-9.81], "O_T_EE_c": [0.0524093,0.00945979,-0.998571,0,0.768567,-0.638835,0.0342858,0,-0.63761,-0.769281,-0.0407522,0,-0.287762,-0.454771,1.01079,1], "O_dP_EE_c": [0,0,0,0,0,0], "O_ddP_EE_c": [0,0,0,0,0,0], "theta": [-1.53795,-0.131763,-0.480152,-1.10475,-0.419975,2.49063,-2.03233], "dtheta": [0,0,0,0,0,0,0], "current_errors": [], "last_motion_errors": [], "control_command_success_rate": 0, "robot_mode": "User stopped", "time": 3703010}