{"O_T_EE": [0.0148003,0.00391436,-0.999873,0,0.82676,-0.562448,0.0100359,0,-0.562348,-0.82682,-0.0115608,0,-0.242402,-0.477515,1.00979,1], "O_T_EE_d": [0.0148768,0.00376067,-0.999873,0,0.826659,-0.562594,0.0101836,0,-0.562495,-0.826721,-0.0114786,0,-0.242463,-0.477306,1.0099,1], "F_T_NE": [0.7071,-0.7071,0,0,0.7071,0.7071,0,0,0,0,1,0,0,0,0.1034,1], "NE_T_EE": [1,0,0,0,0,1,0,0,0,0,1,0,0,0,0,1], "F_T_EE": [0.7071,-0.7071,0,0,0.7071,0.7071,0,0,0,0,1,0,0,0,0.1034,1], "EE_T_K": [1,0,0,0,0,1,0,0,0,0,1,0,0,0,0,1], "m_ee": 0.73, "F_x_Cee": [-0.01,0,0.03], "I_ee": [0.001,0,0,0,0.0025,0,0,0,0.0017], "m_load": 0, "F_x_Cload": [0,0,0], "I_load": [0,0,0,0,0,0,0,0,0], "m_total": 0.73, "F_x_Ctotal": [-0.01,0,0.03], "I_total": [0.001,0,0,0,0.0025,0,0,0,0.0017], "elbow": [-0.379937,-1], "elbow_d": [-0.379882,-1], "elbow_c": [-0.379882,-1], "delbow_c": [0,0], "ddelbow_c": [0,0], "tau_J": [0.18763,-18.2876,1.80941,15.8408,1.00843,0.416245,0.143025], "tau_J_d": [0,0,0,0,0,0,0], "dtau_J": [9.68778,-22.7272,11.2497,7.04555,-8.05574,7.40305,64.3699], "q": [-1.5587,-0.151812,-0.379937,-1.15935,-0.426634,2.54773,-2.0408], "dq": [0.000153429,-0.000581562,-0.00078604,-0.000475271,-0.000552126,0.000183223,-0.000374194], "q_d": [-1.55886,-0.152063,-0.379882,-1.15929,-0.426653,2.54754,-2.04079], "dq_d": [0,0,0,0,0,0,0], "ddq_d": [0,0,0,0,0,0,0], "joint_contact": [0,0,0,0,0,0,0], "cartesian_contact": [0,0,0,0,0,0], "joint_collision": [0,0,0,0,0,0,0], "cartesian_collision": [0,0,0,0,0,0], "tau_ext_hat_filtered": [0.298086,-1.89846,0.648479,0.184408,0.0886543,-1.15633,0.116237], "O_F_ext_hat_K": [4.89925,5.95407,-2.32732,-3.90643,3.56779,0.330472], "K_F_ext_hat_K": [2.42289,0.678304,-7.65112,0.577173,1.27508,0.121316], "O_dP_EE_d": [0,0,0,0,0,0], "O_ddP_O": [0,0,-9.81], "O_T_EE_c": [0.0148768,0.00376067,-0.999873,0,0.826659,-0.562594,0.0101836,0,-0.562495,-0.826721,-0.0114786,0,-0.242463,-0.477306,1.0099,1], "O_dP_EE_c": [0,0,0,0,0,0], "O_ddP_EE_c": [0,0,0,0,0,0], "theta": [-1.55868,-0.153094,-0.37981,-1.15824,-0.426523,2.54778,-2.04079], "dtheta": [0,0,0,0,0,0,0], "current_errors": [], "last_motion_errors": [], "control_command_success_rate": 0, "robot_mode": "User stopped", "time": 3656097}