{"O_T_EE": [0.0297051,-0.00888069,-0.99951,0,0.720268,-0.693134,0.0275647,0,-0.693052,-0.720748,-0.0141934,0,-0.328382,-0.426444,1.01111,1], "O_T_EE_d": [0.0297729,-0.0090692,-0.999506,0,0.720421,-0.692967,0.0277474,0,-0.69289,-0.720906,-0.0140983,0,-0.328264,-0.426342,1.01121,1], "F_T_NE": [0.7071,-0.7071,0,0,0.7071,0.7071,0,0,0,0,1,0,0,0,0.1034,1], "NE_T_EE": [1,0,0,0,0,1,0,0,0,0,1,0,0,0,0,1], "F_T_EE": [0.7071,-0.7071,0,0,0.7071,0.7071,0,0,0,0,1,0,0,0,0.1034,1], "EE_T_K": [1,0,0,0,0,1,0,0,0,0,1,0,0,0,0,1], "m_ee": 0.73, "F_x_Cee": [-0.01,0,0.03], "I_ee": [0.001,0,0,0,0.0025,0,0,0,0.0017], "m_load": 0, "F_x_Cload": [0,0,0], "I_load": [0,0,0,0,0,0,0,0,0], "m_total": 0.73, "F_x_Ctotal": [-0.01,0,0.03], "I_total": [0.001,0,0,0,0.0025,0,0,0,0.0017], "elbow": [-0.568924,-1], "elbow_d": [-0.568659,-1], "elbow_c": [-0.568659,-1], "delbow_c": [0,0], "ddelbow_c": [0,0], "tau_J": [0.524849,-15.7247,2.78139,15.8408,1.24646,0.486741,0.0926712], "tau_J_d": [0,0,0,0,0,0,0], "dtau_J": [60.5848,53.0657,121.155,97.5836,-38.59,1.00494,51.0209], "q": [-1.5197,-0.153444,-0.568924,-1.13605,-0.45551,2.53461,-2.02756], "dq": [-0.000518959,-0.00107489,-0.000417787,-0.00246814,0.000286155,-0.000248911,-0.00112658], "q_d": [-1.5197,-0.153714,-0.568659,-1.13603,-0.455502,2.53447,-2.02756], "dq_d": [0,0,0,0,0,0,0], "ddq_d": [0,0,0,0,0,0,0], "joint_contact": [0,0,0,0,0,0,0], "cartesian_contact": [0,0,0,0,0,0], "joint_collision": [0,0,0,0,0,0,0], "cartesian_collision": [0,0,0,0,0,0], "tau_ext_hat_filtered": [0.498102,-1.56001,0.846038,0.254584,0.368965,-1.12609,0.0668383], "O_F_ext_hat_K": [0,0,0,0,0,0], "K_F_ext_hat_K": [0,0,0,0,0,0], "O_dP_EE_d": [0,0,0,0,0,0], "O_ddP_O": [0,0,-9.81], "O_T_EE_c": [0.0297729,-0.0090692,-0.999506,0,0.720421,-0.692967,0.0277474,0,-0.69289,-0.720906,-0.0140983,0,-0.328264,-0.426342,1.01121,1], "O_dP_EE_c": [0,0,0,0,0,0], "O_ddP_EE_c": [0,0,0,0,0,0], "theta": [-1.51966,-0.154549,-0.56873,-1.13494,-0.455372,2.53467,-2.02755], "dtheta": [0,0,0,0,0,0,0], "current_errors": [], "last_motion_errors": ["joint_reflex"], "control_command_success_rate": 0, "robot_mode": "User stopped", "time": 20631053}